0,0.0477664
0.2,0.05661
0.4,0.075422
0.6,0.0813757
0.8,0.0841475
1,0.0869814
1.2,0.0891628
1.4,0.0899272
1.6,0.0918786
1.8,0.0968504
2,0.098634
2.2,0.0993611
2.4,0.0997775
2.6,0.100318
2.8,0.100747
3,0.100654
3.2,0.100853
3.4,0.100834
3.6,0.10112
3.8,0.10038
4,0.100244
4.2,0.100237
4.4,0.101058
4.6,0.0993736
4.8,0.100262
5,0.102375
5.2,0.104575
5.4,0.109777
5.6,0.118409
5.8,0.130578
6,0.13857
6.2,0.140894
6.4,0.139235
6.6,0.140782
6.8,0.141286
7,0.140459
7.2,0.147395
7.4,0.158525
7.6,0.167145
7.8,0.170507
8,0.171931
8.2,0.171993
8.4,0.172297
8.6,0.173229
8.8,0.174584
9,0.176318
9.2,0.177642
9.4,0.17776
9.6,0.176169
9.8,0.177406
10,0.178214
10.2,0.175206
10.4,0.172838
10.6,0.171427
10.8,0.17065
11,0.170495
11.2,0.169575
11.4,0.167102
11.6,0.166971
11.8,0.164628
12,0.1641
12.2,0.162782
12.4,0.160769
12.6,0.160297
12.8,0.159389
13,0.158277
13.2,0.158712
13.4,0.159184
13.6,0.159246
13.8,0.158799
14,0.159414
14.2,0.159116
14.4,0.158923
14.6,0.15658
14.8,0.15699
15,0.157388
15.2,0.157531
15.4,0.157804
15.6,0.159047
15.8,0.158861
16,0.157251
16.2,0.159072
16.4,0.158668
16.6,0.157612
16.8,0.157923
17,0.158097
17.2,0.159103
17.4,0.158793
17.6,0.15896
17.8,0.159072
18,0.158215
18.2,0.158724
18.4,0.158606
18.6,0.158867
18.8,0.160253
19,0.160887
19.2,0.158842
19.4,0.15594
19.6,0.154256
19.8,0.155325
20,0.155138
20.2,0.15589
20.4,0.155785
20.6,0.15617
20.8,0.156033
21,0.157407
21.2,0.156506
21.4,0.155623
21.6,0.155648
21.8,0.155977
22,0.156158
22.2,0.15612
22.4,0.156406
22.6,0.157146
22.8,0.159899
23,0.161148
23.2,0.161881
23.4,0.161608
23.6,0.161645
23.8,0.162124
24,0.162503
24.2,0.162434
24.4,0.162341
24.6,0.160732
24.8,0.161216
25,0.160831
25.2,0.160626
25.4,0.160352
25.6,0.162956
25.8,0.164361
26,0.165753
26.2,0.166157
26.4,0.166766
26.6,0.167854
26.8,0.167748
27,0.168413
27.2,0.170806
27.4,0.174584
27.6,0.18014
27.8,0.183036
28,0.182595
28.2,0.18771
28.4,0.193371
28.6,0.196342
28.8,0.199487
29,0.201805
29.2,0.202414
29.4,0.201755
29.6,0.196379
29.8,0.198032
30,0.200021
30.2,0.201767
30.4,0.202227
30.6,0.201419
30.8,0.202265
31,0.202389
31.2,0.202855
31.4,0.198492
31.6,0.201059
31.8,0.2016
32,0.20219
32.2,0.20224
32.4,0.202712
32.6,0.202768
32.8,0.203632
33,0.198617
33.2,0.200382
33.4,0.211195
33.6,0.225688
33.8,0.236738
34,0.246526
34.2,0.250261
34.4,0.254245
34.6,0.255879
34.8,0.261472
35,0.265096
35.2,0.267146
35.4,0.269266
35.6,0.271963
35.8,0.27328
36,0.275642
36.2,0.279041
36.4,0.278035
36.6,0.279017
36.8,0.278352
37,0.277395
37.2,0.277382
37.4,0.275325
37.6,0.272715
37.8,0.272609
38,0.269228
38.2,0.276158
38.4,0.284243
38.6,0.291943
38.8,0.300482
39,0.306299
39.2,0.312185
39.4,0.317393
39.6,0.318443
39.8,0.322308
40,0.326497
40.2,0.331239
40.4,0.337796
40.6,0.344458
40.8,0.350629
41,0.355396
41.2,0.359062
41.4,0.366756
41.6,0.372586
41.8,0.377091
42,0.381995
42.2,0.385344
42.4,0.387016
42.6,0.387631
42.8,0.388265
43,0.38875
43.2,0.39169
43.4,0.397451
43.6,0.400757
43.8,0.402951
44,0.405909
44.2,0.408544
44.4,0.411185
44.6,0.408954
44.8,0.410775
45,0.411645
45.2,0.413267
45.4,0.415871
45.6,0.417145
45.8,0.41809
46,0.419544
46.2,0.421197
46.4,0.417804
46.6,0.419146
46.8,0.418798
47,0.417978
47.2,0.418208
47.4,0.418879
47.6,0.419383
47.8,0.418282
48,0.409588
48.2,0.410415
48.4,0.410533
48.6,0.409911
48.8,0.407823
49,0.406164
49.2,0.403665
49.4,0.403125
49.6,0.394698
49.8,0.39507
50,0.394238
50.2,0.393703
50.4,0.393107
50.6,0.392846
50.8,0.391329
51,0.389123
51.2,0.387346
51.4,0.376942
51.6,0.377825
51.8,0.378819
52,0.380031
52.2,0.380814
52.4,0.380963
52.6,0.385338
52.8,0.390509
53,0.397712
53.2,0.403802
53.4,0.409582
53.6,0.411763
53.8,0.41382
54,0.417176
54.2,0.421564
54.4,0.424932
54.6,0.425833
54.8,0.427748
55,0.4296
55.2,0.432054
55.4,0.433434
55.6,0.431787
55.8,0.431464
56,0.432949
56.2,0.434391
56.4,0.432384
56.6,0.4329
56.8,0.433515
57,0.434733
57.2,0.434391
57.4,0.434733
57.6,0.435249
57.8,0.434447
58,0.433304
58.2,0.435373
58.4,0.435939
58.6,0.435311
58.8,0.435709
59,0.434969
59.2,0.436069
59.4,0.435963
59.6,0.438101
59.8,0.44009
60,0.440923
60.2,0.439854
60.4,0.435317
60.6,0.436504
60.8,0.435646
61,0.432508
61.2,0.428183
61.4,0.427841
61.6,0.427574
61.8,0.426374
62,0.422968
62.2,0.424106
62.4,0.426293
62.6,0.429879
62.8,0.431855
63,0.432353
63.2,0.432452
63.4,0.432545
63.6,0.429326
63.8,0.430457
64,0.431358
64.2,0.432514
64.4,0.43326
64.6,0.433627
64.8,0.434764
65,0.435423
65.2,0.436554
65.4,0.435653
65.6,0.435454
65.8,0.434789
66,0.434814
66.2,0.434969
66.4,0.434435
66.6,0.432732
66.8,0.43083
67,0.426318
67.2,0.427076
67.4,0.428468
67.6,0.428108
67.8,0.427779
68,0.428108
68.2,0.428686
68.4,0.428611
68.6,0.428841
68.8,0.428953
69,0.425013
69.2,0.426561
69.4,0.427592
69.6,0.429295
69.8,0.429556
70,0.428344
70.2,0.429196
70.4,0.429637
70.6,0.429556
70.8,0.424286
71,0.424864
71.2,0.425784
71.4,0.426362
71.6,0.427431
71.8,0.427555
72,0.427735
72.2,0.427984
72.4,0.425722
72.6,0.427238
72.8,0.427835
73,0.428158
73.2,0.42909
73.4,0.42932
73.6,0.429724
73.8,0.429718
74,0.424796
74.2,0.42533
74.4,0.425877
74.6,0.425684
74.8,0.425529
75,0.425802
75.2,0.428897
75.4,0.430613
75.6,0.430072
75.8,0.429432
76,0.429562
76.2,0.429363
76.4,0.431452
76.6,0.432359
76.8,0.431694
77,0.430383
77.2,0.4328
77.4,0.429966
77.6,0.432868
77.8,0.432098
78,0.430793
78.2,0.430308
78.4,0.428611
78.6,0.426511
78.8,0.426467
79,0.41891
79.2,0.419805
79.4,0.419016
79.6,0.420271
79.8,0.42116
80,0.421427
80.2,0.421253
80.4,0.421402
80.6,0.421769
80.8,0.419861
81,0.420483
81.2,0.421042
81.4,0.422098
81.6,0.422509
81.8,0.422931
82,0.42418
82.2,0.424957
82.4,0.422968
82.6,0.425374
82.8,0.427835
83,0.428363
83.2,0.427928
83.4,0.427101
83.6,0.427126
83.8,0.426045
84,0.421446
84.2,0.422931
84.4,0.423509
84.6,0.423571
84.8,0.423913
85,0.424715
85.2,0.42538
85.4,0.424895
85.6,0.424994
85.8,0.424472
86,0.426585
86.2,0.427636
86.4,0.428649
86.6,0.430165
86.8,0.430072
87,0.42922
87.2,0.429817
87.4,0.424777
87.6,0.42326
87.8,0.423192
88,0.423136
88.2,0.423223
88.4,0.423304
88.6,0.423105
88.8,0.423186
89,0.419842
89.2,0.421589
89.4,0.422813
89.6,0.42359
89.8,0.424901
90,0.426778
90.2,0.42771
90.4,0.428388
90.6,0.42899
90.8,0.424068
91,0.423062
91.2,0.421868
91.4,0.419208
91.6,0.416847
91.8,0.414721
92,0.413721
92.2,0.411925
92.4,0.406841
92.6,0.408246
92.8,0.409234
93,0.40993
93.2,0.410582
93.4,0.411527
93.6,0.412267
93.8,0.412646
94,0.408532
94.2,0.409445
94.4,0.410725
94.6,0.411453
94.8,0.413429
95,0.414622
95.2,0.41799
95.4,0.421887
95.6,0.424895
95.8,0.425672
96,0.429755
96.2,0.433863
96.4,0.434938
96.6,0.432763
96.8,0.432496
97,0.431464
97.2,0.427536
97.4,0.420054
97.6,0.415318
97.8,0.41098
98,0.403958
98.2,0.39366
98.4,0.386966
98.6,0.378993
98.8,0.371355
99,0.362089
99.2,0.358118
99.4,0.353575
99.6,0.348783
99.8,0.344545
100,0.343327
100.2,0.33797
100.4,0.336018
100.6,0.332308
100.8,0.32669
101,0.318381
101.2,0.314994
101.4,0.310078
101.6,0.30643
101.8,0.300513
102,0.296878
102.2,0.291583
102.4,0.287152
102.6,0.284877
102.8,0.284945
103,0.283535
103.2,0.284529
103.4,0.282733
103.6,0.288519
103.8,0.29771
104,0.303124
104.2,0.307722
104.4,0.308686
104.6,0.307449
104.8,0.30904
105,0.316728
105.2,0.32738
105.4,0.330543
105.6,0.331208
105.8,0.328386
106,0.320077
106.2,0.321532
106.4,0.32692
106.6,0.333377
106.8,0.337864
107,0.348187
107.2,0.358522
107.4,0.356614
107.6,0.34649
107.8,0.342314
108,0.338448
108.2,0.340176
108.4,0.347217
108.6,0.356384
108.8,0.365519
109,0.36647
109.2,0.37128
109.4,0.369335
109.6,0.376203
109.8,0.374525
110,0.369441
110.2,0.363046
110.4,0.357776
110.6,0.359118
110.8,0.356806
111,0.350797
111.2,0.345788
111.4,0.339281
111.6,0.333961
111.8,0.334539
112,0.335608
112.2,0.339337
112.4,0.341102
112.6,0.343283
112.8,0.346813
113,0.356713
113.2,0.362717
113.4,0.36519
113.6,0.361213
113.8,0.351064
114,0.331979
114.2,0.326516
114.4,0.318865
114.6,0.307076
114.8,0.298661
115,0.284256
115.2,0.271932
115.4,0.2588
115.6,0.26095
115.8,0.258657
116,0.243555
116.2,0.225315
116.4,0.214259
116.6,0.206727
116.8,0.208144
117,0.206292
117.2,0.202551
117.4,0.199163
117.6,0.198262
117.8,0.2103
118,0.221139
118.2,0.223817
118.4,0.214203
118.6,0.205565
118.8,0.198511
119,0.192458
119.2,0.180606
119.4,0.174783
119.6,0.167127
119.8,0.167729
120,0.178761
120.2,0.187784
120.4,0.192358
120.6,0.198182
120.8,0.194005
121,0.19124
121.2,0.186256
121.4,0.191159
121.6,0.198977
121.8,0.208386
122,0.212103
122.2,0.205142
122.4,0.194241
122.6,0.186802
122.8,0.170831
123,0.154194
123.2,0.137464
123.4,0.122051
123.6,0.111337
123.8,0.122393
124,0.122374
124.2,0.127787
124.4,0.136724
124.6,0.156282
124.8,0.16203
125,0.162341
125.2,0.164634
125.4,0.170619
125.6,0.179904
125.8,0.189425
126,0.19421
126.2,0.187958
126.4,0.17707
126.6,0.194285
126.8,0.214974
127,0.220188
127.2,0.209443
127.4,0.181259
127.6,0.163789
127.8,0.157413
128,0.15269
128.2,0.146028
128.4,0.136513
128.6,0.120379
128.8,0.111244
129,0.108808
129.2,0.108024
129.4,0.0996719
129.6,0.0894486
129.8,0.0721033
130,0.058462
130.2,0.0482512
130.4,0.0381212
130.6,0.0292714
130.8,0.0198499
131,0.00998707
131.2,0.00170905
131.4,0.00146046
131.6,0.000938424
131.8,0.00118701
132,0.000963283
132.2,0.000751982
132.4,0.00119323
132.6,0.00100679
132.8,0.000751982
133,0.000751982
133.2,0.0008017
133.4,0.0145052
133.6,0.0458088
133.8,0.0791197
134,0.111175
134.2,0.141174
134.4,0.175069
134.6,0.203309
134.8,0.211947
135,0.223786
135.2,0.215291
135.4,0.195068
135.6,0.168282
135.8,0.153498
136,0.130783
136.2,0.0988018
136.4,0.0718237
136.6,0.0609106
136.8,0.0502523
137,0.043354
137.2,0.0364805
137.4,0.0299177
137.6,0.0268787
137.8,0.0273075
138,0.0224787
138.2,0.0102854
138.4,0.00507122
138.6,0.00534467
138.8,0.00559947
139,0.0049345
139.2,0.00510229
139.4,0.004052
139.6,0.00403958
139.8,0.00430059
140,0.00553733
140.2,0.0127526
140.4,0.0189425
140.6,0.0276493
140.8,0.0378601
141,0.0491958
141.2,0.061327
141.4,0.0799712
141.6,0.108982
141.8,0.134226
142,0.15205
142.2,0.166356
142.4,0.172241
142.6,0.181439
142.8,0.186871
143,0.189823
143.2,0.190972
143.4,0.192607
143.6,0.204471
143.8,0.212339
144,0.205335
144.2,0.198691
144.4,0.188369
144.6,0.170054
144.8,0.148594
145,0.128633
145.2,0.110044
145.4,0.0913317
145.6,0.071892
145.8,0.0496743
146,0.0326025
146.2,0.0190295
146.4,0.0108261
146.6,0.00927859
146.8,0.00496557
147,0.00196386
147.2,1.86442e-05
147.4,0.000652547
147.6,0.000969498
147.8,0.00114351
148,0.00114973
148.2,0.000975713
148.4,0.00106272
148.6,0.00111865
148.8,0.00120566
149,0.00157233
149.2,0.00152882
149.4,0.00134238
149.6,0.00144182
149.8,0.00139831
150,0.00135481
150.2,0.00144803
150.4,0.00119944
150.6,0.00153504
150.8,0.00147289
151,0.00453054
151.2,0.018986
151.4,0.034094
151.6,0.043267
151.8,0.0490902
152,0.0541862
152.2,0.0581885
152.4,0.0614202
152.6,0.0623462
152.8,0.0610038
153,0.0603078
153.2,0.064279
153.4,0.0664666
153.6,0.0643038
153.8,0.0501218
154,0.0418562
154.2,0.0371952
154.4,0.0321364
154.6,0.030216
154.8,0.0268228
155,0.0250267
155.2,0.0212295
155.4,0.0199493
155.6,0.0173515
155.8,0.0138589
156,0.0127651
156.2,0.00964526
156.4,0.00723395
156.6,0.00538817
156.8,0.00363562
157,0.00344296
157.2,0.0040085
157.4,0.00501529
157.6,0.00570512
157.8,0.00555597
158,0.00586671
158.2,0.00584185
158.4,0.00635146
158.6,0.0047667
158.8,0.00563676
159,0.0358031
159.2,0.0571196
159.4,0.0606185
159.6,0.0615756
159.8,0.06344
160,0.0644654
160.2,0.0653106
160.4,0.0669762
160.6,0.0656151
160.8,0.0524772
161,0.0454608
161.2,0.0282708
161.4,0.013604
161.6,0.00230567
161.8,0.00045989
162,0.00130509
162.2,0.0187685
162.4,0.0352065
162.6,0.0391093
162.8,0.0423907
163,0.0440252
163.2,0.0461692
163.4,0.047437
163.6,0.0483009
163.8,0.048593
164,0.040924
164.2,0.0261702
164.4,0.0150645
164.6,0.00999329
164.8,0.00520794
165,0.00205086
165.2,0.00497179
165.4,0.00587914
165.6,0.00682378
165.8,0.00770005
166,0.00845825
166.2,0.00914808
166.4,0.00927859
166.6,0.00990007
166.8,0.0103102
167,0.0091543
167.2,0.0172086
167.4,0.0380279
167.6,0.0538258
167.8,0.0549879
168,0.0587416
168.2,0.0622219
168.4,0.0647202
168.6,0.0666592
168.8,0.068275
169,0.0700835
169.2,0.0708977
169.4,0.0713513
169.6,0.0724265
169.8,0.0628371
170,0.0539812
170.2,0.0402342
170.4,0.0255425
170.6,0.0116899
170.8,0.00213165
171,0.00215651
171.2,0.00247968
171.4,0.00197007
171.6,0.00159097
171.8,0.00161583
172,0.00156611
172.2,0.00141074
172.4,0.00157854
172.6,0.00151018
172.8,0.00146046
173,0.00154747
173.2,0.00149154
173.4,0.00137346
173.6,0.00147289
173.8,0.00160962
174,0.00188928
174.2,0.00159719
174.4,0.00159097
174.6,0.00152261
174.8,0.00169662
175,0.0146543
175.2,0.0305392
175.4,0.0353867
175.6,0.0383573
175.8,0.0483444
176,0.071109
176.2,0.0938238
176.4,0.119926
176.6,0.135264
176.8,0.139527
177,0.143678
177.2,0.146202
177.4,0.136463
177.6,0.12816
177.8,0.119174
178,0.118036
178.2,0.121672
178.4,0.121374
178.6,0.111505
178.8,0.1102
179,0.103314
179.2,0.0930718
179.4,0.074322
179.6,0.0578902
179.8,0.043441
180,0.0367166
180.2,0.0335036
180.4,0.0344545
180.6,0.0345601
180.8,0.0346347
181,0.0356974
181.2,0.0343612
181.4,0.0360765
181.6,0.0359771
181.8,0.03942
182,0.0539314
182.2,0.0656711
182.4,0.0738248
182.6,0.0766525
182.8,0.0782186
183,0.080052
183.2,0.0844085
183.4,0.0860616
183.6,0.0873294
183.8,0.0879384
184,0.0892498
184.2,0.0905176
184.4,0.0916362
184.6,0.0916549
184.8,0.0926803
185,0.0929227
185.2,0.0930035
185.4,0.0945012
185.6,0.0942091
185.8,0.0947374
186,0.0949487
186.2,0.0957255
186.4,0.0963159
186.6,0.0957939
186.8,0.096117
187,0.0969125
187.2,0.0975961
187.4,0.0962165
187.6,0.0966764
187.8,0.0964278
188,0.097217
188.2,0.0976956
188.4,0.0975837
188.6,0.0971673
188.8,0.0969933
189,0.097447
189.2,0.0986837
189.4,0.0994978
189.6,0.100113
189.8,0.10084
190,0.100107
190.2,0.100194
190.4,0.100007
190.6,0.10038
190.8,0.0987521
191,0.100119
191.2,0.100846
191.4,0.101835
191.6,0.10217
191.8,0.102145
192,0.104072
192.2,0.105414
192.4,0.105781
192.6,0.107204
192.8,0.10754
193,0.104799
193.2,0.104289
193.4,0.10383
193.6,0.102792
193.8,0.104395
194,0.104221
194.2,0.104072
194.4,0.102792
194.6,0.101549
194.8,0.102593
195,0.103276
195.2,0.104209
195.4,0.107179
195.6,0.108248
195.8,0.107875
196,0.108969
196.2,0.112207
196.4,0.120069
196.6,0.126861
196.8,0.131622
197,0.135966
197.2,0.142864
197.4,0.146438
197.6,0.153293
197.8,0.159569
198,0.165175
198.2,0.171309
198.4,0.176561
198.6,0.180898
198.8,0.188978
199,0.189326
199.2,0.201314
199.4,0.222649
199.6,0.239814
199.8,0.256662
200,0.266954
200.2,0.274505
200.4,0.278923
200.6,0.286499
200.8,0.296561
201,0.302931
201.2,0.307716
201.4,0.313508
201.6,0.317001
201.8,0.319046
202,0.312098
202.2,0.307604
202.4,0.304808
202.6,0.306759
202.8,0.310295
203,0.30845
203.2,0.30748
203.4,0.307381
203.6,0.306442
203.8,0.313521
204,0.316728
204.2,0.328977
204.4,0.333712
204.6,0.34273
204.8,0.346229
205,0.34708
205.2,0.348858
205.4,0.350181
205.6,0.353966
205.8,0.347633
206,0.353624
206.2,0.355843
206.4,0.358764
206.6,0.360927
206.8,0.36033
207,0.35708
207.2,0.352033
207.4,0.348068
207.6,0.342786
207.8,0.341437
208,0.34135
208.2,0.341263
208.4,0.340946
208.6,0.342774
208.8,0.346888
209,0.346477
209.2,0.347304
209.4,0.350722
209.6,0.353749
209.8,0.355209
210,0.357043
210.2,0.35974
210.4,0.361492
210.6,0.363058
210.8,0.361853
211,0.362195
211.2,0.361784
211.4,0.363046
211.6,0.363102
211.8,0.364991
212,0.36859
212.2,0.368248
212.4,0.374177
212.6,0.375768
212.8,0.383157
213,0.38824
213.2,0.391366
213.4,0.396009
213.6,0.399029
213.8,0.402155
214,0.400191
214.2,0.402621
214.4,0.40351
214.6,0.4042
214.8,0.403976
215,0.405984
215.2,0.407152
215.4,0.407214
215.6,0.407593
215.8,0.404865
216,0.404915
216.2,0.404542
216.4,0.404032
216.6,0.404623
216.8,0.405132
217,0.40507
217.2,0.405741
217.4,0.403839
217.6,0.406002
217.8,0.407226
218,0.408594
218.2,0.411011
218.4,0.411403
218.6,0.410794
218.8,0.410415
219,0.399601
219.2,0.399104
219.4,0.39916
219.6,0.401273
219.8,0.400937
220,0.399806
220.2,0.399812
220.4,0.399371
220.6,0.398613
220.8,0.392522
221,0.392404
221.2,0.391683
221.4,0.390447
221.6,0.390919
221.8,0.392877
222,0.393753
222.2,0.393902
222.4,0.393044
222.6,0.394691
222.8,0.397973
223,0.394617
223.2,0.395356
223.4,0.39333
223.6,0.393417
223.8,0.395574
224,0.393548
224.2,0.394225
224.4,0.397202
224.6,0.398066
224.8,0.40141
225,0.402708
225.2,0.403373
225.4,0.403951
225.6,0.404971
225.8,0.400832
226,0.401453
226.2,0.401124
226.4,0.401521
226.6,0.402
226.8,0.402578
227,0.404051
227.2,0.405337
227.4,0.402615
227.6,0.404424
227.8,0.406207
228,0.406344
228.2,0.407015
228.4,0.407164
228.6,0.407307
228.8,0.408022
229,0.409712
229.2,0.410328
229.4,0.410986
229.6,0.410688
229.8,0.411191
230,0.41172
230.2,0.411888
230.4,0.411801
230.6,0.41144
230.8,0.409302
231,0.410278
231.2,0.408134
231.4,0.40558
231.6,0.403473
231.8,0.403585
232,0.403566
232.2,0.403094
232.4,0.402273
232.6,0.401726
232.8,0.402534
233,0.403206
233.2,0.403224
233.4,0.404094
233.6,0.403871
233.8,0.403678
234,0.400788
234.2,0.401714
234.4,0.40195
234.6,0.402155
234.8,0.40241
235,0.402497
235.2,0.402696
235.4,0.403038
235.6,0.403237
235.8,0.400477
236,0.401347
236.2,0.402454
236.4,0.405132
236.6,0.407127
236.8,0.408426
237,0.410166
237.2,0.41044
237.4,0.408177
237.6,0.407761
237.8,0.407301
238,0.404896
238.2,0.406139
238.4,0.406667
238.6,0.407568
238.8,0.408855
239,0.40993
239.2,0.410141
239.4,0.410023
239.6,0.406543
239.8,0.405828
240,0.404243
240.2,0.403255
240.4,0.404666
240.6,0.404703
240.8,0.405399
241,0.40594
241.2,0.406736
241.4,0.408569
241.6,0.408382
241.8,0.406313
242,0.406288
242.2,0.406742
242.4,0.406624
242.6,0.406201
242.8,0.405959
243,0.4031
243.2,0.404417
243.4,0.405051
243.6,0.405729
243.8,0.406126
244,0.406338
244.2,0.40668
244.4,0.406195
244.6,0.403839
244.8,0.403187
245,0.401497
245.2,0.403622
245.4,0.407313
245.6,0.410054
245.8,0.412037
246,0.412745
246.2,0.41149
246.4,0.40929
246.6,0.407463
246.8,0.407152
247,0.408134
247.2,0.409072
247.4,0.410135
247.6,0.410769
247.8,0.411434
248,0.40878
248.2,0.409557
248.4,0.410346
248.6,0.410004
248.8,0.409731
249,0.409414
249.2,0.408923
249.4,0.408395
249.6,0.406195
249.8,0.40645
250,0.40548
250.2,0.40581
250.4,0.405157
250.6,0.405058
250.8,0.403498
251,0.402149
251.2,0.399216
251.4,0.393741
251.6,0.394567
251.8,0.397034
252,0.404013
252.2,0.408463
252.4,0.412814
252.6,0.415877
252.8,0.418556
253,0.418264
253.2,0.42157
253.4,0.423658
253.6,0.424727
253.8,0.424671
254,0.42482
254.2,0.425622
254.4,0.425933
254.6,0.432663
254.8,0.434062
255,0.435255
255.2,0.435876
255.4,0.436293
255.6,0.436778
255.8,0.437163
256,0.437157
256.2,0.437262
256.4,0.433987
256.6,0.433844
256.8,0.435361
257,0.436094
257.2,0.435317
257.4,0.436019
257.6,0.435224
257.8,0.433117
258,0.433857
258.2,0.434882
258.4,0.434901
258.6,0.435858
258.8,0.434764
259,0.4361
259.2,0.434602
259.4,0.433105
259.6,0.426629
259.8,0.427058
260,0.425454
260.2,0.430339
260.4,0.430954
260.6,0.433639
260.8,0.433782
261,0.432701
261.2,0.432322
261.4,0.430917
261.6,0.431762
261.8,0.4307
262,0.430277
262.2,0.431464
262.4,0.43193
262.6,0.43088
262.8,0.429401
263,0.430625
263.2,0.431103
263.4,0.4318
263.6,0.431974
263.8,0.431377
264,0.429183
264.2,0.431296
264.4,0.432906
264.6,0.429997
264.8,0.430072
265,0.429805
265.2,0.428941
265.4,0.423888
265.6,0.422185
265.8,0.424982
266,0.428935
266.2,0.430202
266.4,0.429127
266.6,0.429742
266.8,0.429904
267,0.429823
267.2,0.429879
267.4,0.429948
267.6,0.430035
267.8,0.429817
268,0.426747
268.2,0.422583
268.4,0.419513
268.6,0.419121
268.8,0.42341
269,0.42423
269.2,0.422707
269.4,0.424429
269.6,0.424839
269.8,0.427598
270,0.427847
270.2,0.428183
270.4,0.428935
270.6,0.429363
270.8,0.428655
271,0.426498
271.2,0.42607
271.4,0.424485
271.6,0.422714
271.8,0.423062
272,0.424423
272.2,0.426902
272.4,0.428984
272.6,0.430041
272.8,0.429015
273,0.427151
273.2,0.428922
273.4,0.428816
273.6,0.429699
273.8,0.429426
274,0.430233
274.2,0.430358
274.4,0.428282
274.6,0.426542
274.8,0.428729
275,0.430246
275.2,0.431501
275.4,0.430911
275.6,0.430271
275.8,0.430929
276,0.432831
276.2,0.435292
276.4,0.435037
276.6,0.43991
276.8,0.444049
277,0.443993
277.2,0.443924
277.4,0.441886
277.6,0.44582
277.8,0.449356
278,0.456255
278.2,0.462469
278.4,0.464986
278.6,0.460785
278.8,0.456745
279,0.453601
279.2,0.450841
279.4,0.447628
279.6,0.443197
279.8,0.436989
280,0.43771
280.2,0.438449
280.4,0.440556
280.6,0.441047
280.8,0.438393
281,0.435336
281.2,0.432259
281.4,0.421216
281.6,0.413534
281.8,0.406624
282,0.40003
282.2,0.399887
282.4,0.398762
282.6,0.390229
282.8,0.377228
283,0.365234
283.2,0.362331
283.4,0.359852
283.6,0.358957
283.8,0.360181
284,0.36056
284.2,0.353177
284.4,0.34897
284.6,0.345757
284.8,0.343246
285,0.340151
285.2,0.339188
285.4,0.333911
285.6,0.330879
285.8,0.325981
286,0.320506
286.2,0.322495
286.4,0.320028
286.6,0.328417
286.8,0.331662
287,0.335627
287.2,0.331593
287.4,0.328809
287.6,0.331419
287.8,0.326621
288,0.314472
288.2,0.300128
288.4,0.286574
288.6,0.269993
288.8,0.263542
289,0.257091
289.2,0.256041
289.4,0.256302
289.6,0.260919
289.8,0.269651
290,0.272243
290.2,0.270024
290.4,0.269092
290.6,0.268302
290.8,0.270906
291,0.274573
291.2,0.275126
291.4,0.270117
291.6,0.26806
291.8,0.265798
292,0.264487
292.2,0.262218
292.4,0.258129
292.6,0.247974
292.8,0.24294
293,0.241094
293.2,0.239149
293.4,0.231101
293.6,0.23153
293.8,0.234817
294,0.243798
294.2,0.254897
294.4,0.266774
294.6,0.270391
294.8,0.265686
295,0.275462
295.2,0.287835
295.4,0.298121
295.6,0.301744
295.8,0.310395
296,0.308642
296.2,0.305
296.4,0.298276
296.6,0.308176
296.8,0.308909
297,0.309313
297.2,0.311339
297.4,0.305529
297.6,0.28374
297.8,0.267463
298,0.264182
298.2,0.269179
298.4,0.266606
298.6,0.25348
298.8,0.25023
299,0.247123
299.2,0.246203
299.4,0.243642
299.6,0.247732
299.8,0.245774
300,0.250472
300.2,0.259956
300.4,0.257514
300.6,0.251746
300.8,0.260142
301,0.27095
301.2,0.2765
301.4,0.276841
301.6,0.290259
301.8,0.293553
302,0.307163
302.2,0.308338
302.4,0.304988
302.6,0.300818
302.8,0.299954
303,0.3017
303.2,0.293627
303.4,0.285517
303.6,0.284653
303.8,0.294765
304,0.306455
304.2,0.321345
304.4,0.329555
304.6,0.335683
304.8,0.335459
305,0.335993
305.2,0.330475
305.4,0.318287
305.6,0.319711
305.8,0.325627
306,0.327933
306.2,0.322855
306.4,0.307151
306.6,0.296834
306.8,0.289047
307,0.282634
307.2,0.271397
307.4,0.264269
307.6,0.254934
307.8,0.241865
308,0.228876
308.2,0.221263
308.4,0.220685
308.6,0.228559
308.8,0.244456
309,0.247278
309.2,0.241275
309.4,0.235986
309.6,0.246656
309.8,0.25614
310,0.256612
310.2,0.250186
310.4,0.239547
310.6,0.228907
310.8,0.22048
311,0.208616
311.2,0.19362
311.4,0.179649
311.6,0.167661
311.8,0.164212
312,0.159514
312.2,0.159949
312.4,0.163864
312.6,0.169438
312.8,0.165728
313,0.152951
313.2,0.155567
313.4,0.159402
313.6,0.167518
313.8,0.173354
314,0.180693
314.2,0.19037
314.4,0.215751
314.6,0.231163
314.8,0.238652
315,0.236893
315.2,0.233786
315.4,0.231573
315.6,0.226527
315.8,0.21429
316,0.202693
316.2,0.201053
316.4,0.197392
316.6,0.185429
316.8,0.168096
317,0.15044
317.2,0.138402
317.4,0.123462
317.6,0.112953
317.8,0.103239
318,0.0853966
318.2,0.0686666
318.4,0.056436
318.6,0.03942
318.8,0.0234358
319,0.0112052
319.2,0.00812887
319.4,0.00146046
319.6,0.00111244
319.8,0.000851418
320,0.000658762
320.2,0.00057797
320.4,0.000584185
320.6,0.000571755
320.8,0.000652547
321,0.000745768
321.2,0.000789271
321.4,0.0011808
321.6,0.00126159
321.8,0.00125538
322,0.00127402
322.2,0.00165312
322.4,0.00164069
322.6,0.00178984
322.8,0.00197007
323,0.00205086
323.2,0.00220623
323.4,0.00210679
323.6,0.00231809
323.8,0.00241132
324,0.00273448
324.2,0.00270341
324.4,0.00241132
324.6,0.00263505
324.8,0.00254183
325,0.00215651
325.2,0.002026
325.4,0.00237403
325.6,0.00212544
325.8,0.00195764
326,0.00196386
326.2,0.00182092
326.4,0.00152261
326.6,0.00138589
326.8,0.00136724
327,0.00136724
327.2,0.00151018
327.4,0.00142317
327.6,0.00140453
327.8,0.020347
328,0.0346782
328.2,0.0387551
328.4,0.0534591
328.6,0.0836254
328.8,0.0960797
329,0.0970492
329.2,0.098721
329.4,0.100809
329.6,0.102263
329.8,0.0918724
330,0.0831904
330.2,0.0741604
330.4,0.0720598
330.6,0.0689214
330.8,0.0527506
331,0.0419494
331.2,0.0522348
331.4,0.0565541
331.6,0.0672931
331.8,0.0730852
332,0.0771497
332.2,0.0805678
332.4,0.0812638
332.6,0.0816678
332.8,0.0840853
333,0.0854774
333.2,0.0798531
333.4,0.0719107
333.6,0.0660067
333.8,0.058549
334,0.040433
334.2,0.0232307
334.4,0.0132933
334.6,0.00946504
334.8,0.00863226
335,0.00600343
335.2,0.006917
335.4,0.00791135
335.6,0.00802322
335.8,0.00828424
336,0.00900515
336.2,0.0100927
336.4,0.0100803
336.6,0.0160527
336.8,0.020403
337,0.0227148
337.2,0.0287493
337.4,0.0362195
337.6,0.0488602
337.8,0.067175
338,0.0882119
338.2,0.0980001
338.4,0.0998148
338.6,0.0951351
338.8,0.0881995
339,0.0834825
339.2,0.0808661
339.4,0.0734022
339.6,0.067927
339.8,0.0607428
340,0.0562433
340.2,0.0473376
340.4,0.0473749
340.6,0.0386681
340.8,0.0345353
341,0.0209623
341.2,0.0119136
341.4,0.00138589
341.6,0.000907351
341.8,0.00103786
342,0.0011373
342.2,0.00224973
342.4,0.00221244
342.6,0.00224352
342.8,0.00208194
343,0.00205086
343.2,0.00211301
343.4,0.00196386
343.6,0.00198871
343.8,0.00200114
344,0.00208815
344.2,0.00204465
344.4,0.00200736
344.6,0.00188928
344.8,0.00207572
345,0.00213165
345.2,0.00203222
345.4,0.00197007
345.6,0.00241753
345.8,0.00229324
346,0.00221866
346.2,0.00226216
346.4,0.00199493
346.6,0.00200736
346.8,0.00204465
347,0.00207572
347.2,0.00198871
347.4,0.00209436
347.6,0.001939
347.8,0.002026
348,0.00195143
348.2,0.00174012
348.4,0.00165933
348.6,0.00180227
348.8,0.00160962
349,0.00158476
349.2,0.0016034
349.4,0.0016469
349.6,0.00170284
349.8,0.00170284
350,0.00165312
350.2,0.00165933
350.4,0.00195143
350.6,0.0252442
350.8,0.04625
351,0.0529184
351.2,0.0549134
351.4,0.0558518
351.6,0.0568834
351.8,0.0578902
352,0.0587541
352.2,0.0595433
352.4,0.0603513
352.6,0.0695615
352.8,0.0869441
353,0.0973538
353.2,0.101804
353.4,0.106048
353.6,0.107229
353.8,0.107844
354,0.110057
354.2,0.111648
354.4,0.110566
354.6,0.11148
354.8,0.111194
355,0.11171
355.2,0.115028
355.4,0.130932
355.6,0.142168
355.8,0.144101
356,0.144169
356.2,0.146661
356.4,0.146587
356.6,0.147221
356.8,0.156667
357,0.173652
357.2,0.185398
357.4,0.190637
357.6,0.192321
357.8,0.193235
358,0.194366
358.2,0.195882
358.4,0.195739
358.6,0.195062
358.8,0.195913
359,0.196709
359.2,0.207982
359.4,0.218746
359.6,0.225905
359.8,0.230946
360,0.230958
360.2,0.231946
360.4,0.23414
360.6,0.235917
360.8,0.237776
361,0.240386
361.2,0.256892
361.4,0.26939
361.6,0.277432
361.8,0.279054
362,0.282957
362.2,0.290632
362.4,0.298922
362.6,0.304926
362.8,0.308462
363,0.313378
363.2,0.313925
363.4,0.312862
363.6,0.311128
363.8,0.308916
364,0.305125
364.2,0.299649
364.4,0.294678
364.6,0.285753
364.8,0.282808
365,0.279203
365.2,0.281061
365.4,0.286114
365.6,0.292353
365.8,0.299146
366,0.306908
366.2,0.315615
366.4,0.320966
366.6,0.32416
366.8,0.329114
367,0.331481
367.2,0.331904
367.4,0.331662
367.6,0.330779
367.8,0.329816
368,0.333153
368.2,0.343202
368.4,0.350741
368.6,0.356782
368.8,0.363208
369,0.367527
369.2,0.372337
369.4,0.376171
369.6,0.371591
369.8,0.373847
370,0.374854
370.2,0.378626
370.4,0.384325
370.6,0.391099
370.8,0.396767
371,0.408737
371.2,0.42075
371.4,0.425013
371.6,0.435622
371.8,0.444894
372,0.448859
372.2,0.447877
372.4,0.446044
372.6,0.445149
372.8,0.44288
373,0.436678
373.2,0.431713
373.4,0.427462
373.6,0.425485
373.8,0.42781
374,0.433024
374.2,0.439332
374.4,0.444515
374.6,0.44288
374.8,0.445975
375,0.447405
375.2,0.449257
375.4,0.45104
375.6,0.451811
375.8,0.450487
376,0.448952
376.2,0.449984
376.4,0.452097
376.6,0.454539
376.8,0.453539
377,0.452352
377.2,0.45104
377.4,0.452936
377.6,0.45403
377.8,0.454974
378,0.446957
378.2,0.450568
378.4,0.451966
378.6,0.453762
378.8,0.455813
379,0.459051
379.2,0.461344
379.4,0.461991
379.6,0.454446
379.8,0.456112
380,0.458293
380.2,0.460257
380.4,0.462674
380.6,0.463451
380.8,0.464961
381,0.467137
381.2,0.468386
381.4,0.473376
381.6,0.472854
381.8,0.473364
382,0.473761
382.2,0.473525
382.4,0.473594
134