0,0.047502
0.2,0.0563876
0.4,0.0754024
0.6,0.0808791
0.8,0.0840365
1,0.0869565
1.2,0.0885632
1.4,0.0899603
1.6,0.0916927
1.8,0.0963731
2,0.0981474
2.2,0.0987342
2.4,0.099307
2.6,0.0995585
2.8,0.100131
3,0.100467
3.2,0.100564
3.4,0.100704
3.6,0.100746
3.8,0.0993909
4,0.0995306
4.2,0.0996703
4.4,0.100914
4.6,0.0994048
4.8,0.0997122
5,0.101724
5.2,0.104281
5.4,0.109199
5.6,0.117679
5.8,0.129946
6,0.137909
6.2,0.14027
6.4,0.138985
6.6,0.140089
6.8,0.140229
7,0.139754
7.2,0.146641
7.4,0.157888
7.6,0.166941
7.8,0.170169
8,0.171286
8.2,0.171873
8.4,0.171468
8.6,0.172781
8.8,0.174416
9,0.175618
9.2,0.177098
9.4,0.177699
9.6,0.175981
9.8,0.176917
10,0.177587
10.2,0.174975
10.4,0.172083
10.6,0.170923
10.8,0.170839
11,0.170532
11.2,0.169177
11.4,0.166494
11.6,0.165922
11.8,0.164552
12,0.163672
12.2,0.161996
12.4,0.16004
12.6,0.159816
12.8,0.159411
13,0.157776
13.2,0.15793
13.4,0.158894
13.6,0.159816
13.8,0.158964
14,0.159648
14.2,0.159034
14.4,0.158838
14.6,0.155806
14.8,0.156603
15,0.156966
15.2,0.15705
15.4,0.15772
15.6,0.158852
15.8,0.158531
16,0.156617
16.2,0.158587
16.4,0.158056
16.6,0.157204
16.8,0.157301
17,0.157315
17.2,0.158405
17.4,0.158237
17.6,0.158657
17.8,0.158852
18,0.158014
18.2,0.158698
18.4,0.158335
18.6,0.158698
18.8,0.160068
19,0.160682
19.2,0.158601
19.4,0.155555
19.6,0.153878
19.8,0.15501
20,0.154898
20.2,0.155541
20.4,0.155611
20.6,0.156365
20.8,0.156407
21,0.15779
21.2,0.156715
21.4,0.155387
21.6,0.155234
21.8,0.155946
22,0.155429
22.2,0.155415
22.4,0.155625
22.6,0.156309
22.8,0.159397
23,0.161074
23.2,0.161367
23.4,0.160696
23.6,0.160808
23.8,0.161157
24,0.161828
24.2,0.161772
24.4,0.16194
24.6,0.160263
24.8,0.160529
25,0.160249
25.2,0.160179
25.4,0.160096
25.6,0.16289
25.8,0.164413
26,0.165447
26.2,0.166117
26.4,0.166438
26.6,0.167458
26.8,0.167375
27,0.167836
27.2,0.170057
27.4,0.174039
27.6,0.179096
27.8,0.181653
28,0.181988
28.2,0.187242
28.4,0.193431
28.6,0.195526
28.8,0.197916
29,0.200919
29.2,0.201618
29.4,0.200654
29.6,0.196365
29.8,0.197636
30,0.199047
30.2,0.201031
30.4,0.201157
30.6,0.201157
30.8,0.201827
31,0.201157
31.2,0.201758
31.4,0.197175
31.6,0.19955
31.8,0.20036
32,0.20166
32.2,0.201855
32.4,0.20233
32.6,0.20254
32.8,0.203197
33,0.19786
33.2,0.199131
33.4,0.210671
33.6,0.224656
33.8,0.235246
34,0.245236
34.2,0.248603
34.4,0.253046
34.6,0.254597
34.8,0.260339
35,0.264404
35.2,0.266402
35.4,0.268023
35.6,0.271069
35.8,0.272452
36,0.274673
36.2,0.278683
36.4,0.276266
36.6,0.2773
36.8,0.277439
37,0.275958
37.2,0.276014
37.4,0.273639
37.6,0.27118
37.8,0.272144
38,0.268847
38.2,0.275539
38.4,0.283279
38.6,0.291452
38.8,0.300198
39,0.305396
39.2,0.311641
39.4,0.316726
39.6,0.317145
39.8,0.321015
40,0.325333
40.2,0.330683
40.4,0.337054
40.6,0.34295
40.8,0.350159
41,0.354868
41.2,0.359115
41.4,0.365989
41.6,0.372234
41.8,0.376635
42,0.38186
42.2,0.384794
42.4,0.385898
42.6,0.386512
42.8,0.387392
43,0.388287
43.2,0.391444
43.4,0.396516
43.6,0.400008
43.8,0.401322
44,0.404507
44.2,0.407301
44.4,0.410277
44.6,0.407329
44.8,0.409537
45,0.411311
45.2,0.412247
45.4,0.414706
45.6,0.416313
45.8,0.416941
46,0.418674
46.2,0.419959
46.4,0.416816
46.6,0.417389
46.8,0.417458
47,0.416941
47.2,0.416844
47.4,0.417458
47.6,0.418031
47.8,0.416927
48,0.408265
48.2,0.409173
48.4,0.409341
48.6,0.409201
48.8,0.406715
49,0.404521
49.2,0.402453
49.4,0.401867
49.6,0.393582
49.8,0.393903
50,0.393428
50.2,0.393149
50.4,0.392911
50.6,0.392268
50.8,0.390424
51,0.38837
51.2,0.386722
51.4,0.37581
51.6,0.376202
51.8,0.377892
52,0.378856
52.2,0.379499
52.4,0.379485
52.6,0.38464
52.8,0.389544
53,0.395677
53.2,0.402397
53.4,0.408698
53.6,0.410543
53.8,0.41275
54,0.416466
54.2,0.420295
54.4,0.423927
54.6,0.424723
54.8,0.426665
55,0.428076
55.2,0.4302
55.4,0.431332
55.6,0.429571
55.8,0.429376
56,0.430927
56.2,0.432142
56.4,0.430703
56.6,0.431164
56.8,0.431835
57,0.433246
57.2,0.433497
57.4,0.434084
57.6,0.434657
57.8,0.433958
58,0.43143
58.2,0.433763
58.4,0.43428
58.6,0.43407
58.8,0.434154
59,0.43326
59.2,0.434322
59.4,0.434657
59.6,0.436096
59.8,0.437926
60,0.438359
60.2,0.437409
60.4,0.433972
60.6,0.43495
60.8,0.434112
61,0.430703
61.2,0.426442
61.4,0.426693
61.6,0.426805
61.8,0.425464
62,0.421734
62.2,0.423075
62.4,0.42524
62.6,0.429082
62.8,0.431402
63,0.431863
63.2,0.431835
63.4,0.43129
63.6,0.427825
63.8,0.428733
64,0.429781
64.2,0.431262
64.4,0.431765
64.6,0.432058
64.8,0.433497
65,0.433888
65.2,0.435202
65.4,0.434489
65.6,0.434531
65.8,0.434126
66,0.434391
66.2,0.434531
66.4,0.434336
66.6,0.432505
66.8,0.429711
67,0.425659
67.2,0.426554
67.4,0.427462
67.6,0.427224
67.8,0.427015
68,0.427071
68.2,0.427252
68.4,0.426819
68.6,0.427266
68.8,0.427811
69,0.42355
69.2,0.425156
69.4,0.42559
69.6,0.427601
69.8,0.428146
70,0.426484
70.2,0.427266
70.4,0.427797
70.6,0.42756
70.8,0.422879
71,0.423536
71.2,0.424039
71.4,0.4245
71.6,0.425659
71.8,0.425953
72,0.42654
72.2,0.427168
72.4,0.424472
72.6,0.426246
72.8,0.426526
73,0.426735
73.2,0.427979
73.4,0.428342
73.6,0.428831
73.8,0.429208
74,0.423871
74.2,0.424262
74.4,0.424681
74.6,0.424654
74.8,0.424248
75,0.424276
75.2,0.427601
75.4,0.42946
75.6,0.429585
75.8,0.427881
76,0.428132
76.2,0.427811
76.4,0.429851
76.6,0.430885
76.8,0.429851
77,0.428803
77.2,0.431094
77.4,0.428468
77.6,0.431024
77.8,0.42999
78,0.429264
78.2,0.42911
78.4,0.427629
78.6,0.42559
78.8,0.425408
79,0.417905
79.2,0.418534
79.4,0.418031
79.6,0.419596
79.8,0.420546
80,0.421245
80.2,0.420797
80.4,0.420756
80.6,0.421189
80.8,0.418492
81,0.419149
81.2,0.420085
81.4,0.420797
81.6,0.42151
81.8,0.421496
82,0.422865
82.2,0.423396
82.4,0.42172
82.6,0.42436
82.8,0.426554
83,0.426959
83.2,0.426637
83.4,0.425701
83.6,0.425841
83.8,0.424849
84,0.420378
84.2,0.421706
84.4,0.422991
84.6,0.423242
84.8,0.423354
85,0.423466
85.2,0.424081
85.4,0.423396
85.6,0.423759
85.8,0.422111
86,0.4245
86.2,0.425394
86.4,0.426693
86.6,0.428859
86.8,0.428468
87,0.427462
87.2,0.428049
87.4,0.423382
87.6,0.42172
87.8,0.421636
88,0.421482
88.2,0.421468
88.4,0.421412
88.6,0.421328
88.8,0.421789
89,0.419121
89.2,0.420308
89.4,0.420993
89.6,0.42225
89.8,0.423955
90,0.425254
90.2,0.425939
90.4,0.427001
90.6,0.42714
90.8,0.423019
91,0.422404
91.2,0.421021
91.4,0.418213
91.6,0.415251
91.8,0.413379
92,0.412331
92.2,0.410738
92.4,0.405625
92.6,0.407343
92.8,0.408321
93,0.40902
93.2,0.409551
93.4,0.411129
93.6,0.411381
93.8,0.411716
94,0.406295
94.2,0.407734
94.4,0.409187
94.6,0.41004
94.8,0.411954
95,0.41296
95.2,0.417011
95.4,0.420686
95.6,0.4245
95.8,0.424695
96,0.429152
96.2,0.432813
96.4,0.433525
96.6,0.431988
96.8,0.431946
97,0.430242
97.2,0.427015
97.4,0.418758
97.6,0.413952
97.8,0.410654
98,0.40237
98.2,0.392674
98.4,0.386512
98.6,0.377766
98.8,0.370124
99,0.360917
99.2,0.35667
99.4,0.35259
99.6,0.34777
99.8,0.342531
100,0.342321
100.2,0.337166
100.4,0.334553
100.6,0.33046
100.8,0.325235
101,0.319241
101.2,0.313275
101.4,0.308567
101.6,0.305424
101.8,0.299458
102,0.295923
102.2,0.290307
102.4,0.28694
102.6,0.284048
102.8,0.283964
103,0.282888
103.2,0.283964
103.4,0.282525
103.6,0.288518
103.8,0.296999
104,0.302629
104.2,0.306527
104.4,0.307645
104.6,0.306737
104.8,0.307449
105,0.316167
105.2,0.326115
105.4,0.328686
105.6,0.329426
105.8,0.327526
106,0.31885
106.2,0.321588
106.4,0.325388
106.6,0.331117
106.8,0.337362
107,0.345758
107.2,0.356991
107.4,0.355091
107.6,0.346373
107.8,0.341288
108,0.336929
108.2,0.339625
108.4,0.345535
108.6,0.355804
108.8,0.365933
109,0.366729
109.2,0.369663
109.4,0.368559
109.6,0.375685
109.8,0.373463
110,0.367945
110.2,0.361336
110.4,0.356348
110.6,0.35864
110.8,0.355762
111,0.34988
111.2,0.344892
111.4,0.338144
111.6,0.33338
111.8,0.333366
112,0.335713
112.2,0.33894
112.4,0.339374
112.6,0.343188
112.8,0.345493
113,0.355357
113.2,0.361685
113.4,0.364019
113.6,0.360386
113.8,0.351137
114,0.332514
114.2,0.325095
114.4,0.317355
114.6,0.305899
114.8,0.29753
115,0.284076
115.2,0.270999
115.4,0.257796
115.6,0.259179
115.8,0.257335
116,0.242665
116.2,0.225229
116.4,0.213256
116.6,0.205725
116.8,0.208087
117,0.205404
117.2,0.20159
117.4,0.198935
117.6,0.198516
117.8,0.209651
118,0.221401
118.2,0.222966
118.4,0.214625
118.6,0.20532
118.8,0.197217
119,0.190958
119.2,0.180046
119.4,0.174891
119.6,0.165796
119.8,0.1675
120,0.179096
120.2,0.187717
120.4,0.191768
120.6,0.197427
120.8,0.193109
121,0.191209
121.2,0.186054
121.4,0.191936
121.6,0.198418
121.8,0.208645
122,0.212515
122.2,0.204244
122.4,0.193389
122.6,0.186515
122.8,0.170518
123,0.154074
123.2,0.13668
123.4,0.121843
123.6,0.110959
123.8,0.122583
124,0.122024
124.2,0.127585
124.4,0.13566
124.6,0.15603
124.8,0.160822
125,0.16173
125.2,0.163616
125.4,0.169736
125.6,0.179292
125.8,0.188527
126,0.194311
126.2,0.187591
126.4,0.177168
126.6,0.194115
126.8,0.215086
127,0.219655
127.2,0.207989
127.4,0.179949
127.6,0.162792
127.8,0.157273
128,0.152216
128.2,0.145761
128.4,0.135548
128.6,0.120222
128.8,0.11142
129,0.108793
129.2,0.107578
129.4,0.0996144
129.6,0.0886051
129.8,0.0718397
130,0.0583855
130.2,0.0479211
130.4,0.0380435
130.6,0.0289203
130.8,0.0196015
131,0.00998938
131.2,0.00160668
131.4,0.00146697
131.6,0.000922097
131.8,0.00122946
132,0.00096401
132.2,0.000782385
132.4,0.00106181
132.6,0.000880183
132.8,0.000684587
133,0.000698558
133.2,0.000740472
133.4,0.014516
133.6,0.0459232
133.8,0.0788672
134,0.110526
134.2,0.140466
134.4,0.174109
134.6,0.203504
134.8,0.211258
135,0.223427
135.2,0.215198
135.4,0.193948
135.6,0.167333
135.8,0.152453
136,0.129778
136.2,0.0978121
136.4,0.0713368
136.6,0.0607326
136.8,0.0498072
137,0.0435341
137.2,0.0364787
137.4,0.0298424
137.6,0.0268246
137.8,0.0273835
138,0.0224237
138.2,0.010185
138.4,0.00507153
138.6,0.00536493
138.8,0.00557449
139,0.00498771
139.2,0.00515536
139.4,0.00407958
139.6,0.00409355
139.8,0.00434503
140,0.00550464
140.2,0.0128954
140.4,0.018875
140.6,0.0275232
140.8,0.0378758
141,0.0492064
141.2,0.0612216
141.4,0.079929
141.6,0.108961
141.8,0.134165
142,0.151517
142.2,0.165796
142.4,0.172488
142.6,0.181094
142.8,0.18706
143,0.18977
143.2,0.190972
143.4,0.192048
143.6,0.203951
143.8,0.212599
144,0.204761
144.2,0.199005
144.4,0.188471
144.6,0.169512
144.8,0.147829
145,0.128674
145.2,0.110163
145.4,0.0912457
145.6,0.0716022
145.8,0.0495557
146,0.0324969
146.2,0.018903
146.4,0.0106041
146.6,0.00955628
146.8,0.00501565
147,0.00199788
147.2,0
147.4,0.000586789
147.6,0.00101989
147.8,0.00113166
148,0.00107578
148.2,0.000880183
148.4,0.00100592
148.6,0.00113166
148.8,0.00115961
149,0.0015508
149.2,0.00146697
149.4,0.00138315
149.6,0.00141109
149.8,0.00132726
150,0.00129932
150.2,0.00148094
150.4,0.00110372
150.6,0.00148094
150.8,0.00131329
151,0.00449871
151.2,0.0188611
151.4,0.0335029
151.6,0.0428496
151.8,0.0483402
152,0.0536074
152.2,0.0575612
152.4,0.0608444
152.6,0.0619621
152.8,0.0609003
153,0.0598664
153.2,0.0642534
153.4,0.0661115
153.6,0.0642394
153.8,0.049905
154,0.0418716
154.2,0.0367442
154.4,0.0318962
154.6,0.0301079
154.8,0.0267129
155,0.0247709
155.2,0.0214737
155.4,0.0199369
155.6,0.0173242
155.8,0.0139293
156,0.0126858
156.2,0.00965407
156.4,0.00706941
156.6,0.0052811
156.8,0.00357662
157,0.00325528
157.2,0.00398178
157.4,0.00515536
157.6,0.00564435
157.8,0.00560244
158,0.00597966
158.2,0.00583995
158.4,0.00635688
158.6,0.0046524
158.8,0.00577009
159,0.0357801
159.2,0.056667
159.4,0.0603834
159.6,0.0614591
159.8,0.0632055
160,0.0650078
160.2,0.0651615
160.4,0.0667822
160.6,0.0655248
160.8,0.0524058
161,0.0455879
161.2,0.0282916
161.4,0.013552
161.6,0.00236113
161.8,0.000433106
162,0.00128535
162.2,0.0187493
162.4,0.0350397
162.6,0.0389656
162.8,0.0420951
163,0.0438555
163.2,0.046035
163.4,0.0468453
163.6,0.0483961
163.8,0.0482983
164,0.0408098
164.2,0.0260003
164.4,0.0149352
164.6,0.00958422
164.8,0.00501565
165,0.00199788
165.2,0.00476417
165.4,0.00578406
165.6,0.00665027
165.8,0.00760031
166,0.00832681
166.2,0.00884375
166.4,0.00940259
166.6,0.00958422
166.8,0.0101291
167,0.00888566
167.2,0.0171007
167.4,0.0380574
167.6,0.0538868
167.8,0.0552001
168,0.0588605
168.2,0.0619202
168.4,0.0647703
168.6,0.0670616
168.8,0.0681094
169,0.0704426
169.2,0.0711412
169.4,0.0710993
169.6,0.0725802
169.8,0.0625629
170,0.0536912
170.2,0.0399436
170.4,0.0254135
170.6,0.0117777
170.8,0.00213759
171,0.00213759
171.2,0.00233318
171.4,0.00190008
171.6,0.00153683
171.8,0.00146697
172,0.00141109
172.2,0.00128535
172.4,0.00143903
172.6,0.00143903
172.8,0.00146697
173,0.00148094
173.2,0.00146697
173.4,0.00136917
173.6,0.00139712
173.8,0.00160668
174,0.00183022
174.2,0.00159271
174.4,0.00149491
174.6,0.00148094
174.8,0.0016486
175,0.0146837
175.2,0.0306946
175.4,0.0352492
175.6,0.0379317
175.8,0.0484101
176,0.0707779
176.2,0.0937465
176.4,0.11937
176.6,0.135311
176.8,0.139209
177,0.143135
177.2,0.146166
177.4,0.136834
177.6,0.128521
177.8,0.118685
178,0.117917
178.2,0.12099
178.4,0.120473
178.6,0.111392
178.8,0.109799
179,0.10354
179.2,0.0927546
179.4,0.074117
179.6,0.0574215
179.8,0.0435761
180,0.0365067
180.2,0.0333212
180.4,0.0340477
180.6,0.0345507
180.8,0.0345647
181,0.0356265
181.2,0.0343132
181.4,0.0355566
181.6,0.0355985
181.8,0.0390354
182,0.0536632
182.2,0.0650637
182.4,0.073181
182.6,0.0761149
182.8,0.0775819
183,0.0797893
183.2,0.0840226
183.4,0.0855315
183.6,0.0868867
183.8,0.0875014
184,0.089136
184.2,0.0900721
184.4,0.0920281
184.6,0.0919722
184.8,0.092545
185,0.0924472
185.2,0.0928943
185.4,0.0943612
185.6,0.0943054
185.8,0.0943054
186,0.0946826
186.2,0.0958282
186.4,0.0960797
186.6,0.0956885
186.8,0.0956326
187,0.0965687
187.2,0.0966246
187.4,0.0962054
187.6,0.096429
187.8,0.09594
188,0.0970996
188.2,0.0974768
188.4,0.0971834
188.6,0.0968341
188.8,0.0967224
189,0.0971555
189.2,0.0980496
189.4,0.0990136
189.6,0.0999078
189.8,0.100453
190,0.100075
190.2,0.0997681
190.4,0.099824
190.6,0.09981
190.8,0.0977981
191,0.0991813
191.2,0.0999078
191.4,0.100536
191.6,0.10164
191.8,0.10164
192,0.103359
192.2,0.104742
192.4,0.104714
192.6,0.107257
192.8,0.107313
193,0.104476
193.2,0.103596
193.4,0.103303
193.6,0.102395
193.8,0.103792
194,0.10347
194.2,0.103722
194.4,0.102045
194.6,0.100704
194.8,0.102227
195,0.102912
195.2,0.10382
195.4,0.10674
195.6,0.107788
195.8,0.107089
196,0.108444
196.2,0.111853
196.4,0.119509
196.6,0.126062
196.8,0.130533
197,0.135283
197.2,0.142492
197.4,0.146753
197.6,0.152663
197.8,0.159593
198,0.16479
198.2,0.170797
198.4,0.176554
198.6,0.180955
198.8,0.189561
199,0.189561
199.2,0.202498
199.4,0.222533
199.6,0.240234
199.8,0.257698
200,0.266975
200.2,0.274757
200.4,0.278082
200.6,0.28585
200.8,0.295756
201,0.302434
201.2,0.306346
201.4,0.311962
201.6,0.315986
201.8,0.317634
202,0.311836
202.2,0.306066
202.4,0.303454
202.6,0.305815
202.8,0.308344
203,0.307226
203.2,0.306164
203.4,0.306388
203.6,0.306332
203.8,0.312912
204,0.315315
204.2,0.327135
204.4,0.332122
204.6,0.340561
204.8,0.344361
205,0.344752
205.2,0.347491
205.4,0.348553
205.6,0.353177
205.8,0.347365
206,0.353498
206.2,0.355007
206.4,0.358011
206.6,0.359618
206.8,0.359506
207,0.357047
207.2,0.350718
207.4,0.346988
207.6,0.342363
207.8,0.341497
208,0.341343
208.2,0.340924
208.4,0.341637
208.6,0.343509
208.8,0.34689
209,0.344892
209.2,0.346331
209.4,0.349503
209.6,0.352981
209.8,0.354323
210,0.356041
210.2,0.358668
210.4,0.360135
210.6,0.361476
210.8,0.361196
211,0.361294
211.2,0.360749
211.4,0.361881
211.6,0.361504
211.8,0.362747
212,0.366729
212.2,0.366366
212.4,0.372345
212.6,0.373882
212.8,0.381399
213,0.386219
213.2,0.389474
213.4,0.393931
213.6,0.396599
213.8,0.400441
214,0.398793
214.2,0.401126
214.4,0.40128
214.6,0.401685
214.8,0.40202
215,0.404256
215.2,0.405555
215.4,0.406281
215.6,0.406477
215.8,0.40311
216,0.403655
216.2,0.403375
216.4,0.40304
216.6,0.402998
216.8,0.403375
217,0.40325
217.2,0.404339
217.4,0.401755
217.6,0.40392
217.8,0.405876
218,0.407036
218.2,0.409579
218.4,0.409844
218.6,0.409327
218.8,0.408894
219,0.397857
219.2,0.397452
219.4,0.397074
219.6,0.398681
219.8,0.398597
220,0.397354
220.2,0.397522
220.4,0.397242
220.6,0.39632
220.8,0.389907
221,0.390047
221.2,0.38939
221.4,0.388845
221.6,0.388748
221.8,0.390368
222,0.391528
222.2,0.392087
222.4,0.390704
222.6,0.392813
222.8,0.395887
223,0.392506
223.2,0.393051
223.4,0.391598
223.6,0.39171
223.8,0.394001
224,0.39171
224.2,0.392632
224.4,0.39551
224.6,0.396488
224.8,0.399715
225,0.400553
225.2,0.401042
225.4,0.401811
225.6,0.402523
225.8,0.39808
226,0.399659
226.2,0.399254
226.4,0.400246
226.6,0.400595
226.8,0.401112
227,0.402467
227.2,0.403501
227.4,0.400358
227.6,0.401671
227.8,0.403725
228,0.404186
228.2,0.404647
228.4,0.404898
228.6,0.405248
228.8,0.405988
229,0.408223
229.2,0.409048
229.4,0.409914
229.6,0.409397
229.8,0.410012
230,0.410822
230.2,0.41092
230.4,0.41106
230.6,0.410557
230.8,0.407343
231,0.408531
231.2,0.406756
231.4,0.404298
231.6,0.402411
231.8,0.40223
232,0.402006
232.2,0.401601
232.4,0.400511
232.6,0.399952
232.8,0.400889
233,0.401699
233.2,0.401964
233.4,0.402593
233.6,0.403012
233.8,0.402859
234,0.399575
234.2,0.400428
234.4,0.400679
234.6,0.400567
234.8,0.400972
235,0.401224
235.2,0.401392
235.4,0.401392
235.6,0.401266
235.8,0.399505
236,0.400302
236.2,0.401936
236.4,0.403976
236.6,0.405946
236.8,0.406938
237,0.408838
237.2,0.409118
237.4,0.406351
237.6,0.405904
237.8,0.406002
238,0.403711
238.2,0.405038
238.4,0.405569
238.6,0.40624
238.8,0.407371
239,0.408824
239.2,0.408531
239.4,0.408573
239.6,0.405471
239.8,0.405024
240,0.403124
240.2,0.40237
240.4,0.403431
240.6,0.403976
240.8,0.404549
241,0.405052
241.2,0.405597
241.4,0.406477
241.6,0.40677
241.8,0.404675
242,0.404312
242.2,0.404381
242.4,0.404493
242.6,0.404018
242.8,0.40427
243,0.401587
243.2,0.403096
243.4,0.403375
243.6,0.404773
243.8,0.404773
244,0.404703
244.2,0.405345
244.4,0.404325
244.6,0.402817
244.8,0.401475
245,0.399813
245.2,0.401894
245.4,0.405359
245.6,0.408056
245.8,0.409635
246,0.410417
246.2,0.409397
246.4,0.407301
246.6,0.405555
246.8,0.40522
247,0.405834
247.2,0.407427
247.4,0.408209
247.6,0.408922
247.8,0.409243
248,0.407986
248.2,0.408154
248.4,0.408671
248.6,0.408712
248.8,0.408321
249,0.407581
249.2,0.407148
249.4,0.406226
249.6,0.404898
249.8,0.404367
250,0.403264
250.2,0.403278
250.4,0.402579
250.6,0.402551
250.8,0.400791
251,0.399869
251.2,0.396725
251.4,0.391332
251.6,0.39252
251.8,0.394588
252,0.401601
252.2,0.406407
252.4,0.410501
252.6,0.413924
252.8,0.416592
253,0.415474
253.2,0.419093
253.4,0.421035
253.6,0.422083
253.8,0.422502
254,0.422237
254.2,0.423061
254.4,0.423214
254.6,0.430256
254.8,0.431765
255,0.432841
255.2,0.433497
255.4,0.433777
255.6,0.434559
255.8,0.435104
256,0.435062
256.2,0.435258
256.4,0.432114
256.6,0.432575
256.8,0.433958
257,0.434461
257.2,0.433958
257.4,0.434391
257.6,0.433302
257.8,0.43122
258,0.432282
258.2,0.433888
258.4,0.433888
258.6,0.434671
258.8,0.433819
259,0.434964
259.2,0.433302
259.4,0.431835
259.6,0.424318
259.8,0.424989
260,0.422376
260.2,0.428384
260.4,0.429474
260.6,0.432142
260.8,0.432142
261,0.430354
261.2,0.430619
261.4,0.429334
261.6,0.430717
261.8,0.429823
262,0.428999
262.2,0.43013
262.4,0.431192
262.6,0.429739
262.8,0.428859
263,0.428929
263.2,0.429613
263.4,0.430466
263.6,0.43129
263.8,0.430927
264,0.428118
264.2,0.429963
264.4,0.431444
264.6,0.427532
264.8,0.427699
265,0.428272
265.2,0.427336
265.4,0.422656
265.6,0.421063
265.8,0.424304
266,0.428104
266.2,0.429348
266.4,0.427532
266.6,0.427951
266.8,0.428454
267,0.428342
267.2,0.428328
267.4,0.428831
267.6,0.428943
267.8,0.428859
268,0.425156
268.2,0.421272
268.4,0.418842
268.6,0.418115
268.8,0.422516
269,0.423256
269.2,0.421622
269.4,0.423508
269.6,0.423885
269.8,0.426582
270,0.427196
270.2,0.427532
270.4,0.428104
270.6,0.428398
270.8,0.427867
271,0.425645
271.2,0.425101
271.4,0.422223
271.6,0.42049
271.8,0.420714
272,0.422404
272.2,0.425338
272.4,0.427029
272.6,0.428272
272.8,0.427476
273,0.425184
273.2,0.426568
273.4,0.426875
273.6,0.428062
273.8,0.427755
274,0.428328
274.2,0.428384
274.4,0.426596
274.6,0.424514
274.8,0.426302
275,0.427909
275.2,0.429096
275.4,0.428677
275.6,0.428426
275.8,0.429068
276,0.431416
276.2,0.433847
276.4,0.433749
276.6,0.438639
276.8,0.44297
277,0.442411
277.2,0.442117
277.4,0.4397
277.6,0.444032
277.8,0.447049
278,0.453783
278.2,0.460266
278.4,0.463647
278.6,0.458142
278.8,0.453001
279,0.450654
279.2,0.448377
279.4,0.445946
279.6,0.440748
279.8,0.434377
280,0.436431
280.2,0.436459
280.4,0.43875
280.6,0.439421
280.8,0.437256
281,0.433497
281.2,0.430731
281.4,0.419819
281.6,0.411604
281.8,0.405639
282,0.399994
282.2,0.398625
282.4,0.398192
282.6,0.389404
282.8,0.375922
283,0.364745
283.2,0.361238
283.4,0.359171
283.6,0.357969
283.8,0.358919
284,0.358891
284.2,0.350285
284.4,0.347128
284.6,0.344697
284.8,0.34186
285,0.338004
285.2,0.337515
285.4,0.332779
285.6,0.33025
285.8,0.324103
286,0.31966
286.2,0.321351
286.4,0.319032
286.6,0.328141
286.8,0.330753
287,0.334274
287.2,0.32965
287.4,0.326813
287.6,0.3312
287.8,0.324271
288,0.313387
288.2,0.29922
288.4,0.285599
288.6,0.268875
288.8,0.263105
289,0.255155
289.2,0.255435
289.4,0.255616
289.6,0.258271
289.8,0.267436
290,0.271418
290.2,0.268679
290.4,0.269099
290.6,0.267129
290.8,0.270105
291,0.274464
291.2,0.274897
291.4,0.269909
291.6,0.266807
291.8,0.264125
292,0.263063
292.2,0.261191
292.4,0.257377
292.6,0.24729
292.8,0.240528
293,0.239396
293.2,0.237943
293.4,0.229937
293.6,0.230259
293.8,0.234143
294,0.243657
294.2,0.253716
294.4,0.265983
294.6,0.26949
294.8,0.2646
295,0.275316
295.2,0.287722
295.4,0.29739
295.6,0.300506
295.8,0.310188
296,0.307883
296.2,0.303845
296.4,0.297348
296.6,0.307701
296.8,0.30826
297,0.30893
297.2,0.31097
297.4,0.305605
297.6,0.283726
297.8,0.265955
298,0.264209
298.2,0.268498
298.4,0.265885
298.6,0.253255
298.8,0.248715
299,0.246982
299.2,0.245487
299.4,0.242931
299.6,0.246018
299.8,0.245962
300,0.249776
300.2,0.260506
300.4,0.257475
300.6,0.251621
300.8,0.259458
301,0.271194
301.2,0.275386
301.4,0.276727
301.6,0.288057
301.8,0.293199
302,0.306807
302.2,0.308595
302.4,0.304418
302.6,0.299891
302.8,0.299332
303,0.301009
303.2,0.293436
303.4,0.285515
303.6,0.284397
303.8,0.294414
304,0.305815
304.2,0.319926
304.4,0.328532
304.6,0.334833
304.8,0.334372
305,0.335685
305.2,0.329845
305.4,0.318696
305.6,0.31959
305.8,0.325388
306,0.328225
306.2,0.321993
306.4,0.306723
306.6,0.295784
306.8,0.288309
307,0.281603
307.2,0.270859
307.4,0.263342
307.6,0.253633
307.8,0.241366
308,0.227898
308.2,0.221471
308.4,0.220744
308.6,0.227884
308.8,0.243308
309,0.246968
309.2,0.240849
309.4,0.235484
309.6,0.245376
309.8,0.254848
310,0.255714
310.2,0.249525
310.4,0.238404
310.6,0.228498
310.8,0.220032
311,0.208142
311.2,0.192187
311.4,0.178929
311.6,0.167207
311.8,0.163113
312,0.159187
312.2,0.158573
312.4,0.162485
312.6,0.169456
312.8,0.165139
313,0.153124
313.2,0.154493
313.4,0.159006
313.6,0.167193
313.8,0.17239
314,0.180801
314.2,0.190008
314.4,0.214988
314.6,0.229532
314.8,0.237035
315,0.235917
315.2,0.232508
315.4,0.231572
315.6,0.225816
315.8,0.214024
316,0.202302
316.2,0.20036
316.4,0.197259
316.6,0.184266
316.8,0.167878
317,0.149743
317.2,0.138412
317.4,0.123309
317.6,0.112091
317.8,0.102688
318,0.0854756
318.2,0.068794
318.4,0.0565134
318.6,0.0393987
318.8,0.0236951
319,0.0113586
319.2,0.00815916
319.4,0.00134123
319.6,0.00107578
319.8,0.00083827
320,0.000670616
320.2,0.000572818
320.4,0.000586789
320.6,0.000516933
320.8,0.00060076
321,0.000698558
321.2,0.000768414
321.4,0.00108975
321.6,0.00106181
321.8,0.00104784
322,0.00113166
322.2,0.00141109
322.4,0.00146697
322.6,0.00171845
322.8,0.00183022
323,0.00198391
323.2,0.0020817
323.4,0.00201185
323.6,0.00220744
323.8,0.00241701
324,0.00240304
324.2,0.0023751
324.4,0.00206773
324.6,0.00240304
324.8,0.00234716
325,0.00198391
325.2,0.00187214
325.4,0.00224936
325.6,0.00196993
325.8,0.00185816
326,0.00170448
326.2,0.00167654
326.4,0.0013552
326.6,0.00118755
326.8,0.00131329
327,0.0012574
327.2,0.00131329
327.4,0.00124343
327.6,0.00120152
327.8,0.0202722
328,0.0346625
328.2,0.038756
328.4,0.0535235
328.6,0.0835196
328.8,0.0955488
329,0.096876
329.2,0.0986364
329.4,0.100145
329.6,0.102437
329.8,0.0918883
330,0.082863
330.2,0.0736001
330.4,0.072203
330.6,0.0686403
330.8,0.0526992
331,0.0421789
331.2,0.0520426
331.4,0.0569045
331.6,0.0673829
331.8,0.072678
332,0.0768554
332.2,0.0809769
332.4,0.0812703
332.6,0.0811445
332.8,0.0847491
333,0.0851682
333.2,0.0796356
333.4,0.0716162
333.6,0.0661535
333.8,0.0585951
334,0.0404884
334.2,0.0230943
334.4,0.0132307
334.6,0.00922097
334.8,0.00852241
335,0.00607746
335.2,0.00677601
335.4,0.00783782
335.6,0.00782385
335.8,0.00820107
336,0.00878786
336.2,0.00984967
336.4,0.00945848
336.6,0.0152286
336.8,0.0199508
337,0.0216134
337.2,0.0281519
337.4,0.0357382
337.6,0.048913
337.8,0.0666704
338,0.0882
338.2,0.0973371
338.4,0.0994887
338.6,0.0948782
338.8,0.0882
339,0.0835196
339.2,0.0809489
339.4,0.0735582
339.6,0.0673969
339.8,0.0603554
340,0.0559685
340.2,0.0471387
340.4,0.0471387
340.6,0.0388119
340.8,0.0345367
341,0.0208031
341.2,0.0117358
341.4,0.00115961
341.6,0.000866212
341.8,0.00096401
342,0.000991953
342.2,0.0020817
342.4,0.00195596
342.6,0.00202582
342.8,0.00187214
343,0.00185816
343.2,0.00188611
343.4,0.00177434
343.6,0.0017464
343.8,0.00171845
344,0.00206773
344.2,0.00195596
344.4,0.00184419
344.6,0.00171845
344.8,0.00180228
345,0.00187214
345.2,0.00181625
345.4,0.00183022
345.6,0.00233318
345.8,0.00222141
346,0.00209567
346.2,0.00210965
346.4,0.00181625
346.6,0.00183022
346.8,0.00190008
347,0.00185816
347.2,0.00180228
347.4,0.00196993
347.6,0.00181625
347.8,0.00181625
348,0.00177434
348.2,0.00162065
348.4,0.00156477
348.6,0.0017464
348.8,0.00146697
349,0.00136917
349.2,0.00134123
349.4,0.00128535
349.6,0.00148094
349.8,0.00142506
350,0.0015508
350.2,0.00157874
350.4,0.00184419
350.6,0.0250224
350.8,0.0461607
351,0.0533419
351.2,0.054753
351.4,0.0560523
351.6,0.0564016
351.8,0.0574075
352,0.0583017
352.2,0.0597267
352.4,0.0603415
352.6,0.0694087
352.8,0.086719
353,0.0970577
353.2,0.101403
353.4,0.106013
353.6,0.107145
353.8,0.108067
354,0.108989
354.2,0.111113
354.4,0.110246
354.6,0.110833
354.8,0.110791
355,0.111322
355.2,0.115276
355.4,0.130924
355.6,0.141751
355.8,0.144057
356,0.144029
356.2,0.14639
356.4,0.145747
356.6,0.146138
356.8,0.15603
357,0.17267
357.2,0.184741
357.4,0.190427
357.6,0.191796
357.8,0.19276
358,0.194507
358.2,0.195429
358.4,0.195359
358.6,0.194548
358.8,0.195233
359,0.196337
359.2,0.207639
359.4,0.217713
359.6,0.225285
359.8,0.230161
360,0.230245
360.2,0.23174
360.4,0.23336
360.6,0.234995
360.8,0.236616
361,0.239689
361.2,0.256022
361.4,0.268163
361.6,0.276643
361.8,0.278012
362,0.281673
362.2,0.289133
362.4,0.298117
362.6,0.304208
362.8,0.308385
363,0.312563
363.2,0.312381
363.4,0.311641
363.6,0.310216
363.8,0.307547
364,0.304292
364.2,0.298745
364.4,0.2938
364.6,0.284746
364.8,0.281687
365,0.277984
365.2,0.279996
365.4,0.284732
365.6,0.291383
365.8,0.299542
366,0.306765
366.2,0.316684
366.4,0.320261
366.6,0.32388
366.8,0.328197
367,0.330306
367.2,0.331661
367.4,0.331452
367.6,0.329803
367.8,0.327079
368,0.331103
368.2,0.341385
368.4,0.349083
368.6,0.356041
368.8,0.363027
369,0.367847
369.2,0.372359
369.4,0.376621
369.6,0.371004
369.8,0.37303
370,0.373868
370.2,0.378283
370.4,0.384053
370.6,0.390829
370.8,0.397172
371,0.409243
371.2,0.420867
371.4,0.424248
371.6,0.434894
371.8,0.444115
372,0.44758
372.2,0.446602
372.4,0.445051
372.6,0.443487
372.8,0.441587
373,0.435104
373.2,0.430507
373.4,0.425911
373.6,0.423466
373.8,0.425925
374,0.431388
374.2,0.437242
374.4,0.442145
374.6,0.441349
374.8,0.44466
375,0.445722
375.2,0.448209
375.4,0.449969
375.6,0.449857
375.8,0.449466
376,0.447161
376.2,0.44867
376.4,0.45071
376.6,0.453169
376.8,0.452484
377,0.451492
377.2,0.449215
377.4,0.451464
377.6,0.452247
377.8,0.453197
378,0.444646
378.2,0.448684
378.4,0.449955
378.6,0.451436
378.8,0.453867
379,0.456829
379.2,0.459721
379.4,0.459791
379.6,0.452833
379.8,0.454594
380,0.457136
380.2,0.45933
380.4,0.461523
380.6,0.461719
380.8,0.462278
381,0.46489
381.2,0.46605
381.4,0.47087
381.6,0.470074
381.8,0.470577
382,0.471024
382.2,0.470758
382.4,0.47087
122