0,0.0484552
0,0.0484552
0,0.0484552
0,0.0484552
0,0.0484552
0,0.0484552
0,0.0484552
0,0.0484552
0,0.0484552
0,0.0484552
0,0.0484552
0,0.0484552
0,0.0484552
0,0.0484552
0,0.0484552
0,0.0484552
0,0.0484552
0,0.0484552
1.2,0.0898175
1.2,0.0898175
1.2,0.0898175
1.2,0.0898175
1.2,0.0898175
1.2,0.0898175
1.2,0.0898175
1.2,0.0898175
1.2,0.0898175
1.2,0.0898175
1.2,0.0898175
1.2,0.0898175
1.2,0.0898175
1.2,0.0898175
1.2,0.0898175
1.2,0.0898175
1.2,0.0898175
1.2,0.0898175
2.4,0.100747
2.4,0.100747
2.4,0.100747
2.4,0.100747
2.4,0.100747
2.4,0.100747
2.4,0.100747
2.4,0.100747
2.4,0.100747
2.4,0.100747
2.4,0.100747
2.4,0.100747
2.4,0.100747
2.4,0.100747
2.4,0.100747
2.4,0.100747
2.4,0.100747
2.4,0.100747
3.6,0.102158
3.6,0.102158
3.6,0.102158
3.6,0.102158
3.6,0.102158
3.6,0.102158
3.6,0.102158
3.6,0.102158
3.6,0.102158
3.6,0.102158
3.6,0.102158
3.6,0.102158
3.6,0.102158
3.6,0.102158
3.6,0.102158
3.6,0.102158
3.6,0.102158
3.6,0.102158
4.8,0.101448
4.8,0.101448
4.8,0.101448
4.8,0.101448
4.8,0.101448
4.8,0.101448
4.8,0.101448
4.8,0.101448
4.8,0.101448
4.8,0.101448
4.8,0.101448
4.8,0.101448
4.8,0.101448
4.8,0.101448
4.8,0.101448
4.8,0.101448
4.8,0.101448
4.8,0.101448
6,0.140518
6,0.140518
6,0.140518
6,0.140518
6,0.140518
6,0.140518
6,0.140518
6,0.140518
6,0.140518
6,0.140518
6,0.140518
6,0.140518
6,0.140518
6,0.140518
6,0.140518
6,0.140518
6,0.140518
6,0.140518
7.2,0.149186
7.2,0.149186
7.2,0.149186
7.2,0.149186
7.2,0.149186
7.2,0.149186
7.2,0.149186
7.2,0.149186
7.2,0.149186
7.2,0.149186
7.2,0.149186
7.2,0.149186
7.2,0.149186
7.2,0.149186
7.2,0.149186
7.2,0.149186
7.2,0.149186
7.2,0.149186
8.4,0.174059
8.4,0.174059
8.4,0.174059
8.4,0.174059
8.4,0.174059
8.4,0.174059
8.4,0.174059
8.4,0.174059
8.4,0.174059
8.4,0.174059
8.4,0.174059
8.4,0.174059
8.4,0.174059
8.4,0.174059
8.4,0.174059
8.4,0.174059
8.4,0.174059
8.4,0.174059
9.6,0.178166
9.6,0.178166
9.6,0.178166
9.6,0.178166
9.6,0.178166
9.6,0.178166
9.6,0.178166
9.6,0.178166
9.6,0.178166
9.6,0.178166
9.6,0.178166
9.6,0.178166
9.6,0.178166
9.6,0.178166
9.6,0.178166
9.6,0.178166
9.6,0.178166
9.6,0.178166
10.8,0.173106
10.8,0.173106
10.8,0.173106
10.8,0.173106
10.8,0.173106
10.8,0.173106
10.8,0.173106
10.8,0.173106
10.8,0.173106
10.8,0.173106
10.8,0.173106
10.8,0.173106
10.8,0.173106
10.8,0.173106
10.8,0.173106
10.8,0.173106
10.8,0.173106
10.8,0.173106
12,0.165978
12,0.165978
12,0.165978
12,0.165978
12,0.165978
12,0.165978
12,0.165978
12,0.165978
12,0.165978
12,0.165978
12,0.165978
12,0.165978
12,0.165978
12,0.165978
12,0.165978
12,0.165978
12,0.165978
12,0.165978
13.2,0.16077
13.2,0.16077
13.2,0.16077
13.2,0.16077
13.2,0.16077
13.2,0.16077
13.2,0.16077
13.2,0.16077
13.2,0.16077
13.2,0.16077
13.2,0.16077
13.2,0.16077
13.2,0.16077
13.2,0.16077
13.2,0.16077
13.2,0.16077
13.2,0.16077
13.2,0.16077
14.4,0.161201
14.4,0.161201
14.4,0.161201
14.4,0.161201
14.4,0.161201
14.4,0.161201
14.4,0.161201
14.4,0.161201
14.4,0.161201
14.4,0.161201
14.4,0.161201
14.4,0.161201
14.4,0.161201
14.4,0.161201
14.4,0.161201
14.4,0.161201
14.4,0.161201
14.4,0.161201
15.6,0.161429
15.6,0.161429
15.6,0.161429
15.6,0.161429
15.6,0.161429
15.6,0.161429
15.6,0.161429
15.6,0.161429
15.6,0.161429
15.6,0.161429
15.6,0.161429
15.6,0.161429
15.6,0.161429
15.6,0.161429
15.6,0.161429
15.6,0.161429
15.6,0.161429
15.6,0.161429
16.8,0.15945
16.8,0.15945
16.8,0.15945
16.8,0.15945
16.8,0.15945
16.8,0.15945
16.8,0.15945
16.8,0.15945
16.8,0.15945
16.8,0.15945
16.8,0.15945
16.8,0.15945
16.8,0.15945
16.8,0.15945
16.8,0.15945
16.8,0.15945
16.8,0.15945
16.8,0.15945
18,0.159889
18,0.159889
18,0.159889
18,0.159889
18,0.159889
18,0.159889
18,0.159889
18,0.159889
18,0.159889
18,0.159889
18,0.159889
18,0.159889
18,0.159889
18,0.159889
18,0.159889
18,0.159889
18,0.159889
18,0.159889
19.2,0.160751
19.2,0.160751
19.2,0.160751
19.2,0.160751
19.2,0.160751
19.2,0.160751
19.2,0.160751
19.2,0.160751
19.2,0.160751
19.2,0.160751
19.2,0.160751
19.2,0.160751
19.2,0.160751
19.2,0.160751
19.2,0.160751
19.2,0.160751
19.2,0.160751
19.2,0.160751
20.4,0.157667
20.4,0.157667
20.4,0.157667
20.4,0.157667
20.4,0.157667
20.4,0.157667
20.4,0.157667
20.4,0.157667
20.4,0.157667
20.4,0.157667
20.4,0.157667
20.4,0.157667
20.4,0.157667
20.4,0.157667
20.4,0.157667
20.4,0.157667
20.4,0.157667
20.4,0.157667
21.6,0.157788
21.6,0.157788
21.6,0.157788
21.6,0.157788
21.6,0.157788
21.6,0.157788
21.6,0.157788
21.6,0.157788
21.6,0.157788
21.6,0.157788
21.6,0.157788
21.6,0.157788
21.6,0.157788
21.6,0.157788
21.6,0.157788
21.6,0.157788
21.6,0.157788
21.6,0.157788
22.8,0.161828
22.8,0.161828
22.8,0.161828
22.8,0.161828
22.8,0.161828
22.8,0.161828
22.8,0.161828
22.8,0.161828
22.8,0.161828
22.8,0.161828
22.8,0.161828
22.8,0.161828
22.8,0.161828
22.8,0.161828
22.8,0.161828
22.8,0.161828
22.8,0.161828
22.8,0.161828
24,0.164325
24,0.164325
24,0.164325
24,0.164325
24,0.164325
24,0.164325
24,0.164325
24,0.164325
24,0.164325
24,0.164325
24,0.164325
24,0.164325
24,0.164325
24,0.164325
24,0.164325
24,0.164325
24,0.164325
24,0.164325
25.2,0.163027
25.2,0.163027
25.2,0.163027
25.2,0.163027
25.2,0.163027
25.2,0.163027
25.2,0.163027
25.2,0.163027
25.2,0.163027
25.2,0.163027
25.2,0.163027
25.2,0.163027
25.2,0.163027
25.2,0.163027
25.2,0.163027
25.2,0.163027
25.2,0.163027
25.2,0.163027
26.4,0.169152
26.4,0.169152
26.4,0.169152
26.4,0.169152
26.4,0.169152
26.4,0.169152
26.4,0.169152
26.4,0.169152
26.4,0.169152
26.4,0.169152
26.4,0.169152
26.4,0.169152
26.4,0.169152
26.4,0.169152
26.4,0.169152
26.4,0.169152
26.4,0.169152
26.4,0.169152
27.6,0.183033
27.6,0.183033
27.6,0.183033
27.6,0.183033
27.6,0.183033
27.6,0.183033
27.6,0.183033
27.6,0.183033
27.6,0.183033
27.6,0.183033
27.6,0.183033
27.6,0.183033
27.6,0.183033
27.6,0.183033
27.6,0.183033
27.6,0.183033
27.6,0.183033
27.6,0.183033
28.8,0.204844
28.8,0.204844
28.8,0.204844
28.8,0.204844
28.8,0.204844
28.8,0.204844
28.8,0.204844
28.8,0.204844
28.8,0.204844
28.8,0.204844
28.8,0.204844
28.8,0.204844
28.8,0.204844
28.8,0.204844
28.8,0.204844
28.8,0.204844
28.8,0.204844
28.8,0.204844
30,0.206424
30,0.206424
30,0.206424
30,0.206424
30,0.206424
30,0.206424
30,0.206424
30,0.206424
30,0.206424
30,0.206424
30,0.206424
30,0.206424
30,0.206424
30,0.206424
30,0.206424
30,0.206424
30,0.206424
30,0.206424
31.2,0.209504
31.2,0.209504
31.2,0.209504
31.2,0.209504
31.2,0.209504
31.2,0.209504
31.2,0.209504
31.2,0.209504
31.2,0.209504
31.2,0.209504
31.2,0.209504
31.2,0.209504
31.2,0.209504
31.2,0.209504
31.2,0.209504
31.2,0.209504
31.2,0.209504
31.2,0.209504
32.4,0.2089
32.4,0.2089
32.4,0.2089
32.4,0.2089
32.4,0.2089
32.4,0.2089
32.4,0.2089
32.4,0.2089
32.4,0.2089
32.4,0.2089
32.4,0.2089
32.4,0.2089
32.4,0.2089
32.4,0.2089
32.4,0.2089
32.4,0.2089
32.4,0.2089
32.4,0.2089
33.6,0.231476
33.6,0.231476
33.6,0.231476
33.6,0.231476
33.6,0.231476
33.6,0.231476
33.6,0.231476
33.6,0.231476
33.6,0.231476
33.6,0.231476
33.6,0.231476
33.6,0.231476
33.6,0.231476
33.6,0.231476
33.6,0.231476
33.6,0.231476
33.6,0.231476
33.6,0.231476
34.8,0.267591
34.8,0.267591
34.8,0.267591
34.8,0.267591
34.8,0.267591
34.8,0.267591
34.8,0.267591
34.8,0.267591
34.8,0.267591
34.8,0.267591
34.8,0.267591
34.8,0.267591
34.8,0.267591
34.8,0.267591
34.8,0.267591
34.8,0.267591
34.8,0.267591
34.8,0.267591
36,0.283223
36,0.283223
36,0.283223
36,0.283223
36,0.283223
36,0.283223
36,0.283223
36,0.283223
36,0.283223
36,0.283223
36,0.283223
36,0.283223
36,0.283223
36,0.283223
36,0.283223
36,0.283223
36,0.283223
36,0.283223
37.2,0.285061
37.2,0.285061
37.2,0.285061
37.2,0.285061
37.2,0.285061
37.2,0.285061
37.2,0.285061
37.2,0.285061
37.2,0.285061
37.2,0.285061
37.2,0.285061
37.2,0.285061
37.2,0.285061
37.2,0.285061
37.2,0.285061
37.2,0.285061
37.2,0.285061
37.2,0.285061
38.4,0.291382
38.4,0.291382
38.4,0.291382
38.4,0.291382
38.4,0.291382
38.4,0.291382
38.4,0.291382
38.4,0.291382
38.4,0.291382
38.4,0.291382
38.4,0.291382
38.4,0.291382
38.4,0.291382
38.4,0.291382
38.4,0.291382
38.4,0.291382
38.4,0.291382
38.4,0.291382
39.6,0.325506
39.6,0.325506
39.6,0.325506
39.6,0.325506
39.6,0.325506
39.6,0.325506
39.6,0.325506
39.6,0.325506
39.6,0.325506
39.6,0.325506
39.6,0.325506
39.6,0.325506
39.6,0.325506
39.6,0.325506
39.6,0.325506
39.6,0.325506
39.6,0.325506
39.6,0.325506
40.8,0.35878
40.8,0.35878
40.8,0.35878
40.8,0.35878
40.8,0.35878
40.8,0.35878
40.8,0.35878
40.8,0.35878
40.8,0.35878
40.8,0.35878
40.8,0.35878
40.8,0.35878
40.8,0.35878
40.8,0.35878
40.8,0.35878
40.8,0.35878
40.8,0.35878
40.8,0.35878
42,0.390146
42,0.390146
42,0.390146
42,0.390146
42,0.390146
42,0.390146
42,0.390146
42,0.390146
42,0.390146
42,0.390146
42,0.390146
42,0.390146
42,0.390146
42,0.390146
42,0.390146
42,0.390146
42,0.390146
42,0.390146
43.2,0.399845
43.2,0.399845
43.2,0.399845
43.2,0.399845
43.2,0.399845
43.2,0.399845
43.2,0.399845
43.2,0.399845
43.2,0.399845
43.2,0.399845
43.2,0.399845
43.2,0.399845
43.2,0.399845
43.2,0.399845
43.2,0.399845
43.2,0.399845
43.2,0.399845
43.2,0.399845
44.4,0.420222
44.4,0.420222
44.4,0.420222
44.4,0.420222
44.4,0.420222
44.4,0.420222
44.4,0.420222
44.4,0.420222
44.4,0.420222
44.4,0.420222
44.4,0.420222
44.4,0.420222
44.4,0.420222
44.4,0.420222
44.4,0.420222
44.4,0.420222
44.4,0.420222
44.4,0.420222
45.6,0.42641
45.6,0.42641
45.6,0.42641
45.6,0.42641
45.6,0.42641
45.6,0.42641
45.6,0.42641
45.6,0.42641
45.6,0.42641
45.6,0.42641
45.6,0.42641
45.6,0.42641
45.6,0.42641
45.6,0.42641
45.6,0.42641
45.6,0.42641
45.6,0.42641
45.6,0.42641
46.8,0.428103
46.8,0.428103
46.8,0.428103
46.8,0.428103
46.8,0.428103
46.8,0.428103
46.8,0.428103
46.8,0.428103
46.8,0.428103
46.8,0.428103
46.8,0.428103
46.8,0.428103
46.8,0.428103
46.8,0.428103
46.8,0.428103
46.8,0.428103
46.8,0.428103
46.8,0.428103
48,0.418157
48,0.418157
48,0.418157
48,0.418157
48,0.418157
48,0.418157
48,0.418157
48,0.418157
48,0.418157
48,0.418157
48,0.418157
48,0.418157
48,0.418157
48,0.418157
48,0.418157
48,0.418157
48,0.418157
48,0.418157
49.2,0.413474
49.2,0.413474
49.2,0.413474
49.2,0.413474
49.2,0.413474
49.2,0.413474
49.2,0.413474
49.2,0.413474
49.2,0.413474
49.2,0.413474
49.2,0.413474
49.2,0.413474
49.2,0.413474
49.2,0.413474
49.2,0.413474
49.2,0.413474
49.2,0.413474
49.2,0.413474
50.4,0.403568
50.4,0.403568
50.4,0.403568
50.4,0.403568
50.4,0.403568
50.4,0.403568
50.4,0.403568
50.4,0.403568
50.4,0.403568
50.4,0.403568
50.4,0.403568
50.4,0.403568
50.4,0.403568
50.4,0.403568
50.4,0.403568
50.4,0.403568
50.4,0.403568
50.4,0.403568
51.6,0.38705
51.6,0.38705
51.6,0.38705
51.6,0.38705
51.6,0.38705
51.6,0.38705
51.6,0.38705
51.6,0.38705
51.6,0.38705
51.6,0.38705
51.6,0.38705
51.6,0.38705
51.6,0.38705
51.6,0.38705
51.6,0.38705
51.6,0.38705
51.6,0.38705
51.6,0.38705
52.8,0.400734
52.8,0.400734
52.8,0.400734
52.8,0.400734
52.8,0.400734
52.8,0.400734
52.8,0.400734
52.8,0.400734
52.8,0.400734
52.8,0.400734
52.8,0.400734
52.8,0.400734
52.8,0.400734
52.8,0.400734
52.8,0.400734
52.8,0.400734
52.8,0.400734
52.8,0.400734
54,0.427151
54,0.427151
54,0.427151
54,0.427151
54,0.427151
54,0.427151
54,0.427151
54,0.427151
54,0.427151
54,0.427151
54,0.427151
54,0.427151
54,0.427151
54,0.427151
54,0.427151
54,0.427151
54,0.427151
54,0.427151
55.2,0.44205
55.2,0.44205
55.2,0.44205
55.2,0.44205
55.2,0.44205
55.2,0.44205
55.2,0.44205
55.2,0.44205
55.2,0.44205
55.2,0.44205
55.2,0.44205
55.2,0.44205
55.2,0.44205
55.2,0.44205
55.2,0.44205
55.2,0.44205
55.2,0.44205
55.2,0.44205
56.4,0.442328
56.4,0.442328
56.4,0.442328
56.4,0.442328
56.4,0.442328
56.4,0.442328
56.4,0.442328
56.4,0.442328
56.4,0.442328
56.4,0.442328
56.4,0.442328
56.4,0.442328
56.4,0.442328
56.4,0.442328
56.4,0.442328
56.4,0.442328
56.4,0.442328
56.4,0.442328
57.6,0.445964
57.6,0.445964
57.6,0.445964
57.6,0.445964
57.6,0.445964
57.6,0.445964
57.6,0.445964
57.6,0.445964
57.6,0.445964
57.6,0.445964
57.6,0.445964
57.6,0.445964
57.6,0.445964
57.6,0.445964
57.6,0.445964
57.6,0.445964
57.6,0.445964
57.6,0.445964
58.8,0.44437
58.8,0.44437
58.8,0.44437
58.8,0.44437
58.8,0.44437
58.8,0.44437
58.8,0.44437
58.8,0.44437
58.8,0.44437
58.8,0.44437
58.8,0.44437
58.8,0.44437
58.8,0.44437
58.8,0.44437
58.8,0.44437
58.8,0.44437
58.8,0.44437
58.8,0.44437
60,0.450334
60,0.450334
60,0.450334
60,0.450334
60,0.450334
60,0.450334
60,0.450334
60,0.450334
60,0.450334
60,0.450334
60,0.450334
60,0.450334
60,0.450334
60,0.450334
60,0.450334
60,0.450334
60,0.450334
60,0.450334
61.2,0.43828
61.2,0.43828
61.2,0.43828
61.2,0.43828
61.2,0.43828
61.2,0.43828
61.2,0.43828
61.2,0.43828
61.2,0.43828
61.2,0.43828
61.2,0.43828
61.2,0.43828
61.2,0.43828
61.2,0.43828
61.2,0.43828
61.2,0.43828
61.2,0.43828
61.2,0.43828
62.4,0.436465
62.4,0.436465
62.4,0.436465
62.4,0.436465
62.4,0.436465
62.4,0.436465
62.4,0.436465
62.4,0.436465
62.4,0.436465
62.4,0.436465
62.4,0.436465
62.4,0.436465
62.4,0.436465
62.4,0.436465
62.4,0.436465
62.4,0.436465
62.4,0.436465
62.4,0.436465
63.6,0.438821
63.6,0.438821
63.6,0.438821
63.6,0.438821
63.6,0.438821
63.6,0.438821
63.6,0.438821
63.6,0.438821
63.6,0.438821
63.6,0.438821
63.6,0.438821
63.6,0.438821
63.6,0.438821
63.6,0.438821
63.6,0.438821
63.6,0.438821
63.6,0.438821
63.6,0.438821
64.8,0.445396
64.8,0.445396
64.8,0.445396
64.8,0.445396
64.8,0.445396
64.8,0.445396
64.8,0.445396
64.8,0.445396
64.8,0.445396
64.8,0.445396
64.8,0.445396
64.8,0.445396
64.8,0.445396
64.8,0.445396
64.8,0.445396
64.8,0.445396
64.8,0.445396
64.8,0.445396
66,0.444417
66,0.444417
66,0.444417
66,0.444417
66,0.444417
66,0.444417
66,0.444417
66,0.444417
66,0.444417
66,0.444417
66,0.444417
66,0.444417
66,0.444417
66,0.444417
66,0.444417
66,0.444417
66,0.444417
66,0.444417
67.2,0.436144
67.2,0.436144
67.2,0.436144
67.2,0.436144
67.2,0.436144
67.2,0.436144
67.2,0.436144
67.2,0.436144
67.2,0.436144
67.2,0.436144
67.2,0.436144
67.2,0.436144
67.2,0.436144
67.2,0.436144
67.2,0.436144
67.2,0.436144
67.2,0.436144
67.2,0.436144
68.4,0.438421
68.4,0.438421
68.4,0.438421
68.4,0.438421
68.4,0.438421
68.4,0.438421
68.4,0.438421
68.4,0.438421
68.4,0.438421
68.4,0.438421
68.4,0.438421
68.4,0.438421
68.4,0.438421
68.4,0.438421
68.4,0.438421
68.4,0.438421
68.4,0.438421
68.4,0.438421
69.6,0.438954
69.6,0.438954
69.6,0.438954
69.6,0.438954
69.6,0.438954
69.6,0.438954
69.6,0.438954
69.6,0.438954
69.6,0.438954
69.6,0.438954
69.6,0.438954
69.6,0.438954
69.6,0.438954
69.6,0.438954
69.6,0.438954
69.6,0.438954
69.6,0.438954
69.6,0.438954
70.8,0.433346
70.8,0.433346
70.8,0.433346
70.8,0.433346
70.8,0.433346
70.8,0.433346
70.8,0.433346
70.8,0.433346
70.8,0.433346
70.8,0.433346
70.8,0.433346
70.8,0.433346
70.8,0.433346
70.8,0.433346
70.8,0.433346
70.8,0.433346
70.8,0.433346
70.8,0.433346
72,0.438264
72,0.438264
72,0.438264
72,0.438264
72,0.438264
72,0.438264
72,0.438264
72,0.438264
72,0.438264
72,0.438264
72,0.438264
72,0.438264
72,0.438264
72,0.438264
72,0.438264
72,0.438264
72,0.438264
72,0.438264
73.2,0.439103
73.2,0.439103
73.2,0.439103
73.2,0.439103
73.2,0.439103
73.2,0.439103
73.2,0.439103
73.2,0.439103
73.2,0.439103
73.2,0.439103
73.2,0.439103
73.2,0.439103
73.2,0.439103
73.2,0.439103
73.2,0.439103
73.2,0.439103
73.2,0.439103
73.2,0.439103
74.4,0.436567
74.4,0.436567
74.4,0.436567
74.4,0.436567
74.4,0.436567
74.4,0.436567
74.4,0.436567
74.4,0.436567
74.4,0.436567
74.4,0.436567
74.4,0.436567
74.4,0.436567
74.4,0.436567
74.4,0.436567
74.4,0.436567
74.4,0.436567
74.4,0.436567
74.4,0.436567
75.6,0.440694
75.6,0.440694
75.6,0.440694
75.6,0.440694
75.6,0.440694
75.6,0.440694
75.6,0.440694
75.6,0.440694
75.6,0.440694
75.6,0.440694
75.6,0.440694
75.6,0.440694
75.6,0.440694
75.6,0.440694
75.6,0.440694
75.6,0.440694
75.6,0.440694
75.6,0.440694
76.8,0.441548
76.8,0.441548
76.8,0.441548
76.8,0.441548
76.8,0.441548
76.8,0.441548
76.8,0.441548
76.8,0.441548
76.8,0.441548
76.8,0.441548
76.8,0.441548
76.8,0.441548
76.8,0.441548
76.8,0.441548
76.8,0.441548
76.8,0.441548
76.8,0.441548
76.8,0.441548
78,0.440635
78,0.440635
78,0.440635
78,0.440635
78,0.440635
78,0.440635
78,0.440635
78,0.440635
78,0.440635
78,0.440635
78,0.440635
78,0.440635
78,0.440635
78,0.440635
78,0.440635
78,0.440635
78,0.440635
78,0.440635
79.2,0.429921
79.2,0.429921
79.2,0.429921
79.2,0.429921
79.2,0.429921
79.2,0.429921
79.2,0.429921
79.2,0.429921
79.2,0.429921
79.2,0.429921
79.2,0.429921
79.2,0.429921
79.2,0.429921
79.2,0.429921
79.2,0.429921
79.2,0.429921
79.2,0.429921
79.2,0.429921
80.4,0.431536
80.4,0.431536
80.4,0.431536
80.4,0.431536
80.4,0.431536
80.4,0.431536
80.4,0.431536
80.4,0.431536
80.4,0.431536
80.4,0.431536
80.4,0.431536
80.4,0.431536
80.4,0.431536
80.4,0.431536
80.4,0.431536
80.4,0.431536
80.4,0.431536
80.4,0.431536
81.6,0.432002
81.6,0.432002
81.6,0.432002
81.6,0.432002
81.6,0.432002
81.6,0.432002
81.6,0.432002
81.6,0.432002
81.6,0.432002
81.6,0.432002
81.6,0.432002
81.6,0.432002
81.6,0.432002
81.6,0.432002
81.6,0.432002
81.6,0.432002
81.6,0.432002
81.6,0.432002
82.8,0.436685
82.8,0.436685
82.8,0.436685
82.8,0.436685
82.8,0.436685
82.8,0.436685
82.8,0.436685
82.8,0.436685
82.8,0.436685
82.8,0.436685
82.8,0.436685
82.8,0.436685
82.8,0.436685
82.8,0.436685
82.8,0.436685
82.8,0.436685
82.8,0.436685
82.8,0.436685
84,0.430724
84,0.430724
84,0.430724
84,0.430724
84,0.430724
84,0.430724
84,0.430724
84,0.430724
84,0.430724
84,0.430724
84,0.430724
84,0.430724
84,0.430724
84,0.430724
84,0.430724
84,0.430724
84,0.430724
84,0.430724
85.2,0.435827
85.2,0.435827
85.2,0.435827
85.2,0.435827
85.2,0.435827
85.2,0.435827
85.2,0.435827
85.2,0.435827
85.2,0.435827
85.2,0.435827
85.2,0.435827
85.2,0.435827
85.2,0.435827
85.2,0.435827
85.2,0.435827
85.2,0.435827
85.2,0.435827
85.2,0.435827
86.4,0.437998
86.4,0.437998
86.4,0.437998
86.4,0.437998
86.4,0.437998
86.4,0.437998
86.4,0.437998
86.4,0.437998
86.4,0.437998
86.4,0.437998
86.4,0.437998
86.4,0.437998
86.4,0.437998
86.4,0.437998
86.4,0.437998
86.4,0.437998
86.4,0.437998
86.4,0.437998
87.6,0.432519
87.6,0.432519
87.6,0.432519
87.6,0.432519
87.6,0.432519
87.6,0.432519
87.6,0.432519
87.6,0.432519
87.6,0.432519
87.6,0.432519
87.6,0.432519
87.6,0.432519
87.6,0.432519
87.6,0.432519
87.6,0.432519
87.6,0.432519
87.6,0.432519
87.6,0.432519
88.8,0.432899
88.8,0.432899
88.8,0.432899
88.8,0.432899
88.8,0.432899
88.8,0.432899
88.8,0.432899
88.8,0.432899
88.8,0.432899
88.8,0.432899
88.8,0.432899
88.8,0.432899
88.8,0.432899
88.8,0.432899
88.8,0.432899
88.8,0.432899
88.8,0.432899
88.8,0.432899
90,0.436187
90,0.436187
90,0.436187
90,0.436187
90,0.436187
90,0.436187
90,0.436187
90,0.436187
90,0.436187
90,0.436187
90,0.436187
90,0.436187
90,0.436187
90,0.436187
90,0.436187
90,0.436187
90,0.436187
90,0.436187
91.2,0.431477
91.2,0.431477
91.2,0.431477
91.2,0.431477
91.2,0.431477
91.2,0.431477
91.2,0.431477
91.2,0.431477
91.2,0.431477
91.2,0.431477
91.2,0.431477
91.2,0.431477
91.2,0.431477
91.2,0.431477
91.2,0.431477
91.2,0.431477
91.2,0.431477
91.2,0.431477
92.4,0.415528
92.4,0.415528
92.4,0.415528
92.4,0.415528
92.4,0.415528
92.4,0.415528
92.4,0.415528
92.4,0.415528
92.4,0.415528
92.4,0.415528
92.4,0.415528
92.4,0.415528
92.4,0.415528
92.4,0.415528
92.4,0.415528
92.4,0.415528
92.4,0.415528
92.4,0.415528
93.6,0.422189
93.6,0.422189
93.6,0.422189
93.6,0.422189
93.6,0.422189
93.6,0.422189
93.6,0.422189
93.6,0.422189
93.6,0.422189
93.6,0.422189
93.6,0.422189
93.6,0.422189
93.6,0.422189
93.6,0.422189
93.6,0.422189
93.6,0.422189
93.6,0.422189
93.6,0.422189
94.8,0.422914
94.8,0.422914
94.8,0.422914
94.8,0.422914
94.8,0.422914
94.8,0.422914
94.8,0.422914
94.8,0.422914
94.8,0.422914
94.8,0.422914
94.8,0.422914
94.8,0.422914
94.8,0.422914
94.8,0.422914
94.8,0.422914
94.8,0.422914
94.8,0.422914
94.8,0.422914
96,0.439036
96,0.439036
96,0.439036
96,0.439036
96,0.439036
96,0.439036
96,0.439036
96,0.439036
96,0.439036
96,0.439036
96,0.439036
96,0.439036
96,0.439036
96,0.439036
96,0.439036
96,0.439036
96,0.439036
96,0.439036
97.2,0.436893
97.2,0.436893
97.2,0.436893
97.2,0.436893
97.2,0.436893
97.2,0.436893
97.2,0.436893
97.2,0.436893
97.2,0.436893
97.2,0.436893
97.2,0.436893
97.2,0.436893
97.2,0.436893
97.2,0.436893
97.2,0.436893
97.2,0.436893
97.2,0.436893
97.2,0.436893
98.4,0.394707
98.4,0.394707
98.4,0.394707
98.4,0.394707
98.4,0.394707
98.4,0.394707
98.4,0.394707
98.4,0.394707
98.4,0.394707
98.4,0.394707
98.4,0.394707
98.4,0.394707
98.4,0.394707
98.4,0.394707
98.4,0.394707
98.4,0.394707
98.4,0.394707
98.4,0.394707
99.6,0.355054
99.6,0.355054
99.6,0.355054
99.6,0.355054
99.6,0.355054
99.6,0.355054
99.6,0.355054
99.6,0.355054
99.6,0.355054
99.6,0.355054
99.6,0.355054
99.6,0.355054
99.6,0.355054
99.6,0.355054
99.6,0.355054
99.6,0.355054
99.6,0.355054
99.6,0.355054
100.8,0.333218
100.8,0.333218
100.8,0.333218
100.8,0.333218
100.8,0.333218
100.8,0.333218
100.8,0.333218
100.8,0.333218
100.8,0.333218
100.8,0.333218
100.8,0.333218
100.8,0.333218
100.8,0.333218
100.8,0.333218
100.8,0.333218
100.8,0.333218
100.8,0.333218
100.8,0.333218
102,0.302821
102,0.302821
102,0.302821
102,0.302821
102,0.302821
102,0.302821
102,0.302821
102,0.302821
102,0.302821
102,0.302821
102,0.302821
102,0.302821
102,0.302821
102,0.302821
102,0.302821
102,0.302821
102,0.302821
102,0.302821
103.2,0.289779
103.2,0.289779
103.2,0.289779
103.2,0.289779
103.2,0.289779
103.2,0.289779
103.2,0.289779
103.2,0.289779
103.2,0.289779
103.2,0.289779
103.2,0.289779
103.2,0.289779
103.2,0.289779
103.2,0.289779
103.2,0.289779
103.2,0.289779
103.2,0.289779
103.2,0.289779
104.4,0.313198
104.4,0.313198
104.4,0.313198
104.4,0.313198
104.4,0.313198
104.4,0.313198
104.4,0.313198
104.4,0.313198
104.4,0.313198
104.4,0.313198
104.4,0.313198
104.4,0.313198
104.4,0.313198
104.4,0.313198
104.4,0.313198
104.4,0.313198
104.4,0.313198
104.4,0.313198
105.6,0.336424
105.6,0.336424
105.6,0.336424
105.6,0.336424
105.6,0.336424
105.6,0.336424
105.6,0.336424
105.6,0.336424
105.6,0.336424
105.6,0.336424
105.6,0.336424
105.6,0.336424
105.6,0.336424
105.6,0.336424
105.6,0.336424
105.6,0.336424
105.6,0.336424
105.6,0.336424
106.8,0.344418
106.8,0.344418
106.8,0.344418
106.8,0.344418
106.8,0.344418
106.8,0.344418
106.8,0.344418
106.8,0.344418
106.8,0.344418
106.8,0.344418
106.8,0.344418
106.8,0.344418
106.8,0.344418
106.8,0.344418
106.8,0.344418
106.8,0.344418
106.8,0.344418
106.8,0.344418
108,0.344026
108,0.344026
108,0.344026
108,0.344026
108,0.344026
108,0.344026
108,0.344026
108,0.344026
108,0.344026
108,0.344026
108,0.344026
108,0.344026
108,0.344026
108,0.344026
108,0.344026
108,0.344026
108,0.344026
108,0.344026
109.2,0.375799
109.2,0.375799
109.2,0.375799
109.2,0.375799
109.2,0.375799
109.2,0.375799
109.2,0.375799
109.2,0.375799
109.2,0.375799
109.2,0.375799
109.2,0.375799
109.2,0.375799
109.2,0.375799
109.2,0.375799
109.2,0.375799
109.2,0.375799
109.2,0.375799
109.2,0.375799
110.4,0.361151
110.4,0.361151
110.4,0.361151
110.4,0.361151
110.4,0.361151
110.4,0.361151
110.4,0.361151
110.4,0.361151
110.4,0.361151
110.4,0.361151
110.4,0.361151
110.4,0.361151
110.4,0.361151
110.4,0.361151
110.4,0.361151
110.4,0.361151
110.4,0.361151
110.4,0.361151
111.6,0.338395
111.6,0.338395
111.6,0.338395
111.6,0.338395
111.6,0.338395
111.6,0.338395
111.6,0.338395
111.6,0.338395
111.6,0.338395
111.6,0.338395
111.6,0.338395
111.6,0.338395
111.6,0.338395
111.6,0.338395
111.6,0.338395
111.6,0.338395
111.6,0.338395
111.6,0.338395
112.8,0.351797
112.8,0.351797
112.8,0.351797
112.8,0.351797
112.8,0.351797
112.8,0.351797
112.8,0.351797
112.8,0.351797
112.8,0.351797
112.8,0.351797
112.8,0.351797
112.8,0.351797
112.8,0.351797
112.8,0.351797
112.8,0.351797
112.8,0.351797
112.8,0.351797
112.8,0.351797
114,0.337725
114,0.337725
114,0.337725
114,0.337725
114,0.337725
114,0.337725
114,0.337725
114,0.337725
114,0.337725
114,0.337725
114,0.337725
114,0.337725
114,0.337725
114,0.337725
114,0.337725
114,0.337725
114,0.337725
114,0.337725
115.2,0.276165
115.2,0.276165
115.2,0.276165
115.2,0.276165
115.2,0.276165
115.2,0.276165
115.2,0.276165
115.2,0.276165
115.2,0.276165
115.2,0.276165
115.2,0.276165
115.2,0.276165
115.2,0.276165
115.2,0.276165
115.2,0.276165
115.2,0.276165
115.2,0.276165
115.2,0.276165
116.4,0.217804
116.4,0.217804
116.4,0.217804
116.4,0.217804
116.4,0.217804
116.4,0.217804
116.4,0.217804
116.4,0.217804
116.4,0.217804
116.4,0.217804
116.4,0.217804
116.4,0.217804
116.4,0.217804
116.4,0.217804
116.4,0.217804
116.4,0.217804
116.4,0.217804
116.4,0.217804
117.6,0.200859
117.6,0.200859
117.6,0.200859
117.6,0.200859
117.6,0.200859
117.6,0.200859
117.6,0.200859
117.6,0.200859
117.6,0.200859
117.6,0.200859
117.6,0.200859
117.6,0.200859
117.6,0.200859
117.6,0.200859
117.6,0.200859
117.6,0.200859
117.6,0.200859
117.6,0.200859
118.8,0.200518
118.8,0.200518
118.8,0.200518
118.8,0.200518
118.8,0.200518
118.8,0.200518
118.8,0.200518
118.8,0.200518
118.8,0.200518
118.8,0.200518
118.8,0.200518
118.8,0.200518
118.8,0.200518
118.8,0.200518
118.8,0.200518
118.8,0.200518
118.8,0.200518
118.8,0.200518
120,0.180752
120,0.180752
120,0.180752
120,0.180752
120,0.180752
120,0.180752
120,0.180752
120,0.180752
120,0.180752
120,0.180752
120,0.180752
120,0.180752
120,0.180752
120,0.180752
120,0.180752
120,0.180752
120,0.180752
120,0.180752
121.2,0.18897
121.2,0.18897
121.2,0.18897
121.2,0.18897
121.2,0.18897
121.2,0.18897
121.2,0.18897
121.2,0.18897
121.2,0.18897
121.2,0.18897
121.2,0.18897
121.2,0.18897
121.2,0.18897
121.2,0.18897
121.2,0.18897
121.2,0.18897
121.2,0.18897
121.2,0.18897
122.4,0.19589
122.4,0.19589
122.4,0.19589
122.4,0.19589
122.4,0.19589
122.4,0.19589
122.4,0.19589
122.4,0.19589
122.4,0.19589
122.4,0.19589
122.4,0.19589
122.4,0.19589
122.4,0.19589
122.4,0.19589
122.4,0.19589
122.4,0.19589
122.4,0.19589
122.4,0.19589
123.6,0.112527
123.6,0.112527
123.6,0.112527
123.6,0.112527
123.6,0.112527
123.6,0.112527
123.6,0.112527
123.6,0.112527
123.6,0.112527
123.6,0.112527
123.6,0.112527
123.6,0.112527
123.6,0.112527
123.6,0.112527
123.6,0.112527
123.6,0.112527
123.6,0.112527
123.6,0.112527
124.8,0.163333
124.8,0.163333
124.8,0.163333
124.8,0.163333
124.8,0.163333
124.8,0.163333
124.8,0.163333
124.8,0.163333
124.8,0.163333
124.8,0.163333
124.8,0.163333
124.8,0.163333
124.8,0.163333
124.8,0.163333
124.8,0.163333
124.8,0.163333
124.8,0.163333
124.8,0.163333
126,0.197845
126,0.197845
126,0.197845
126,0.197845
126,0.197845
126,0.197845
126,0.197845
126,0.197845
126,0.197845
126,0.197845
126,0.197845
126,0.197845
126,0.197845
126,0.197845
126,0.197845
126,0.197845
126,0.197845
126,0.197845
127.2,0.214673
127.2,0.214673
127.2,0.214673
127.2,0.214673
127.2,0.214673
127.2,0.214673
127.2,0.214673
127.2,0.214673
127.2,0.214673
127.2,0.214673
127.2,0.214673
127.2,0.214673
127.2,0.214673
127.2,0.214673
127.2,0.214673
127.2,0.214673
127.2,0.214673
127.2,0.214673
128.4,0.140256
128.4,0.140256
128.4,0.140256
128.4,0.140256
128.4,0.140256
128.4,0.140256
128.4,0.140256
128.4,0.140256
128.4,0.140256
128.4,0.140256
128.4,0.140256
128.4,0.140256
128.4,0.140256
128.4,0.140256
128.4,0.140256
128.4,0.140256
128.4,0.140256
128.4,0.140256
129.6,0.0921257
129.6,0.0921257
129.6,0.0921257
129.6,0.0921257
129.6,0.0921257
129.6,0.0921257
129.6,0.0921257
129.6,0.0921257
129.6,0.0921257
129.6,0.0921257
129.6,0.0921257
129.6,0.0921257
129.6,0.0921257
129.6,0.0921257
129.6,0.0921257
129.6,0.0921257
129.6,0.0921257
129.6,0.0921257
130.8,0.0199817
130.8,0.0199817
130.8,0.0199817
130.8,0.0199817
130.8,0.0199817
130.8,0.0199817
130.8,0.0199817
130.8,0.0199817
130.8,0.0199817
130.8,0.0199817
130.8,0.0199817
130.8,0.0199817
130.8,0.0199817
130.8,0.0199817
130.8,0.0199817
130.8,0.0199817
130.8,0.0199817
130.8,0.0199817
132,0.0011717
132,0.0011717
132,0.0011717
132,0.0011717
132,0.0011717
132,0.0011717
132,0.0011717
132,0.0011717
132,0.0011717
132,0.0011717
132,0.0011717
132,0.0011717
132,0.0011717
132,0.0011717
132,0.0011717
132,0.0011717
132,0.0011717
132,0.0011717
133.2,0.000967929
133.2,0.000967929
133.2,0.000967929
133.2,0.000967929
133.2,0.000967929
133.2,0.000967929
133.2,0.000967929
133.2,0.000967929
133.2,0.000967929
133.2,0.000967929
133.2,0.000967929
133.2,0.000967929
133.2,0.000967929
133.2,0.000967929
133.2,0.000967929
133.2,0.000967929
133.2,0.000967929
133.2,0.000967929
134.4,0.177966
134.4,0.177966
134.4,0.177966
134.4,0.177966
134.4,0.177966
134.4,0.177966
134.4,0.177966
134.4,0.177966
134.4,0.177966
134.4,0.177966
134.4,0.177966
134.4,0.177966
134.4,0.177966
134.4,0.177966
134.4,0.177966
134.4,0.177966
134.4,0.177966
134.4,0.177966
135.6,0.173937
135.6,0.173937
135.6,0.173937
135.6,0.173937
135.6,0.173937
135.6,0.173937
135.6,0.173937
135.6,0.173937
135.6,0.173937
135.6,0.173937
135.6,0.173937
135.6,0.173937
135.6,0.173937
135.6,0.173937
135.6,0.173937
135.6,0.173937
135.6,0.173937
135.6,0.173937
136.8,0.0528677
136.8,0.0528677
136.8,0.0528677
136.8,0.0528677
136.8,0.0528677
136.8,0.0528677
136.8,0.0528677
136.8,0.0528677
136.8,0.0528677
136.8,0.0528677
136.8,0.0528677
136.8,0.0528677
136.8,0.0528677
136.8,0.0528677
136.8,0.0528677
136.8,0.0528677
136.8,0.0528677
136.8,0.0528677
138,0.0226621
138,0.0226621
138,0.0226621
138,0.0226621
138,0.0226621
138,0.0226621
138,0.0226621
138,0.0226621
138,0.0226621
138,0.0226621
138,0.0226621
138,0.0226621
138,0.0226621
138,0.0226621
138,0.0226621
138,0.0226621
138,0.0226621
138,0.0226621
139.2,0.00541962
139.2,0.00541962
139.2,0.00541962
139.2,0.00541962
139.2,0.00541962
139.2,0.00541962
139.2,0.00541962
139.2,0.00541962
139.2,0.00541962
139.2,0.00541962
139.2,0.00541962
139.2,0.00541962
139.2,0.00541962
139.2,0.00541962
139.2,0.00541962
139.2,0.00541962
139.2,0.00541962
139.2,0.00541962
140.4,0.0197583
140.4,0.0197583
140.4,0.0197583
140.4,0.0197583
140.4,0.0197583
140.4,0.0197583
140.4,0.0197583
140.4,0.0197583
140.4,0.0197583
140.4,0.0197583
140.4,0.0197583
140.4,0.0197583
140.4,0.0197583
140.4,0.0197583
140.4,0.0197583
140.4,0.0197583
140.4,0.0197583
140.4,0.0197583
141.6,0.110653
141.6,0.110653
141.6,0.110653
141.6,0.110653
141.6,0.110653
141.6,0.110653
141.6,0.110653
141.6,0.110653
141.6,0.110653
141.6,0.110653
141.6,0.110653
141.6,0.110653
141.6,0.110653
141.6,0.110653
141.6,0.110653
141.6,0.110653
141.6,0.110653
141.6,0.110653
142.8,0.188331
142.8,0.188331
142.8,0.188331
142.8,0.188331
142.8,0.188331
142.8,0.188331
142.8,0.188331
142.8,0.188331
142.8,0.188331
142.8,0.188331
142.8,0.188331
142.8,0.188331
142.8,0.188331
142.8,0.188331
142.8,0.188331
142.8,0.188331
142.8,0.188331
142.8,0.188331
144,0.206541
144,0.206541
144,0.206541
144,0.206541
144,0.206541
144,0.206541
144,0.206541
144,0.206541
144,0.206541
144,0.206541
144,0.206541
144,0.206541
144,0.206541
144,0.206541
144,0.206541
144,0.206541
144,0.206541
144,0.206541
145.2,0.110653
145.2,0.110653
145.2,0.110653
145.2,0.110653
145.2,0.110653
145.2,0.110653
145.2,0.110653
145.2,0.110653
145.2,0.110653
145.2,0.110653
145.2,0.110653
145.2,0.110653
145.2,0.110653
145.2,0.110653
145.2,0.110653
145.2,0.110653
145.2,0.110653
145.2,0.110653
146.4,0.0111214
146.4,0.0111214
146.4,0.0111214
146.4,0.0111214
146.4,0.0111214
146.4,0.0111214
146.4,0.0111214
146.4,0.0111214
146.4,0.0111214
146.4,0.0111214
146.4,0.0111214
146.4,0.0111214
146.4,0.0111214
146.4,0.0111214
146.4,0.0111214
146.4,0.0111214
146.4,0.0111214
146.4,0.0111214
147.6,0.00123048
147.6,0.00123048
147.6,0.00123048
147.6,0.00123048
147.6,0.00123048
147.6,0.00123048
147.6,0.00123048
147.6,0.00123048
147.6,0.00123048
147.6,0.00123048
147.6,0.00123048
147.6,0.00123048
147.6,0.00123048
147.6,0.00123048
147.6,0.00123048
147.6,0.00123048
147.6,0.00123048
147.6,0.00123048
148.8,0.00144602
148.8,0.00144602
148.8,0.00144602
148.8,0.00144602
148.8,0.00144602
148.8,0.00144602
148.8,0.00144602
148.8,0.00144602
148.8,0.00144602
148.8,0.00144602
148.8,0.00144602
148.8,0.00144602
148.8,0.00144602
148.8,0.00144602
148.8,0.00144602
148.8,0.00144602
148.8,0.00144602
148.8,0.00144602
150,0.00149696
150,0.00149696
150,0.00149696
150,0.00149696
150,0.00149696
150,0.00149696
150,0.00149696
150,0.00149696
150,0.00149696
150,0.00149696
150,0.00149696
150,0.00149696
150,0.00149696
150,0.00149696
150,0.00149696
150,0.00149696
150,0.00149696
150,0.00149696
151.2,0.0194918
151.2,0.0194918
151.2,0.0194918
151.2,0.0194918
151.2,0.0194918
151.2,0.0194918
151.2,0.0194918
151.2,0.0194918
151.2,0.0194918
151.2,0.0194918
151.2,0.0194918
151.2,0.0194918
151.2,0.0194918
151.2,0.0194918
151.2,0.0194918
151.2,0.0194918
151.2,0.0194918
151.2,0.0194918
152.4,0.0651216
152.4,0.0651216
152.4,0.0651216
152.4,0.0651216
152.4,0.0651216
152.4,0.0651216
152.4,0.0651216
152.4,0.0651216
152.4,0.0651216
152.4,0.0651216
152.4,0.0651216
152.4,0.0651216
152.4,0.0651216
152.4,0.0651216
152.4,0.0651216
152.4,0.0651216
152.4,0.0651216
152.4,0.0651216
153.6,0.0672809
153.6,0.0672809
153.6,0.0672809
153.6,0.0672809
153.6,0.0672809
153.6,0.0672809
153.6,0.0672809
153.6,0.0672809
153.6,0.0672809
153.6,0.0672809
153.6,0.0672809
153.6,0.0672809
153.6,0.0672809
153.6,0.0672809
153.6,0.0672809
153.6,0.0672809
153.6,0.0672809
153.6,0.0672809
154.8,0.0282816
154.8,0.0282816
154.8,0.0282816
154.8,0.0282816
154.8,0.0282816
154.8,0.0282816
154.8,0.0282816
154.8,0.0282816
154.8,0.0282816
154.8,0.0282816
154.8,0.0282816
154.8,0.0282816
154.8,0.0282816
154.8,0.0282816
154.8,0.0282816
154.8,0.0282816
154.8,0.0282816
154.8,0.0282816
156,0.013167
156,0.013167
156,0.013167
156,0.013167
156,0.013167
156,0.013167
156,0.013167
156,0.013167
156,0.013167
156,0.013167
156,0.013167
156,0.013167
156,0.013167
156,0.013167
156,0.013167
156,0.013167
156,0.013167
156,0.013167
157.2,0.0047456
157.2,0.0047456
157.2,0.0047456
157.2,0.0047456
157.2,0.0047456
157.2,0.0047456
157.2,0.0047456
157.2,0.0047456
157.2,0.0047456
157.2,0.0047456
157.2,0.0047456
157.2,0.0047456
157.2,0.0047456
157.2,0.0047456
157.2,0.0047456
157.2,0.0047456
157.2,0.0047456
157.2,0.0047456
158.4,0.00712427
158.4,0.00712427
158.4,0.00712427
158.4,0.00712427
158.4,0.00712427
158.4,0.00712427
158.4,0.00712427
158.4,0.00712427
158.4,0.00712427
158.4,0.00712427
158.4,0.00712427
158.4,0.00712427
158.4,0.00712427
158.4,0.00712427
158.4,0.00712427
158.4,0.00712427
158.4,0.00712427
158.4,0.00712427
159.6,0.0623668
159.6,0.0623668
159.6,0.0623668
159.6,0.0623668
159.6,0.0623668
159.6,0.0623668
159.6,0.0623668
159.6,0.0623668
159.6,0.0623668
159.6,0.0623668
159.6,0.0623668
159.6,0.0623668
159.6,0.0623668
159.6,0.0623668
159.6,0.0623668
159.6,0.0623668
159.6,0.0623668
159.6,0.0623668
160.8,0.052566
160.8,0.052566
160.8,0.052566
160.8,0.052566
160.8,0.052566
160.8,0.052566
160.8,0.052566
160.8,0.052566
160.8,0.052566
160.8,0.052566
160.8,0.052566
160.8,0.052566
160.8,0.052566
160.8,0.052566
160.8,0.052566
160.8,0.052566
160.8,0.052566
160.8,0.052566
162,0.0014225
162,0.0014225
162,0.0014225
162,0.0014225
162,0.0014225
162,0.0014225
162,0.0014225
162,0.0014225
162,0.0014225
162,0.0014225
162,0.0014225
162,0.0014225
162,0.0014225
162,0.0014225
162,0.0014225
162,0.0014225
162,0.0014225
162,0.0014225
163.2,0.0469622
163.2,0.0469622
163.2,0.0469622
163.2,0.0469622
163.2,0.0469622
163.2,0.0469622
163.2,0.0469622
163.2,0.0469622
163.2,0.0469622
163.2,0.0469622
163.2,0.0469622
163.2,0.0469622
163.2,0.0469622
163.2,0.0469622
163.2,0.0469622
163.2,0.0469622
163.2,0.0469622
163.2,0.0469622
164.4,0.0156554
164.4,0.0156554
164.4,0.0156554
164.4,0.0156554
164.4,0.0156554
164.4,0.0156554
164.4,0.0156554
164.4,0.0156554
164.4,0.0156554
164.4,0.0156554
164.4,0.0156554
164.4,0.0156554
164.4,0.0156554
164.4,0.0156554
164.4,0.0156554
164.4,0.0156554
164.4,0.0156554
164.4,0.0156554
165.6,0.00751615
165.6,0.00751615
165.6,0.00751615
165.6,0.00751615
165.6,0.00751615
165.6,0.00751615
165.6,0.00751615
165.6,0.00751615
165.6,0.00751615
165.6,0.00751615
165.6,0.00751615
165.6,0.00751615
165.6,0.00751615
165.6,0.00751615
165.6,0.00751615
165.6,0.00751615
165.6,0.00751615
165.6,0.00751615
166.8,0.0110861
166.8,0.0110861
166.8,0.0110861
166.8,0.0110861
166.8,0.0110861
166.8,0.0110861
166.8,0.0110861
166.8,0.0110861
166.8,0.0110861
166.8,0.0110861
166.8,0.0110861
166.8,0.0110861
166.8,0.0110861
166.8,0.0110861
166.8,0.0110861
166.8,0.0110861
166.8,0.0110861
166.8,0.0110861
168,0.0592279
168,0.0592279
168,0.0592279
168,0.0592279
168,0.0592279
168,0.0592279
168,0.0592279
168,0.0592279
168,0.0592279
168,0.0592279
168,0.0592279
168,0.0592279
168,0.0592279
168,0.0592279
168,0.0592279
168,0.0592279
168,0.0592279
168,0.0592279
169.2,0.0718227
169.2,0.0718227
169.2,0.0718227
169.2,0.0718227
169.2,0.0718227
169.2,0.0718227
169.2,0.0718227
169.2,0.0718227
169.2,0.0718227
169.2,0.0718227
169.2,0.0718227
169.2,0.0718227
169.2,0.0718227
169.2,0.0718227
169.2,0.0718227
169.2,0.0718227
169.2,0.0718227
169.2,0.0718227
170.4,0.0259852
170.4,0.0259852
170.4,0.0259852
170.4,0.0259852
170.4,0.0259852
170.4,0.0259852
170.4,0.0259852
170.4,0.0259852
170.4,0.0259852
170.4,0.0259852
170.4,0.0259852
170.4,0.0259852
170.4,0.0259852
170.4,0.0259852
170.4,0.0259852
170.4,0.0259852
170.4,0.0259852
170.4,0.0259852
171.6,0.00193586
171.6,0.00193586
171.6,0.00193586
171.6,0.00193586
171.6,0.00193586
171.6,0.00193586
171.6,0.00193586
171.6,0.00193586
171.6,0.00193586
171.6,0.00193586
171.6,0.00193586
171.6,0.00193586
171.6,0.00193586
171.6,0.00193586
171.6,0.00193586
171.6,0.00193586
171.6,0.00193586
171.6,0.00193586
172.8,0.0018183
172.8,0.0018183
172.8,0.0018183
172.8,0.0018183
172.8,0.0018183
172.8,0.0018183
172.8,0.0018183
172.8,0.0018183
172.8,0.0018183
172.8,0.0018183
172.8,0.0018183
172.8,0.0018183
172.8,0.0018183
172.8,0.0018183
172.8,0.0018183
172.8,0.0018183
172.8,0.0018183
172.8,0.0018183
174,0.00233557
174,0.00233557
174,0.00233557
174,0.00233557
174,0.00233557
174,0.00233557
174,0.00233557
174,0.00233557
174,0.00233557
174,0.00233557
174,0.00233557
174,0.00233557
174,0.00233557
174,0.00233557
174,0.00233557
174,0.00233557
174,0.00233557
174,0.00233557
175.2,0.0310795
175.2,0.0310795
175.2,0.0310795
175.2,0.0310795
175.2,0.0310795
175.2,0.0310795
175.2,0.0310795
175.2,0.0310795
175.2,0.0310795
175.2,0.0310795
175.2,0.0310795
175.2,0.0310795
175.2,0.0310795
175.2,0.0310795
175.2,0.0310795
175.2,0.0310795
175.2,0.0310795
175.2,0.0310795
176.4,0.120713
176.4,0.120713
176.4,0.120713
176.4,0.120713
176.4,0.120713
176.4,0.120713
176.4,0.120713
176.4,0.120713
176.4,0.120713
176.4,0.120713
176.4,0.120713
176.4,0.120713
176.4,0.120713
176.4,0.120713
176.4,0.120713
176.4,0.120713
176.4,0.120713
176.4,0.120713
177.6,0.13029
177.6,0.13029
177.6,0.13029
177.6,0.13029
177.6,0.13029
177.6,0.13029
177.6,0.13029
177.6,0.13029
177.6,0.13029
177.6,0.13029
177.6,0.13029
177.6,0.13029
177.6,0.13029
177.6,0.13029
177.6,0.13029
177.6,0.13029
177.6,0.13029
177.6,0.13029
178.8,0.111543
178.8,0.111543
178.8,0.111543
178.8,0.111543
178.8,0.111543
178.8,0.111543
178.8,0.111543
178.8,0.111543
178.8,0.111543
178.8,0.111543
178.8,0.111543
178.8,0.111543
178.8,0.111543
178.8,0.111543
178.8,0.111543
178.8,0.111543
178.8,0.111543
178.8,0.111543
180,0.0376003
180,0.0376003
180,0.0376003
180,0.0376003
180,0.0376003
180,0.0376003
180,0.0376003
180,0.0376003
180,0.0376003
180,0.0376003
180,0.0376003
180,0.0376003
180,0.0376003
180,0.0376003
180,0.0376003
180,0.0376003
180,0.0376003
180,0.0376003
181.2,0.0352099
181.2,0.0352099
181.2,0.0352099
181.2,0.0352099
181.2,0.0352099
181.2,0.0352099
181.2,0.0352099
181.2,0.0352099
181.2,0.0352099
181.2,0.0352099
181.2,0.0352099
181.2,0.0352099
181.2,0.0352099
181.2,0.0352099
181.2,0.0352099
181.2,0.0352099
181.2,0.0352099
181.2,0.0352099
182.4,0.0750165
182.4,0.0750165
182.4,0.0750165
182.4,0.0750165
182.4,0.0750165
182.4,0.0750165
182.4,0.0750165
182.4,0.0750165
182.4,0.0750165
182.4,0.0750165
182.4,0.0750165
182.4,0.0750165
182.4,0.0750165
182.4,0.0750165
182.4,0.0750165
182.4,0.0750165
182.4,0.0750165
182.4,0.0750165
183.6,0.0892454
183.6,0.0892454
183.6,0.0892454
183.6,0.0892454
183.6,0.0892454
183.6,0.0892454
183.6,0.0892454
183.6,0.0892454
183.6,0.0892454
183.6,0.0892454
183.6,0.0892454
183.6,0.0892454
183.6,0.0892454
183.6,0.0892454
183.6,0.0892454
183.6,0.0892454
183.6,0.0892454
183.6,0.0892454
184.8,0.0948218
184.8,0.0948218
184.8,0.0948218
184.8,0.0948218
184.8,0.0948218
184.8,0.0948218
184.8,0.0948218
184.8,0.0948218
184.8,0.0948218
184.8,0.0948218
184.8,0.0948218
184.8,0.0948218
184.8,0.0948218
184.8,0.0948218
184.8,0.0948218
184.8,0.0948218
184.8,0.0948218
184.8,0.0948218
186,0.0968909
186,0.0968909
186,0.0968909
186,0.0968909
186,0.0968909
186,0.0968909
186,0.0968909
186,0.0968909
186,0.0968909
186,0.0968909
186,0.0968909
186,0.0968909
186,0.0968909
186,0.0968909
186,0.0968909
186,0.0968909
186,0.0968909
186,0.0968909
187.2,0.0997555
187.2,0.0997555
187.2,0.0997555
187.2,0.0997555
187.2,0.0997555
187.2,0.0997555
187.2,0.0997555
187.2,0.0997555
187.2,0.0997555
187.2,0.0997555
187.2,0.0997555
187.2,0.0997555
187.2,0.0997555
187.2,0.0997555
187.2,0.0997555
187.2,0.0997555
187.2,0.0997555
187.2,0.0997555
188.4,0.100124
188.4,0.100124
188.4,0.100124
188.4,0.100124
188.4,0.100124
188.4,0.100124
188.4,0.100124
188.4,0.100124
188.4,0.100124
188.4,0.100124
188.4,0.100124
188.4,0.100124
188.4,0.100124
188.4,0.100124
188.4,0.100124
188.4,0.100124
188.4,0.100124
188.4,0.100124
189.6,0.102749
189.6,0.102749
189.6,0.102749
189.6,0.102749
189.6,0.102749
189.6,0.102749
189.6,0.102749
189.6,0.102749
189.6,0.102749
189.6,0.102749
189.6,0.102749
189.6,0.102749
189.6,0.102749
189.6,0.102749
189.6,0.102749
189.6,0.102749
189.6,0.102749
189.6,0.102749
190.8,0.100884
190.8,0.100884
190.8,0.100884
190.8,0.100884
190.8,0.100884
190.8,0.100884
190.8,0.100884
190.8,0.100884
190.8,0.100884
190.8,0.100884
190.8,0.100884
190.8,0.100884
190.8,0.100884
190.8,0.100884
190.8,0.100884
190.8,0.100884
190.8,0.100884
190.8,0.100884
192,0.106821
192,0.106821
192,0.106821
192,0.106821
192,0.106821
192,0.106821
192,0.106821
192,0.106821
192,0.106821
192,0.106821
192,0.106821
192,0.106821
192,0.106821
192,0.106821
192,0.106821
192,0.106821
192,0.106821
192,0.106821
193.2,0.107205
193.2,0.107205
193.2,0.107205
193.2,0.107205
193.2,0.107205
193.2,0.107205
193.2,0.107205
193.2,0.107205
193.2,0.107205
193.2,0.107205
193.2,0.107205
193.2,0.107205
193.2,0.107205
193.2,0.107205
193.2,0.107205
193.2,0.107205
193.2,0.107205
193.2,0.107205
194.4,0.105649
194.4,0.105649
194.4,0.105649
194.4,0.105649
194.4,0.105649
194.4,0.105649
194.4,0.105649
194.4,0.105649
194.4,0.105649
194.4,0.105649
194.4,0.105649
194.4,0.105649
194.4,0.105649
194.4,0.105649
194.4,0.105649
194.4,0.105649
194.4,0.105649
194.4,0.105649
195.6,0.110877
195.6,0.110877
195.6,0.110877
195.6,0.110877
195.6,0.110877
195.6,0.110877
195.6,0.110877
195.6,0.110877
195.6,0.110877
195.6,0.110877
195.6,0.110877
195.6,0.110877
195.6,0.110877
195.6,0.110877
195.6,0.110877
195.6,0.110877
195.6,0.110877
195.6,0.110877
196.8,0.13522
196.8,0.13522
196.8,0.13522
196.8,0.13522
196.8,0.13522
196.8,0.13522
196.8,0.13522
196.8,0.13522
196.8,0.13522
196.8,0.13522
196.8,0.13522
196.8,0.13522
196.8,0.13522
196.8,0.13522
196.8,0.13522
196.8,0.13522
196.8,0.13522
196.8,0.13522
198,0.169297
198,0.169297
198,0.169297
198,0.169297
198,0.169297
198,0.169297
198,0.169297
198,0.169297
198,0.169297
198,0.169297
198,0.169297
198,0.169297
198,0.169297
198,0.169297
198,0.169297
198,0.169297
198,0.169297
198,0.169297
199.2,0.205201
199.2,0.205201
199.2,0.205201
199.2,0.205201
199.2,0.205201
199.2,0.205201
199.2,0.205201
199.2,0.205201
199.2,0.205201
199.2,0.205201
199.2,0.205201
199.2,0.205201
199.2,0.205201
199.2,0.205201
199.2,0.205201
199.2,0.205201
199.2,0.205201
199.2,0.205201
200.4,0.283388
200.4,0.283388
200.4,0.283388
200.4,0.283388
200.4,0.283388
200.4,0.283388
200.4,0.283388
200.4,0.283388
200.4,0.283388
200.4,0.283388
200.4,0.283388
200.4,0.283388
200.4,0.283388
200.4,0.283388
200.4,0.283388
200.4,0.283388
200.4,0.283388
200.4,0.283388
201.6,0.322567
201.6,0.322567
201.6,0.322567
201.6,0.322567
201.6,0.322567
201.6,0.322567
201.6,0.322567
201.6,0.322567
201.6,0.322567
201.6,0.322567
201.6,0.322567
201.6,0.322567
201.6,0.322567
201.6,0.322567
201.6,0.322567
201.6,0.322567
201.6,0.322567
201.6,0.322567
202.8,0.315267
202.8,0.315267
202.8,0.315267
202.8,0.315267
202.8,0.315267
202.8,0.315267
202.8,0.315267
202.8,0.315267
202.8,0.315267
202.8,0.315267
202.8,0.315267
202.8,0.315267
202.8,0.315267
202.8,0.315267
202.8,0.315267
202.8,0.315267
202.8,0.315267
202.8,0.315267
204,0.322352
204,0.322352
204,0.322352
204,0.322352
204,0.322352
204,0.322352
204,0.322352
204,0.322352
204,0.322352
204,0.322352
204,0.322352
204,0.322352
204,0.322352
204,0.322352
204,0.322352
204,0.322352
204,0.322352
204,0.322352
205.2,0.355493
205.2,0.355493
205.2,0.355493
205.2,0.355493
205.2,0.355493
205.2,0.355493
205.2,0.355493
205.2,0.355493
205.2,0.355493
205.2,0.355493
205.2,0.355493
205.2,0.355493
205.2,0.355493
205.2,0.355493
205.2,0.355493
205.2,0.355493
205.2,0.355493
205.2,0.355493
206.4,0.366402
206.4,0.366402
206.4,0.366402
206.4,0.366402
206.4,0.366402
206.4,0.366402
206.4,0.366402
206.4,0.366402
206.4,0.366402
206.4,0.366402
206.4,0.366402
206.4,0.366402
206.4,0.366402
206.4,0.366402
206.4,0.366402
206.4,0.366402
206.4,0.366402
206.4,0.366402
207.6,0.350175
207.6,0.350175
207.6,0.350175
207.6,0.350175
207.6,0.350175
207.6,0.350175
207.6,0.350175
207.6,0.350175
207.6,0.350175
207.6,0.350175
207.6,0.350175
207.6,0.350175
207.6,0.350175
207.6,0.350175
207.6,0.350175
207.6,0.350175
207.6,0.350175
207.6,0.350175
208.8,0.354062
208.8,0.354062
208.8,0.354062
208.8,0.354062
208.8,0.354062
208.8,0.354062
208.8,0.354062
208.8,0.354062
208.8,0.354062
208.8,0.354062
208.8,0.354062
208.8,0.354062
208.8,0.354062
208.8,0.354062
208.8,0.354062
208.8,0.354062
208.8,0.354062
208.8,0.354062
210,0.364553
210,0.364553
210,0.364553
210,0.364553
210,0.364553
210,0.364553
210,0.364553
210,0.364553
210,0.364553
210,0.364553
210,0.364553
210,0.364553
210,0.364553
210,0.364553
210,0.364553
210,0.364553
210,0.364553
210,0.364553
211.2,0.36962
211.2,0.36962
211.2,0.36962
211.2,0.36962
211.2,0.36962
211.2,0.36962
211.2,0.36962
211.2,0.36962
211.2,0.36962
211.2,0.36962
211.2,0.36962
211.2,0.36962
211.2,0.36962
211.2,0.36962
211.2,0.36962
211.2,0.36962
211.2,0.36962
211.2,0.36962
212.4,0.381407
212.4,0.381407
212.4,0.381407
212.4,0.381407
212.4,0.381407
212.4,0.381407
212.4,0.381407
212.4,0.381407
212.4,0.381407
212.4,0.381407
212.4,0.381407
212.4,0.381407
212.4,0.381407
212.4,0.381407
212.4,0.381407
212.4,0.381407
212.4,0.381407
212.4,0.381407
213.6,0.407349
213.6,0.407349
213.6,0.407349
213.6,0.407349
213.6,0.407349
213.6,0.407349
213.6,0.407349
213.6,0.407349
213.6,0.407349
213.6,0.407349
213.6,0.407349
213.6,0.407349
213.6,0.407349
213.6,0.407349
213.6,0.407349
213.6,0.407349
213.6,0.407349
213.6,0.407349
214.8,0.41177
214.8,0.41177
214.8,0.41177
214.8,0.41177
214.8,0.41177
214.8,0.41177
214.8,0.41177
214.8,0.41177
214.8,0.41177
214.8,0.41177
214.8,0.41177
214.8,0.41177
214.8,0.41177
214.8,0.41177
214.8,0.41177
214.8,0.41177
214.8,0.41177
214.8,0.41177
216,0.413459
216,0.413459
216,0.413459
216,0.413459
216,0.413459
216,0.413459
216,0.413459
216,0.413459
216,0.413459
216,0.413459
216,0.413459
216,0.413459
216,0.413459
216,0.413459
216,0.413459
216,0.413459
216,0.413459
216,0.413459
217.2,0.414905
217.2,0.414905
217.2,0.414905
217.2,0.414905
217.2,0.414905
217.2,0.414905
217.2,0.414905
217.2,0.414905
217.2,0.414905
217.2,0.414905
217.2,0.414905
217.2,0.414905
217.2,0.414905
217.2,0.414905
217.2,0.414905
217.2,0.414905
217.2,0.414905
217.2,0.414905
218.4,0.420222
218.4,0.420222
218.4,0.420222
218.4,0.420222
218.4,0.420222
218.4,0.420222
218.4,0.420222
218.4,0.420222
218.4,0.420222
218.4,0.420222
218.4,0.420222
218.4,0.420222
218.4,0.420222
218.4,0.420222
218.4,0.420222
218.4,0.420222
218.4,0.420222
218.4,0.420222
219.6,0.409967
219.6,0.409967
219.6,0.409967
219.6,0.409967
219.6,0.409967
219.6,0.409967
219.6,0.409967
219.6,0.409967
219.6,0.409967
219.6,0.409967
219.6,0.409967
219.6,0.409967
219.6,0.409967
219.6,0.409967
219.6,0.409967
219.6,0.409967
219.6,0.409967
219.6,0.409967
220.8,0.400558
220.8,0.400558
220.8,0.400558
220.8,0.400558
220.8,0.400558
220.8,0.400558
220.8,0.400558
220.8,0.400558
220.8,0.400558
220.8,0.400558
220.8,0.400558
220.8,0.400558
220.8,0.400558
220.8,0.400558
220.8,0.400558
220.8,0.400558
220.8,0.400558
220.8,0.400558
222,0.4028
222,0.4028
222,0.4028
222,0.4028
222,0.4028
222,0.4028
222,0.4028
222,0.4028
222,0.4028
222,0.4028
222,0.4028
222,0.4028
222,0.4028
222,0.4028
222,0.4028
222,0.4028
222,0.4028
222,0.4028
223.2,0.404391
223.2,0.404391
223.2,0.404391
223.2,0.404391
223.2,0.404391
223.2,0.404391
223.2,0.404391
223.2,0.404391
223.2,0.404391
223.2,0.404391
223.2,0.404391
223.2,0.404391
223.2,0.404391
223.2,0.404391
223.2,0.404391
223.2,0.404391
223.2,0.404391
223.2,0.404391
224.4,0.405723
224.4,0.405723
224.4,0.405723
224.4,0.405723
224.4,0.405723
224.4,0.405723
224.4,0.405723
224.4,0.405723
224.4,0.405723
224.4,0.405723
224.4,0.405723
224.4,0.405723
224.4,0.405723
224.4,0.405723
224.4,0.405723
224.4,0.405723
224.4,0.405723
224.4,0.405723
225.6,0.413854
225.6,0.413854
225.6,0.413854
225.6,0.413854
225.6,0.413854
225.6,0.413854
225.6,0.413854
225.6,0.413854
225.6,0.413854
225.6,0.413854
225.6,0.413854
225.6,0.413854
225.6,0.413854
225.6,0.413854
225.6,0.413854
225.6,0.413854
225.6,0.413854
225.6,0.413854
226.8,0.411319
226.8,0.411319
226.8,0.411319
226.8,0.411319
226.8,0.411319
226.8,0.411319
226.8,0.411319
226.8,0.411319
226.8,0.411319
226.8,0.411319
226.8,0.411319
226.8,0.411319
226.8,0.411319
226.8,0.411319
226.8,0.411319
226.8,0.411319
226.8,0.411319
226.8,0.411319
228,0.414136
228,0.414136
228,0.414136
228,0.414136
228,0.414136
228,0.414136
228,0.414136
228,0.414136
228,0.414136
228,0.414136
228,0.414136
228,0.414136
228,0.414136
228,0.414136
228,0.414136
228,0.414136
228,0.414136
228,0.414136
229.2,0.418678
229.2,0.418678
229.2,0.418678
229.2,0.418678
229.2,0.418678
229.2,0.418678
229.2,0.418678
229.2,0.418678
229.2,0.418678
229.2,0.418678
229.2,0.418678
229.2,0.418678
229.2,0.418678
229.2,0.418678
229.2,0.418678
229.2,0.418678
229.2,0.418678
229.2,0.418678
230.4,0.420567
230.4,0.420567
230.4,0.420567
230.4,0.420567
230.4,0.420567
230.4,0.420567
230.4,0.420567
230.4,0.420567
230.4,0.420567
230.4,0.420567
230.4,0.420567
230.4,0.420567
230.4,0.420567
230.4,0.420567
230.4,0.420567
230.4,0.420567
230.4,0.420567
230.4,0.420567
231.6,0.412432
231.6,0.412432
231.6,0.412432
231.6,0.412432
231.6,0.412432
231.6,0.412432
231.6,0.412432
231.6,0.412432
231.6,0.412432
231.6,0.412432
231.6,0.412432
231.6,0.412432
231.6,0.412432
231.6,0.412432
231.6,0.412432
231.6,0.412432
231.6,0.412432
231.6,0.412432
232.8,0.411186
232.8,0.411186
232.8,0.411186
232.8,0.411186
232.8,0.411186
232.8,0.411186
232.8,0.411186
232.8,0.411186
232.8,0.411186
232.8,0.411186
232.8,0.411186
232.8,0.411186
232.8,0.411186
232.8,0.411186
232.8,0.411186
232.8,0.411186
232.8,0.411186
232.8,0.411186
234,0.409955
234,0.409955
234,0.409955
234,0.409955
234,0.409955
234,0.409955
234,0.409955
234,0.409955
234,0.409955
234,0.409955
234,0.409955
234,0.409955
234,0.409955
234,0.409955
234,0.409955
234,0.409955
234,0.409955
234,0.409955
235.2,0.412197
235.2,0.412197
235.2,0.412197
235.2,0.412197
235.2,0.412197
235.2,0.412197
235.2,0.412197
235.2,0.412197
235.2,0.412197
235.2,0.412197
235.2,0.412197
235.2,0.412197
235.2,0.412197
235.2,0.412197
235.2,0.412197
235.2,0.412197
235.2,0.412197
235.2,0.412197
236.4,0.414376
236.4,0.414376
236.4,0.414376
236.4,0.414376
236.4,0.414376
236.4,0.414376
236.4,0.414376
236.4,0.414376
236.4,0.414376
236.4,0.414376
236.4,0.414376
236.4,0.414376
236.4,0.414376
236.4,0.414376
236.4,0.414376
236.4,0.414376
236.4,0.414376
236.4,0.414376
237.6,0.416695
237.6,0.416695
237.6,0.416695
237.6,0.416695
237.6,0.416695
237.6,0.416695
237.6,0.416695
237.6,0.416695
237.6,0.416695
237.6,0.416695
237.6,0.416695
237.6,0.416695
237.6,0.416695
237.6,0.416695
237.6,0.416695
237.6,0.416695
237.6,0.416695
237.6,0.416695
238.8,0.417816
238.8,0.417816
238.8,0.417816
238.8,0.417816
238.8,0.417816
238.8,0.417816
238.8,0.417816
238.8,0.417816
238.8,0.417816
238.8,0.417816
238.8,0.417816
238.8,0.417816
238.8,0.417816
238.8,0.417816
238.8,0.417816
238.8,0.417816
238.8,0.417816
238.8,0.417816
240,0.412906
240,0.412906
240,0.412906
240,0.412906
240,0.412906
240,0.412906
240,0.412906
240,0.412906
240,0.412906
240,0.412906
240,0.412906
240,0.412906
240,0.412906
240,0.412906
240,0.412906
240,0.412906
240,0.412906
240,0.412906
241.2,0.4163
241.2,0.4163
241.2,0.4163
241.2,0.4163
241.2,0.4163
241.2,0.4163
241.2,0.4163
241.2,0.4163
241.2,0.4163
241.2,0.4163
241.2,0.4163
241.2,0.4163
241.2,0.4163
241.2,0.4163
241.2,0.4163
241.2,0.4163
241.2,0.4163
241.2,0.4163
242.4,0.415919
242.4,0.415919
242.4,0.415919
242.4,0.415919
242.4,0.415919
242.4,0.415919
242.4,0.415919
242.4,0.415919
242.4,0.415919
242.4,0.415919
242.4,0.415919
242.4,0.415919
242.4,0.415919
242.4,0.415919
242.4,0.415919
242.4,0.415919
242.4,0.415919
242.4,0.415919
243.6,0.415065
243.6,0.415065
243.6,0.415065
243.6,0.415065
243.6,0.415065
243.6,0.415065
243.6,0.415065
243.6,0.415065
243.6,0.415065
243.6,0.415065
243.6,0.415065
243.6,0.415065
243.6,0.415065
243.6,0.415065
243.6,0.415065
243.6,0.415065
243.6,0.415065
243.6,0.415065
244.8,0.41137
244.8,0.41137
244.8,0.41137
244.8,0.41137
244.8,0.41137
244.8,0.41137
244.8,0.41137
244.8,0.41137
244.8,0.41137
244.8,0.41137
244.8,0.41137
244.8,0.41137
244.8,0.41137
244.8,0.41137
244.8,0.41137
244.8,0.41137
244.8,0.41137
244.8,0.41137
246,0.421351
246,0.421351
246,0.421351
246,0.421351
246,0.421351
246,0.421351
246,0.421351
246,0.421351
246,0.421351
246,0.421351
246,0.421351
246,0.421351
246,0.421351
246,0.421351
246,0.421351
246,0.421351
246,0.421351
246,0.421351
247.2,0.418228
247.2,0.418228
247.2,0.418228
247.2,0.418228
247.2,0.418228
247.2,0.418228
247.2,0.418228
247.2,0.418228
247.2,0.418228
247.2,0.418228
247.2,0.418228
247.2,0.418228
247.2,0.418228
247.2,0.418228
247.2,0.418228
247.2,0.418228
247.2,0.418228
247.2,0.418228
248.4,0.419007
248.4,0.419007
248.4,0.419007
248.4,0.419007
248.4,0.419007
248.4,0.419007
248.4,0.419007
248.4,0.419007
248.4,0.419007
248.4,0.419007
248.4,0.419007
248.4,0.419007
248.4,0.419007
248.4,0.419007
248.4,0.419007
248.4,0.419007
248.4,0.419007
248.4,0.419007
249.6,0.414716
249.6,0.414716
249.6,0.414716
249.6,0.414716
249.6,0.414716
249.6,0.414716
249.6,0.414716
249.6,0.414716
249.6,0.414716
249.6,0.414716
249.6,0.414716
249.6,0.414716
249.6,0.414716
249.6,0.414716
249.6,0.414716
249.6,0.414716
249.6,0.414716
249.6,0.414716
250.8,0.412718
250.8,0.412718
250.8,0.412718
250.8,0.412718
250.8,0.412718
250.8,0.412718
250.8,0.412718
250.8,0.412718
250.8,0.412718
250.8,0.412718
250.8,0.412718
250.8,0.412718
250.8,0.412718
250.8,0.412718
250.8,0.412718
250.8,0.412718
250.8,0.412718
250.8,0.412718
252,0.413411
252,0.413411
252,0.413411
252,0.413411
252,0.413411
252,0.413411
252,0.413411
252,0.413411
252,0.413411
252,0.413411
252,0.413411
252,0.413411
252,0.413411
252,0.413411
252,0.413411
252,0.413411
252,0.413411
252,0.413411
253.2,0.429576
253.2,0.429576
253.2,0.429576
253.2,0.429576
253.2,0.429576
253.2,0.429576
253.2,0.429576
253.2,0.429576
253.2,0.429576
253.2,0.429576
253.2,0.429576
253.2,0.429576
253.2,0.429576
253.2,0.429576
253.2,0.429576
253.2,0.429576
253.2,0.429576
253.2,0.429576
254.4,0.435631
254.4,0.435631
254.4,0.435631
254.4,0.435631
254.4,0.435631
254.4,0.435631
254.4,0.435631
254.4,0.435631
254.4,0.435631
254.4,0.435631
254.4,0.435631
254.4,0.435631
254.4,0.435631
254.4,0.435631
254.4,0.435631
254.4,0.435631
254.4,0.435631
254.4,0.435631
255.6,0.445878
255.6,0.445878
255.6,0.445878
255.6,0.445878
255.6,0.445878
255.6,0.445878
255.6,0.445878
255.6,0.445878
255.6,0.445878
255.6,0.445878
255.6,0.445878
255.6,0.445878
255.6,0.445878
255.6,0.445878
255.6,0.445878
255.6,0.445878
255.6,0.445878
255.6,0.445878
256.8,0.444107
256.8,0.444107
256.8,0.444107
256.8,0.444107
256.8,0.444107
256.8,0.444107
256.8,0.444107
256.8,0.444107
256.8,0.444107
256.8,0.444107
256.8,0.444107
256.8,0.444107
256.8,0.444107
256.8,0.444107
256.8,0.444107
256.8,0.444107
256.8,0.444107
256.8,0.444107
258,0.441956
258,0.441956
258,0.441956
258,0.441956
258,0.441956
258,0.441956
258,0.441956
258,0.441956
258,0.441956
258,0.441956
258,0.441956
258,0.441956
258,0.441956
258,0.441956
258,0.441956
258,0.441956
258,0.441956
258,0.441956
259.2,0.444048
259.2,0.444048
259.2,0.444048
259.2,0.444048
259.2,0.444048
259.2,0.444048
259.2,0.444048
259.2,0.444048
259.2,0.444048
259.2,0.444048
259.2,0.444048
259.2,0.444048
259.2,0.444048
259.2,0.444048
259.2,0.444048
259.2,0.444048
259.2,0.444048
259.2,0.444048
260.4,0.440192
260.4,0.440192
260.4,0.440192
260.4,0.440192
260.4,0.440192
260.4,0.440192
260.4,0.440192
260.4,0.440192
260.4,0.440192
260.4,0.440192
260.4,0.440192
260.4,0.440192
260.4,0.440192
260.4,0.440192
260.4,0.440192
260.4,0.440192
260.4,0.440192
260.4,0.440192
261.6,0.440764
261.6,0.440764
261.6,0.440764
261.6,0.440764
261.6,0.440764
261.6,0.440764
261.6,0.440764
261.6,0.440764
261.6,0.440764
261.6,0.440764
261.6,0.440764
261.6,0.440764
261.6,0.440764
261.6,0.440764
261.6,0.440764
261.6,0.440764
261.6,0.440764
261.6,0.440764
262.8,0.438848
262.8,0.438848
262.8,0.438848
262.8,0.438848
262.8,0.438848
262.8,0.438848
262.8,0.438848
262.8,0.438848
262.8,0.438848
262.8,0.438848
262.8,0.438848
262.8,0.438848
262.8,0.438848
262.8,0.438848
262.8,0.438848
262.8,0.438848
262.8,0.438848
262.8,0.438848
264,0.438789
264,0.438789
264,0.438789
264,0.438789
264,0.438789
264,0.438789
264,0.438789
264,0.438789
264,0.438789
264,0.438789
264,0.438789
264,0.438789
264,0.438789
264,0.438789
264,0.438789
264,0.438789
264,0.438789
264,0.438789
265.2,0.438268
265.2,0.438268
265.2,0.438268
265.2,0.438268
265.2,0.438268
265.2,0.438268
265.2,0.438268
265.2,0.438268
265.2,0.438268
265.2,0.438268
265.2,0.438268
265.2,0.438268
265.2,0.438268
265.2,0.438268
265.2,0.438268
265.2,0.438268
265.2,0.438268
265.2,0.438268
266.4,0.437853
266.4,0.437853
266.4,0.437853
266.4,0.437853
266.4,0.437853
266.4,0.437853
266.4,0.437853
266.4,0.437853
266.4,0.437853
266.4,0.437853
266.4,0.437853
266.4,0.437853
266.4,0.437853
266.4,0.437853
266.4,0.437853
266.4,0.437853
266.4,0.437853
266.4,0.437853
267.6,0.439416
267.6,0.439416
267.6,0.439416
267.6,0.439416
267.6,0.439416
267.6,0.439416
267.6,0.439416
267.6,0.439416
267.6,0.439416
267.6,0.439416
267.6,0.439416
267.6,0.439416
267.6,0.439416
267.6,0.439416
267.6,0.439416
267.6,0.439416
267.6,0.439416
267.6,0.439416
268.8,0.432786
268.8,0.432786
268.8,0.432786
268.8,0.432786
268.8,0.432786
268.8,0.432786
268.8,0.432786
268.8,0.432786
268.8,0.432786
268.8,0.432786
268.8,0.432786
268.8,0.432786
268.8,0.432786
268.8,0.432786
268.8,0.432786
268.8,0.432786
268.8,0.432786
268.8,0.432786
270,0.437183
270,0.437183
270,0.437183
270,0.437183
270,0.437183
270,0.437183
270,0.437183
270,0.437183
270,0.437183
270,0.437183
270,0.437183
270,0.437183
270,0.437183
270,0.437183
270,0.437183
270,0.437183
270,0.437183
270,0.437183
271.2,0.435298
271.2,0.435298
271.2,0.435298
271.2,0.435298
271.2,0.435298
271.2,0.435298
271.2,0.435298
271.2,0.435298
271.2,0.435298
271.2,0.435298
271.2,0.435298
271.2,0.435298
271.2,0.435298
271.2,0.435298
271.2,0.435298
271.2,0.435298
271.2,0.435298
271.2,0.435298
272.4,0.438233
272.4,0.438233
272.4,0.438233
272.4,0.438233
272.4,0.438233
272.4,0.438233
272.4,0.438233
272.4,0.438233
272.4,0.438233
272.4,0.438233
272.4,0.438233
272.4,0.438233
272.4,0.438233
272.4,0.438233
272.4,0.438233
272.4,0.438233
272.4,0.438233
272.4,0.438233
273.6,0.439071
273.6,0.439071
273.6,0.439071
273.6,0.439071
273.6,0.439071
273.6,0.439071
273.6,0.439071
273.6,0.439071
273.6,0.439071
273.6,0.439071
273.6,0.439071
273.6,0.439071
273.6,0.439071
273.6,0.439071
273.6,0.439071
273.6,0.439071
273.6,0.439071
273.6,0.439071
274.8,0.436638
274.8,0.436638
274.8,0.436638
274.8,0.436638
274.8,0.436638
274.8,0.436638
274.8,0.436638
274.8,0.436638
274.8,0.436638
274.8,0.436638
274.8,0.436638
274.8,0.436638
274.8,0.436638
274.8,0.436638
274.8,0.436638
274.8,0.436638
274.8,0.436638
274.8,0.436638
276,0.441862
276,0.441862
276,0.441862
276,0.441862
276,0.441862
276,0.441862
276,0.441862
276,0.441862
276,0.441862
276,0.441862
276,0.441862
276,0.441862
276,0.441862
276,0.441862
276,0.441862
276,0.441862
276,0.441862
276,0.441862
277.2,0.453034
277.2,0.453034
277.2,0.453034
277.2,0.453034
277.2,0.453034
277.2,0.453034
277.2,0.453034
277.2,0.453034
277.2,0.453034
277.2,0.453034
277.2,0.453034
277.2,0.453034
277.2,0.453034
277.2,0.453034
277.2,0.453034
277.2,0.453034
277.2,0.453034
277.2,0.453034
278.4,0.473482
278.4,0.473482
278.4,0.473482
278.4,0.473482
278.4,0.473482
278.4,0.473482
278.4,0.473482
278.4,0.473482
278.4,0.473482
278.4,0.473482
278.4,0.473482
278.4,0.473482
278.4,0.473482
278.4,0.473482
278.4,0.473482
278.4,0.473482
278.4,0.473482
278.4,0.473482
279.6,0.451529
279.6,0.451529
279.6,0.451529
279.6,0.451529
279.6,0.451529
279.6,0.451529
279.6,0.451529
279.6,0.451529
279.6,0.451529
279.6,0.451529
279.6,0.451529
279.6,0.451529
279.6,0.451529
279.6,0.451529
279.6,0.451529
279.6,0.451529
279.6,0.451529
279.6,0.451529
280.8,0.44629
280.8,0.44629
280.8,0.44629
280.8,0.44629
280.8,0.44629
280.8,0.44629
280.8,0.44629
280.8,0.44629
280.8,0.44629
280.8,0.44629
280.8,0.44629
280.8,0.44629
280.8,0.44629
280.8,0.44629
280.8,0.44629
280.8,0.44629
280.8,0.44629
280.8,0.44629
282,0.406573
282,0.406573
282,0.406573
282,0.406573
282,0.406573
282,0.406573
282,0.406573
282,0.406573
282,0.406573
282,0.406573
282,0.406573
282,0.406573
282,0.406573
282,0.406573
282,0.406573
282,0.406573
282,0.406573
282,0.406573
283.2,0.366524
283.2,0.366524
283.2,0.366524
283.2,0.366524
283.2,0.366524
283.2,0.366524
283.2,0.366524
283.2,0.366524
283.2,0.366524
283.2,0.366524
283.2,0.366524
283.2,0.366524
283.2,0.366524
283.2,0.366524
283.2,0.366524
283.2,0.366524
283.2,0.366524
283.2,0.366524
284.4,0.353909
284.4,0.353909
284.4,0.353909
284.4,0.353909
284.4,0.353909
284.4,0.353909
284.4,0.353909
284.4,0.353909
284.4,0.353909
284.4,0.353909
284.4,0.353909
284.4,0.353909
284.4,0.353909
284.4,0.353909
284.4,0.353909
284.4,0.353909
284.4,0.353909
284.4,0.353909
285.6,0.336769
285.6,0.336769
285.6,0.336769
285.6,0.336769
285.6,0.336769
285.6,0.336769
285.6,0.336769
285.6,0.336769
285.6,0.336769
285.6,0.336769
285.6,0.336769
285.6,0.336769
285.6,0.336769
285.6,0.336769
285.6,0.336769
285.6,0.336769
285.6,0.336769
285.6,0.336769
286.8,0.337474
286.8,0.337474
286.8,0.337474
286.8,0.337474
286.8,0.337474
286.8,0.337474
286.8,0.337474
286.8,0.337474
286.8,0.337474
286.8,0.337474
286.8,0.337474
286.8,0.337474
286.8,0.337474
286.8,0.337474
286.8,0.337474
286.8,0.337474
286.8,0.337474
286.8,0.337474
288,0.319609
288,0.319609
288,0.319609
288,0.319609
288,0.319609
288,0.319609
288,0.319609
288,0.319609
288,0.319609
288,0.319609
288,0.319609
288,0.319609
288,0.319609
288,0.319609
288,0.319609
288,0.319609
288,0.319609
288,0.319609
289.2,0.261725
289.2,0.261725
289.2,0.261725
289.2,0.261725
289.2,0.261725
289.2,0.261725
289.2,0.261725
289.2,0.261725
289.2,0.261725
289.2,0.261725
289.2,0.261725
289.2,0.261725
289.2,0.261725
289.2,0.261725
289.2,0.261725
289.2,0.261725
289.2,0.261725
289.2,0.261725
290.4,0.274547
290.4,0.274547
290.4,0.274547
290.4,0.274547
290.4,0.274547
290.4,0.274547
290.4,0.274547
290.4,0.274547
290.4,0.274547
290.4,0.274547
290.4,0.274547
290.4,0.274547
290.4,0.274547
290.4,0.274547
290.4,0.274547
290.4,0.274547
290.4,0.274547
290.4,0.274547
291.6,0.272717
291.6,0.272717
291.6,0.272717
291.6,0.272717
291.6,0.272717
291.6,0.272717
291.6,0.272717
291.6,0.272717
291.6,0.272717
291.6,0.272717
291.6,0.272717
291.6,0.272717
291.6,0.272717
291.6,0.272717
291.6,0.272717
291.6,0.272717
291.6,0.272717
291.6,0.272717
292.8,0.247888
292.8,0.247888
292.8,0.247888
292.8,0.247888
292.8,0.247888
292.8,0.247888
292.8,0.247888
292.8,0.247888
292.8,0.247888
292.8,0.247888
292.8,0.247888
292.8,0.247888
292.8,0.247888
292.8,0.247888
292.8,0.247888
292.8,0.247888
292.8,0.247888
292.8,0.247888
294,0.247845
294,0.247845
294,0.247845
294,0.247845
294,0.247845
294,0.247845
294,0.247845
294,0.247845
294,0.247845
294,0.247845
294,0.247845
294,0.247845
294,0.247845
294,0.247845
294,0.247845
294,0.247845
294,0.247845
294,0.247845
295.2,0.290931
295.2,0.290931
295.2,0.290931
295.2,0.290931
295.2,0.290931
295.2,0.290931
295.2,0.290931
295.2,0.290931
295.2,0.290931
295.2,0.290931
295.2,0.290931
295.2,0.290931
295.2,0.290931
295.2,0.290931
295.2,0.290931
295.2,0.290931
295.2,0.290931
295.2,0.290931
296.4,0.303169
296.4,0.303169
296.4,0.303169
296.4,0.303169
296.4,0.303169
296.4,0.303169
296.4,0.303169
296.4,0.303169
296.4,0.303169
296.4,0.303169
296.4,0.303169
296.4,0.303169
296.4,0.303169
296.4,0.303169
296.4,0.303169
296.4,0.303169
296.4,0.303169
296.4,0.303169
297.6,0.288435
297.6,0.288435
297.6,0.288435
297.6,0.288435
297.6,0.288435
297.6,0.288435
297.6,0.288435
297.6,0.288435
297.6,0.288435
297.6,0.288435
297.6,0.288435
297.6,0.288435
297.6,0.288435
297.6,0.288435
297.6,0.288435
297.6,0.288435
297.6,0.288435
297.6,0.288435
298.8,0.253519
298.8,0.253519
298.8,0.253519
298.8,0.253519
298.8,0.253519
298.8,0.253519
298.8,0.253519
298.8,0.253519
298.8,0.253519
298.8,0.253519
298.8,0.253519
298.8,0.253519
298.8,0.253519
298.8,0.253519
298.8,0.253519
298.8,0.253519
298.8,0.253519
298.8,0.253519
300,0.252696
300,0.252696
300,0.252696
300,0.252696
300,0.252696
300,0.252696
300,0.252696
300,0.252696
300,0.252696
300,0.252696
300,0.252696
300,0.252696
300,0.252696
300,0.252696
300,0.252696
300,0.252696
300,0.252696
300,0.252696
301.2,0.279575
301.2,0.279575
301.2,0.279575
301.2,0.279575
301.2,0.279575
301.2,0.279575
301.2,0.279575
301.2,0.279575
301.2,0.279575
301.2,0.279575
301.2,0.279575
301.2,0.279575
301.2,0.279575
301.2,0.279575
301.2,0.279575
301.2,0.279575
301.2,0.279575
301.2,0.279575
302.4,0.308981
302.4,0.308981
302.4,0.308981
302.4,0.308981
302.4,0.308981
302.4,0.308981
302.4,0.308981
302.4,0.308981
302.4,0.308981
302.4,0.308981
302.4,0.308981
302.4,0.308981
302.4,0.308981
302.4,0.308981
302.4,0.308981
302.4,0.308981
302.4,0.308981
302.4,0.308981
303.6,0.288917
303.6,0.288917
303.6,0.288917
303.6,0.288917
303.6,0.288917
303.6,0.288917
303.6,0.288917
303.6,0.288917
303.6,0.288917
303.6,0.288917
303.6,0.288917
303.6,0.288917
303.6,0.288917
303.6,0.288917
303.6,0.288917
303.6,0.288917
303.6,0.288917
303.6,0.288917
304.8,0.339234
304.8,0.339234
304.8,0.339234
304.8,0.339234
304.8,0.339234
304.8,0.339234
304.8,0.339234
304.8,0.339234
304.8,0.339234
304.8,0.339234
304.8,0.339234
304.8,0.339234
304.8,0.339234
304.8,0.339234
304.8,0.339234
304.8,0.339234
304.8,0.339234
304.8,0.339234
306,0.331208
306,0.331208
306,0.331208
306,0.331208
306,0.331208
306,0.331208
306,0.331208
306,0.331208
306,0.331208
306,0.331208
306,0.331208
306,0.331208
306,0.331208
306,0.331208
306,0.331208
306,0.331208
306,0.331208
306,0.331208
307.2,0.275448
307.2,0.275448
307.2,0.275448
307.2,0.275448
307.2,0.275448
307.2,0.275448
307.2,0.275448
307.2,0.275448
307.2,0.275448
307.2,0.275448
307.2,0.275448
307.2,0.275448
307.2,0.275448
307.2,0.275448
307.2,0.275448
307.2,0.275448
307.2,0.275448
307.2,0.275448
308.4,0.224164
308.4,0.224164
308.4,0.224164
308.4,0.224164
308.4,0.224164
308.4,0.224164
308.4,0.224164
308.4,0.224164
308.4,0.224164
308.4,0.224164
308.4,0.224164
308.4,0.224164
308.4,0.224164
308.4,0.224164
308.4,0.224164
308.4,0.224164
308.4,0.224164
308.4,0.224164
309.6,0.249534
309.6,0.249534
309.6,0.249534
309.6,0.249534
309.6,0.249534
309.6,0.249534
309.6,0.249534
309.6,0.249534
309.6,0.249534
309.6,0.249534
309.6,0.249534
309.6,0.249534
309.6,0.249534
309.6,0.249534
309.6,0.249534
309.6,0.249534
309.6,0.249534
309.6,0.249534
310.8,0.224301
310.8,0.224301
310.8,0.224301
310.8,0.224301
310.8,0.224301
310.8,0.224301
310.8,0.224301
310.8,0.224301
310.8,0.224301
310.8,0.224301
310.8,0.224301
310.8,0.224301
310.8,0.224301
310.8,0.224301
310.8,0.224301
310.8,0.224301
310.8,0.224301
310.8,0.224301
312,0.162095
312,0.162095
312,0.162095
312,0.162095
312,0.162095
312,0.162095
312,0.162095
312,0.162095
312,0.162095
312,0.162095
312,0.162095
312,0.162095
312,0.162095
312,0.162095
312,0.162095
312,0.162095
312,0.162095
312,0.162095
313.2,0.15791
313.2,0.15791
313.2,0.15791
313.2,0.15791
313.2,0.15791
313.2,0.15791
313.2,0.15791
313.2,0.15791
313.2,0.15791
313.2,0.15791
313.2,0.15791
313.2,0.15791
313.2,0.15791
313.2,0.15791
313.2,0.15791
313.2,0.15791
313.2,0.15791
313.2,0.15791
314.4,0.21932
314.4,0.21932
314.4,0.21932
314.4,0.21932
314.4,0.21932
314.4,0.21932
314.4,0.21932
314.4,0.21932
314.4,0.21932
314.4,0.21932
314.4,0.21932
314.4,0.21932
314.4,0.21932
314.4,0.21932
314.4,0.21932
314.4,0.21932
314.4,0.21932
314.4,0.21932
315.6,0.229372
315.6,0.229372
315.6,0.229372
315.6,0.229372
315.6,0.229372
315.6,0.229372
315.6,0.229372
315.6,0.229372
315.6,0.229372
315.6,0.229372
315.6,0.229372
315.6,0.229372
315.6,0.229372
315.6,0.229372
315.6,0.229372
315.6,0.229372
315.6,0.229372
315.6,0.229372
316.8,0.17052
316.8,0.17052
316.8,0.17052
316.8,0.17052
316.8,0.17052
316.8,0.17052
316.8,0.17052
316.8,0.17052
316.8,0.17052
316.8,0.17052
316.8,0.17052
316.8,0.17052
316.8,0.17052
316.8,0.17052
316.8,0.17052
316.8,0.17052
316.8,0.17052
316.8,0.17052
318,0.0863691
318,0.0863691
318,0.0863691
318,0.0863691
318,0.0863691
318,0.0863691
318,0.0863691
318,0.0863691
318,0.0863691
318,0.0863691
318,0.0863691
318,0.0863691
318,0.0863691
318,0.0863691
318,0.0863691
318,0.0863691
318,0.0863691
318,0.0863691
319.2,0.00813531
319.2,0.00813531
319.2,0.00813531
319.2,0.00813531
319.2,0.00813531
319.2,0.00813531
319.2,0.00813531
319.2,0.00813531
319.2,0.00813531
319.2,0.00813531
319.2,0.00813531
319.2,0.00813531
319.2,0.00813531
319.2,0.00813531
319.2,0.00813531
319.2,0.00813531
319.2,0.00813531
319.2,0.00813531
320.4,0.000705373
320.4,0.000705373
320.4,0.000705373
320.4,0.000705373
320.4,0.000705373
320.4,0.000705373
320.4,0.000705373
320.4,0.000705373
320.4,0.000705373
320.4,0.000705373
320.4,0.000705373
320.4,0.000705373
320.4,0.000705373
320.4,0.000705373
320.4,0.000705373
320.4,0.000705373
320.4,0.000705373
320.4,0.000705373
321.6,0.00158709
321.6,0.00158709
321.6,0.00158709
321.6,0.00158709
321.6,0.00158709
321.6,0.00158709
321.6,0.00158709
321.6,0.00158709
321.6,0.00158709
321.6,0.00158709
321.6,0.00158709
321.6,0.00158709
321.6,0.00158709
321.6,0.00158709
321.6,0.00158709
321.6,0.00158709
321.6,0.00158709
321.6,0.00158709
322.8,0.00240219
322.8,0.00240219
322.8,0.00240219
322.8,0.00240219
322.8,0.00240219
322.8,0.00240219
322.8,0.00240219
322.8,0.00240219
322.8,0.00240219
322.8,0.00240219
322.8,0.00240219
322.8,0.00240219
322.8,0.00240219
322.8,0.00240219
322.8,0.00240219
322.8,0.00240219
322.8,0.00240219
322.8,0.00240219
324,0.00324472
324,0.00324472
324,0.00324472
324,0.00324472
324,0.00324472
324,0.00324472
324,0.00324472
324,0.00324472
324,0.00324472
324,0.00324472
324,0.00324472
324,0.00324472
324,0.00324472
324,0.00324472
324,0.00324472
324,0.00324472
324,0.00324472
324,0.00324472
325.2,0.00262164
325.2,0.00262164
325.2,0.00262164
325.2,0.00262164
325.2,0.00262164
325.2,0.00262164
325.2,0.00262164
325.2,0.00262164
325.2,0.00262164
325.2,0.00262164
325.2,0.00262164
325.2,0.00262164
325.2,0.00262164
325.2,0.00262164
325.2,0.00262164
325.2,0.00262164
325.2,0.00262164
325.2,0.00262164
326.4,0.00196721
326.4,0.00196721
326.4,0.00196721
326.4,0.00196721
326.4,0.00196721
326.4,0.00196721
326.4,0.00196721
326.4,0.00196721
326.4,0.00196721
326.4,0.00196721
326.4,0.00196721
326.4,0.00196721
326.4,0.00196721
326.4,0.00196721
326.4,0.00196721
326.4,0.00196721
326.4,0.00196721
326.4,0.00196721
327.6,0.00188883
327.6,0.00188883
327.6,0.00188883
327.6,0.00188883
327.6,0.00188883
327.6,0.00188883
327.6,0.00188883
327.6,0.00188883
327.6,0.00188883
327.6,0.00188883
327.6,0.00188883
327.6,0.00188883
327.6,0.00188883
327.6,0.00188883
327.6,0.00188883
327.6,0.00188883
327.6,0.00188883
327.6,0.00188883
328.8,0.0964637
328.8,0.0964637
328.8,0.0964637
328.8,0.0964637
328.8,0.0964637
328.8,0.0964637
328.8,0.0964637
328.8,0.0964637
328.8,0.0964637
328.8,0.0964637
328.8,0.0964637
328.8,0.0964637
328.8,0.0964637
328.8,0.0964637
328.8,0.0964637
328.8,0.0964637
328.8,0.0964637
328.8,0.0964637
330,0.0839825
330,0.0839825
330,0.0839825
330,0.0839825
330,0.0839825
330,0.0839825
330,0.0839825
330,0.0839825
330,0.0839825
330,0.0839825
330,0.0839825
330,0.0839825
330,0.0839825
330,0.0839825
330,0.0839825
330,0.0839825
330,0.0839825
330,0.0839825
331.2,0.0522015
331.2,0.0522015
331.2,0.0522015
331.2,0.0522015
331.2,0.0522015
331.2,0.0522015
331.2,0.0522015
331.2,0.0522015
331.2,0.0522015
331.2,0.0522015
331.2,0.0522015
331.2,0.0522015
331.2,0.0522015
331.2,0.0522015
331.2,0.0522015
331.2,0.0522015
331.2,0.0522015
331.2,0.0522015
332.4,0.0827129
332.4,0.0827129
332.4,0.0827129
332.4,0.0827129
332.4,0.0827129
332.4,0.0827129
332.4,0.0827129
332.4,0.0827129
332.4,0.0827129
332.4,0.0827129
332.4,0.0827129
332.4,0.0827129
332.4,0.0827129
332.4,0.0827129
332.4,0.0827129
332.4,0.0827129
332.4,0.0827129
332.4,0.0827129
333.6,0.0665716
333.6,0.0665716
333.6,0.0665716
333.6,0.0665716
333.6,0.0665716
333.6,0.0665716
333.6,0.0665716
333.6,0.0665716
333.6,0.0665716
333.6,0.0665716
333.6,0.0665716
333.6,0.0665716
333.6,0.0665716
333.6,0.0665716
333.6,0.0665716
333.6,0.0665716
333.6,0.0665716
333.6,0.0665716
334.8,0.00953038
334.8,0.00953038
334.8,0.00953038
334.8,0.00953038
334.8,0.00953038
334.8,0.00953038
334.8,0.00953038
334.8,0.00953038
334.8,0.00953038
334.8,0.00953038
334.8,0.00953038
334.8,0.00953038
334.8,0.00953038
334.8,0.00953038
334.8,0.00953038
334.8,0.00953038
334.8,0.00953038
334.8,0.00953038
336,0.00997711
336,0.00997711
336,0.00997711
336,0.00997711
336,0.00997711
336,0.00997711
336,0.00997711
336,0.00997711
336,0.00997711
336,0.00997711
336,0.00997711
336,0.00997711
336,0.00997711
336,0.00997711
336,0.00997711
336,0.00997711
336,0.00997711
336,0.00997711
337.2,0.0323061
337.2,0.0323061
337.2,0.0323061
337.2,0.0323061
337.2,0.0323061
337.2,0.0323061
337.2,0.0323061
337.2,0.0323061
337.2,0.0323061
337.2,0.0323061
337.2,0.0323061
337.2,0.0323061
337.2,0.0323061
337.2,0.0323061
337.2,0.0323061
337.2,0.0323061
337.2,0.0323061
337.2,0.0323061
338.4,0.103173
338.4,0.103173
338.4,0.103173
338.4,0.103173
338.4,0.103173
338.4,0.103173
338.4,0.103173
338.4,0.103173
338.4,0.103173
338.4,0.103173
338.4,0.103173
338.4,0.103173
338.4,0.103173
338.4,0.103173
338.4,0.103173
338.4,0.103173
338.4,0.103173
338.4,0.103173
339.6,0.0697301
339.6,0.0697301
339.6,0.0697301
339.6,0.0697301
339.6,0.0697301
339.6,0.0697301
339.6,0.0697301
339.6,0.0697301
339.6,0.0697301
339.6,0.0697301
339.6,0.0697301
339.6,0.0697301
339.6,0.0697301
339.6,0.0697301
339.6,0.0697301
339.6,0.0697301
339.6,0.0697301
339.6,0.0697301
340.8,0.0348807
340.8,0.0348807
340.8,0.0348807
340.8,0.0348807
340.8,0.0348807
340.8,0.0348807
340.8,0.0348807
340.8,0.0348807
340.8,0.0348807
340.8,0.0348807
340.8,0.0348807
340.8,0.0348807
340.8,0.0348807
340.8,0.0348807
340.8,0.0348807
340.8,0.0348807
340.8,0.0348807
340.8,0.0348807
342,0.0015048
342,0.0015048
342,0.0015048
342,0.0015048
342,0.0015048
342,0.0015048
342,0.0015048
342,0.0015048
342,0.0015048
342,0.0015048
342,0.0015048
342,0.0015048
342,0.0015048
342,0.0015048
342,0.0015048
342,0.0015048
342,0.0015048
342,0.0015048
343.2,0.00270001
343.2,0.00270001
343.2,0.00270001
343.2,0.00270001
343.2,0.00270001
343.2,0.00270001
343.2,0.00270001
343.2,0.00270001
343.2,0.00270001
343.2,0.00270001
343.2,0.00270001
343.2,0.00270001
343.2,0.00270001
343.2,0.00270001
343.2,0.00270001
343.2,0.00270001
343.2,0.00270001
343.2,0.00270001
344.4,0.00253934
344.4,0.00253934
344.4,0.00253934
344.4,0.00253934
344.4,0.00253934
344.4,0.00253934
344.4,0.00253934
344.4,0.00253934
344.4,0.00253934
344.4,0.00253934
344.4,0.00253934
344.4,0.00253934
344.4,0.00253934
344.4,0.00253934
344.4,0.00253934
344.4,0.00253934
344.4,0.00253934
344.4,0.00253934
345.6,0.00295865
345.6,0.00295865
345.6,0.00295865
345.6,0.00295865
345.6,0.00295865
345.6,0.00295865
345.6,0.00295865
345.6,0.00295865
345.6,0.00295865
345.6,0.00295865
345.6,0.00295865
345.6,0.00295865
345.6,0.00295865
345.6,0.00295865
345.6,0.00295865
345.6,0.00295865
345.6,0.00295865
345.6,0.00295865
346.8,0.00246097
346.8,0.00246097
346.8,0.00246097
346.8,0.00246097
346.8,0.00246097
346.8,0.00246097
346.8,0.00246097
346.8,0.00246097
346.8,0.00246097
346.8,0.00246097
346.8,0.00246097
346.8,0.00246097
346.8,0.00246097
346.8,0.00246097
346.8,0.00246097
346.8,0.00246097
346.8,0.00246097
346.8,0.00246097
348,0.00256678
348,0.00256678
348,0.00256678
348,0.00256678
348,0.00256678
348,0.00256678
348,0.00256678
348,0.00256678
348,0.00256678
348,0.00256678
348,0.00256678
348,0.00256678
348,0.00256678
348,0.00256678
348,0.00256678
348,0.00256678
348,0.00256678
348,0.00256678
349.2,0.00202599
349.2,0.00202599
349.2,0.00202599
349.2,0.00202599
349.2,0.00202599
349.2,0.00202599
349.2,0.00202599
349.2,0.00202599
349.2,0.00202599
349.2,0.00202599
349.2,0.00202599
349.2,0.00202599
349.2,0.00202599
349.2,0.00202599
349.2,0.00202599
349.2,0.00202599
349.2,0.00202599
349.2,0.00202599
350.4,0.00247273
350.4,0.00247273
350.4,0.00247273
350.4,0.00247273
350.4,0.00247273
350.4,0.00247273
350.4,0.00247273
350.4,0.00247273
350.4,0.00247273
350.4,0.00247273
350.4,0.00247273
350.4,0.00247273
350.4,0.00247273
350.4,0.00247273
350.4,0.00247273
350.4,0.00247273
350.4,0.00247273
350.4,0.00247273
351.6,0.0574448
351.6,0.0574448
351.6,0.0574448
351.6,0.0574448
351.6,0.0574448
351.6,0.0574448
351.6,0.0574448
351.6,0.0574448
351.6,0.0574448
351.6,0.0574448
351.6,0.0574448
351.6,0.0574448
351.6,0.0574448
351.6,0.0574448
351.6,0.0574448
351.6,0.0574448
351.6,0.0574448
351.6,0.0574448
352.8,0.0881482
352.8,0.0881482
352.8,0.0881482
352.8,0.0881482
352.8,0.0881482
352.8,0.0881482
352.8,0.0881482
352.8,0.0881482
352.8,0.0881482
352.8,0.0881482
352.8,0.0881482
352.8,0.0881482
352.8,0.0881482
352.8,0.0881482
352.8,0.0881482
352.8,0.0881482
352.8,0.0881482
352.8,0.0881482
354,0.111414
354,0.111414
354,0.111414
354,0.111414
354,0.111414
354,0.111414
354,0.111414
354,0.111414
354,0.111414
354,0.111414
354,0.111414
354,0.111414
354,0.111414
354,0.111414
354,0.111414
354,0.111414
354,0.111414
354,0.111414
355.2,0.116359
355.2,0.116359
355.2,0.116359
355.2,0.116359
355.2,0.116359
355.2,0.116359
355.2,0.116359
355.2,0.116359
355.2,0.116359
355.2,0.116359
355.2,0.116359
355.2,0.116359
355.2,0.116359
355.2,0.116359
355.2,0.116359
355.2,0.116359
355.2,0.116359
355.2,0.116359
356.4,0.147901
356.4,0.147901
356.4,0.147901
356.4,0.147901
356.4,0.147901
356.4,0.147901
356.4,0.147901
356.4,0.147901
356.4,0.147901
356.4,0.147901
356.4,0.147901
356.4,0.147901
356.4,0.147901
356.4,0.147901
356.4,0.147901
356.4,0.147901
356.4,0.147901
356.4,0.147901
357.6,0.194616
357.6,0.194616
357.6,0.194616
357.6,0.194616
357.6,0.194616
357.6,0.194616
357.6,0.194616
357.6,0.194616
357.6,0.194616
357.6,0.194616
357.6,0.194616
357.6,0.194616
357.6,0.194616
357.6,0.194616
357.6,0.194616
357.6,0.194616
357.6,0.194616
357.6,0.194616
358.8,0.198375
358.8,0.198375
358.8,0.198375
358.8,0.198375
358.8,0.198375
358.8,0.198375
358.8,0.198375
358.8,0.198375
358.8,0.198375
358.8,0.198375
358.8,0.198375
358.8,0.198375
358.8,0.198375
358.8,0.198375
358.8,0.198375
358.8,0.198375
358.8,0.198375
358.8,0.198375
360,0.232099
360,0.232099
360,0.232099
360,0.232099
360,0.232099
360,0.232099
360,0.232099
360,0.232099
360,0.232099
360,0.232099
360,0.232099
360,0.232099
360,0.232099
360,0.232099
360,0.232099
360,0.232099
360,0.232099
360,0.232099
361.2,0.258316
361.2,0.258316
361.2,0.258316
361.2,0.258316
361.2,0.258316
361.2,0.258316
361.2,0.258316
361.2,0.258316
361.2,0.258316
361.2,0.258316
361.2,0.258316
361.2,0.258316
361.2,0.258316
361.2,0.258316
361.2,0.258316
361.2,0.258316
361.2,0.258316
361.2,0.258316
362.4,0.302292
362.4,0.302292
362.4,0.302292
362.4,0.302292
362.4,0.302292
362.4,0.302292
362.4,0.302292
362.4,0.302292
362.4,0.302292
362.4,0.302292
362.4,0.302292
362.4,0.302292
362.4,0.302292
362.4,0.302292
362.4,0.302292
362.4,0.302292
362.4,0.302292
362.4,0.302292
363.6,0.315435
363.6,0.315435
363.6,0.315435
363.6,0.315435
363.6,0.315435
363.6,0.315435
363.6,0.315435
363.6,0.315435
363.6,0.315435
363.6,0.315435
363.6,0.315435
363.6,0.315435
363.6,0.315435
363.6,0.315435
363.6,0.315435
363.6,0.315435
363.6,0.315435
363.6,0.315435
364.8,0.286581
364.8,0.286581
364.8,0.286581
364.8,0.286581
364.8,0.286581
364.8,0.286581
364.8,0.286581
364.8,0.286581
364.8,0.286581
364.8,0.286581
364.8,0.286581
364.8,0.286581
364.8,0.286581
364.8,0.286581
364.8,0.286581
364.8,0.286581
364.8,0.286581
364.8,0.286581
366,0.311818
366,0.311818
366,0.311818
366,0.311818
366,0.311818
366,0.311818
366,0.311818
366,0.311818
366,0.311818
366,0.311818
366,0.311818
366,0.311818
366,0.311818
366,0.311818
366,0.311818
366,0.311818
366,0.311818
366,0.311818
367.2,0.337263
367.2,0.337263
367.2,0.337263
367.2,0.337263
367.2,0.337263
367.2,0.337263
367.2,0.337263
367.2,0.337263
367.2,0.337263
367.2,0.337263
367.2,0.337263
367.2,0.337263
367.2,0.337263
367.2,0.337263
367.2,0.337263
367.2,0.337263
367.2,0.337263
367.2,0.337263
368.4,0.354909
368.4,0.354909
368.4,0.354909
368.4,0.354909
368.4,0.354909
368.4,0.354909
368.4,0.354909
368.4,0.354909
368.4,0.354909
368.4,0.354909
368.4,0.354909
368.4,0.354909
368.4,0.354909
368.4,0.354909
368.4,0.354909
368.4,0.354909
368.4,0.354909
368.4,0.354909
369.6,0.378135
369.6,0.378135
369.6,0.378135
369.6,0.378135
369.6,0.378135
369.6,0.378135
369.6,0.378135
369.6,0.378135
369.6,0.378135
369.6,0.378135
369.6,0.378135
369.6,0.378135
369.6,0.378135
369.6,0.378135
369.6,0.378135
369.6,0.378135
369.6,0.378135
369.6,0.378135
370.8,0.404449
370.8,0.404449
370.8,0.404449
370.8,0.404449
370.8,0.404449
370.8,0.404449
370.8,0.404449
370.8,0.404449
370.8,0.404449
370.8,0.404449
370.8,0.404449
370.8,0.404449
370.8,0.404449
370.8,0.404449
370.8,0.404449
370.8,0.404449
370.8,0.404449
370.8,0.404449
372,0.457642
372,0.457642
372,0.457642
372,0.457642
372,0.457642
372,0.457642
372,0.457642
372,0.457642
372,0.457642
372,0.457642
372,0.457642
372,0.457642
372,0.457642
372,0.457642
372,0.457642
372,0.457642
372,0.457642
372,0.457642
373.2,0.440909
373.2,0.440909
373.2,0.440909
373.2,0.440909
373.2,0.440909
373.2,0.440909
373.2,0.440909
373.2,0.440909
373.2,0.440909
373.2,0.440909
373.2,0.440909
373.2,0.440909
373.2,0.440909
373.2,0.440909
373.2,0.440909
373.2,0.440909
373.2,0.440909
373.2,0.440909
374.4,0.454801
374.4,0.454801
374.4,0.454801
374.4,0.454801
374.4,0.454801
374.4,0.454801
374.4,0.454801
374.4,0.454801
374.4,0.454801
374.4,0.454801
374.4,0.454801
374.4,0.454801
374.4,0.454801
374.4,0.454801
374.4,0.454801
374.4,0.454801
374.4,0.454801
374.4,0.454801
375.6,0.461718
375.6,0.461718
375.6,0.461718
375.6,0.461718
375.6,0.461718
375.6,0.461718
375.6,0.461718
375.6,0.461718
375.6,0.461718
375.6,0.461718
375.6,0.461718
375.6,0.461718
375.6,0.461718
375.6,0.461718
375.6,0.461718
375.6,0.461718
375.6,0.461718
375.6,0.461718
376.8,0.463807
376.8,0.463807
376.8,0.463807
376.8,0.463807
376.8,0.463807
376.8,0.463807
376.8,0.463807
376.8,0.463807
376.8,0.463807
376.8,0.463807
376.8,0.463807
376.8,0.463807
376.8,0.463807
376.8,0.463807
376.8,0.463807
376.8,0.463807
376.8,0.463807
376.8,0.463807
378,0.456055
378,0.456055
378,0.456055
378,0.456055
378,0.456055
378,0.456055
378,0.456055
378,0.456055
378,0.456055
378,0.456055
378,0.456055
378,0.456055
378,0.456055
378,0.456055
378,0.456055
378,0.456055
378,0.456055
378,0.456055
379.2,0.471585
379.2,0.471585
379.2,0.471585
379.2,0.471585
379.2,0.471585
379.2,0.471585
379.2,0.471585
379.2,0.471585
379.2,0.471585
379.2,0.471585
379.2,0.471585
379.2,0.471585
379.2,0.471585
379.2,0.471585
379.2,0.471585
379.2,0.471585
379.2,0.471585
379.2,0.471585
380.4,0.472863
380.4,0.472863
380.4,0.472863
380.4,0.472863
380.4,0.472863
380.4,0.472863
380.4,0.472863
380.4,0.472863
380.4,0.472863
380.4,0.472863
380.4,0.472863
380.4,0.472863
380.4,0.472863
380.4,0.472863
380.4,0.472863
380.4,0.472863
380.4,0.472863
380.4,0.472863
381.6,0.482413
381.6,0.482413
381.6,0.482413
381.6,0.482413
381.6,0.482413
381.6,0.482413
381.6,0.482413
381.6,0.482413
381.6,0.482413
381.6,0.482413
381.6,0.482413
381.6,0.482413
381.6,0.482413
40