0,0.0484552
0,0.0484552
0,0.0484552
0,0.0484552
0,0.0484552
0,0.0484552
0.4,0.075761
0.4,0.075761
0.4,0.075761
0.4,0.075761
0.4,0.075761
0.4,0.075761
0.8,0.084684
0.8,0.084684
0.8,0.084684
0.8,0.084684
0.8,0.084684
0.8,0.084684
1.2,0.0898175
1.2,0.0898175
1.2,0.0898175
1.2,0.0898175
1.2,0.0898175
1.2,0.0898175
1.6,0.0932073
1.6,0.0932073
1.6,0.0932073
1.6,0.0932073
1.6,0.0932073
1.6,0.0932073
2,0.0998417
2,0.0998417
2,0.0998417
2,0.0998417
2,0.0998417
2,0.0998417
2.4,0.100747
2.4,0.100747
2.4,0.100747
2.4,0.100747
2.4,0.100747
2.4,0.100747
2.8,0.102154
2.8,0.102154
2.8,0.102154
2.8,0.102154
2.8,0.102154
2.8,0.102154
3.2,0.101903
3.2,0.101903
3.2,0.101903
3.2,0.101903
3.2,0.101903
3.2,0.101903
3.6,0.102158
3.6,0.102158
3.6,0.102158
3.6,0.102158
3.6,0.102158
3.6,0.102158
4,0.101025
4,0.101025
4,0.101025
4,0.101025
4,0.101025
4,0.101025
4.4,0.102201
4.4,0.102201
4.4,0.102201
4.4,0.102201
4.4,0.102201
4.4,0.102201
4.8,0.101448
4.8,0.101448
4.8,0.101448
4.8,0.101448
4.8,0.101448
4.8,0.101448
5.2,0.105794
5.2,0.105794
5.2,0.105794
5.2,0.105794
5.2,0.105794
5.2,0.105794
5.6,0.119804
5.6,0.119804
5.6,0.119804
5.6,0.119804
5.6,0.119804
5.6,0.119804
6,0.140518
6,0.140518
6,0.140518
6,0.140518
6,0.140518
6,0.140518
6.4,0.140902
6.4,0.140902
6.4,0.140902
6.4,0.140902
6.4,0.140902
6.4,0.140902
6.8,0.142983
6.8,0.142983
6.8,0.142983
6.8,0.142983
6.8,0.142983
6.8,0.142983
7.2,0.149186
7.2,0.149186
7.2,0.149186
7.2,0.149186
7.2,0.149186
7.2,0.149186
7.6,0.169223
7.6,0.169223
7.6,0.169223
7.6,0.169223
7.6,0.169223
7.6,0.169223
8,0.173683
8,0.173683
8,0.173683
8,0.173683
8,0.173683
8,0.173683
8.4,0.174059
8.4,0.174059
8.4,0.174059
8.4,0.174059
8.4,0.174059
8.4,0.174059
8.8,0.176673
8.8,0.176673
8.8,0.176673
8.8,0.176673
8.8,0.176673
8.8,0.176673
9.2,0.1798
9.2,0.1798
9.2,0.1798
9.2,0.1798
9.2,0.1798
9.2,0.1798
9.6,0.178166
9.6,0.178166
9.6,0.178166
9.6,0.178166
9.6,0.178166
9.6,0.178166
10,0.180082
10,0.180082
10,0.180082
10,0.180082
10,0.180082
10,0.180082
10.4,0.174995
10.4,0.174995
10.4,0.174995
10.4,0.174995
10.4,0.174995
10.4,0.174995
10.8,0.173106
10.8,0.173106
10.8,0.173106
10.8,0.173106
10.8,0.173106
10.8,0.173106
11.2,0.171751
11.2,0.171751
11.2,0.171751
11.2,0.171751
11.2,0.171751
11.2,0.171751
11.6,0.168588
11.6,0.168588
11.6,0.168588
11.6,0.168588
11.6,0.168588
11.6,0.168588
12,0.165978
12,0.165978
12,0.165978
12,0.165978
12,0.165978
12,0.165978
12.4,0.162404
12.4,0.162404
12.4,0.162404
12.4,0.162404
12.4,0.162404
12.4,0.162404
12.8,0.161256
12.8,0.161256
12.8,0.161256
12.8,0.161256
12.8,0.161256
12.8,0.161256
13.2,0.16077
13.2,0.16077
13.2,0.16077
13.2,0.16077
13.2,0.16077
13.2,0.16077
13.6,0.161542
13.6,0.161542
13.6,0.161542
13.6,0.161542
13.6,0.161542
13.6,0.161542
14,0.16166
14,0.16166
14,0.16166
14,0.16166
14,0.16166
14,0.16166
14.4,0.161201
14.4,0.161201
14.4,0.161201
14.4,0.161201
14.4,0.161201
14.4,0.161201
14.8,0.159215
14.8,0.159215
14.8,0.159215
14.8,0.159215
14.8,0.159215
14.8,0.159215
15.2,0.159524
15.2,0.159524
15.2,0.159524
15.2,0.159524
15.2,0.159524
15.2,0.159524
15.6,0.161429
15.6,0.161429
15.6,0.161429
15.6,0.161429
15.6,0.161429
15.6,0.161429
16,0.159497
16,0.159497
16,0.159497
16,0.159497
16,0.159497
16,0.159497
16.4,0.160535
16.4,0.160535
16.4,0.160535
16.4,0.160535
16.4,0.160535
16.4,0.160535
16.8,0.15945
16.8,0.15945
16.8,0.15945
16.8,0.15945
16.8,0.15945
16.8,0.15945
17.2,0.160708
17.2,0.160708
17.2,0.160708
17.2,0.160708
17.2,0.160708
17.2,0.160708
17.6,0.160668
17.6,0.160668
17.6,0.160668
17.6,0.160668
17.6,0.160668
17.6,0.160668
18,0.159889
18,0.159889
18,0.159889
18,0.159889
18,0.159889
18,0.159889
18.4,0.160241
18.4,0.160241
18.4,0.160241
18.4,0.160241
18.4,0.160241
18.4,0.160241
18.8,0.162114
18.8,0.162114
18.8,0.162114
18.8,0.162114
18.8,0.162114
18.8,0.162114
19.2,0.160751
19.2,0.160751
19.2,0.160751
19.2,0.160751
19.2,0.160751
19.2,0.160751
19.6,0.156279
19.6,0.156279
19.6,0.156279
19.6,0.156279
19.6,0.156279
19.6,0.156279
20,0.156942
20,0.156942
20,0.156942
20,0.156942
20,0.156942
20,0.156942
20.4,0.157667
20.4,0.157667
20.4,0.157667
20.4,0.157667
20.4,0.157667
20.4,0.157667
20.8,0.158125
20.8,0.158125
20.8,0.158125
20.8,0.158125
20.8,0.158125
20.8,0.158125
21.2,0.158454
21.2,0.158454
21.2,0.158454
21.2,0.158454
21.2,0.158454
21.2,0.158454
21.6,0.157788
21.6,0.157788
21.6,0.157788
21.6,0.157788
21.6,0.157788
21.6,0.157788
22,0.158106
22,0.158106
22,0.158106
22,0.158106
22,0.158106
22,0.158106
22.4,0.158051
22.4,0.158051
22.4,0.158051
22.4,0.158051
22.4,0.158051
22.4,0.158051
22.8,0.161828
22.8,0.161828
22.8,0.161828
22.8,0.161828
22.8,0.161828
22.8,0.161828
23.2,0.164058
23.2,0.164058
23.2,0.164058
23.2,0.164058
23.2,0.164058
23.2,0.164058
23.6,0.163721
23.6,0.163721
23.6,0.163721
23.6,0.163721
23.6,0.163721
23.6,0.163721
24,0.164325
24,0.164325
24,0.164325
24,0.164325
24,0.164325
24,0.164325
24.4,0.16434
24.4,0.16434
24.4,0.16434
24.4,0.16434
24.4,0.16434
24.4,0.16434
24.8,0.163314
24.8,0.163314
24.8,0.163314
24.8,0.163314
24.8,0.163314
24.8,0.163314
25.2,0.163027
25.2,0.163027
25.2,0.163027
25.2,0.163027
25.2,0.163027
25.2,0.163027
25.6,0.165128
25.6,0.165128
25.6,0.165128
25.6,0.165128
25.6,0.165128
25.6,0.165128
26,0.16804
26,0.16804
26,0.16804
26,0.16804
26,0.16804
26,0.16804
26.4,0.169152
26.4,0.169152
26.4,0.169152
26.4,0.169152
26.4,0.169152
26.4,0.169152
26.8,0.170128
26.8,0.170128
26.8,0.170128
26.8,0.170128
26.8,0.170128
26.8,0.170128
27.2,0.173502
27.2,0.173502
27.2,0.173502
27.2,0.173502
27.2,0.173502
27.2,0.173502
27.6,0.183033
27.6,0.183033
27.6,0.183033
27.6,0.183033
27.6,0.183033
27.6,0.183033
28,0.186313
28,0.186313
28,0.186313
28,0.186313
28,0.186313
28,0.186313
28.4,0.1981
28.4,0.1981
28.4,0.1981
28.4,0.1981
28.4,0.1981
28.4,0.1981
28.8,0.204844
28.8,0.204844
28.8,0.204844
28.8,0.204844
28.8,0.204844
28.8,0.204844
29.2,0.207834
29.2,0.207834
29.2,0.207834
29.2,0.207834
29.2,0.207834
29.2,0.207834
29.6,0.201678
29.6,0.201678
29.6,0.201678
29.6,0.201678
29.6,0.201678
29.6,0.201678
30,0.206424
30,0.206424
30,0.206424
30,0.206424
30,0.206424
30,0.206424
30.4,0.208575
30.4,0.208575
30.4,0.208575
30.4,0.208575
30.4,0.208575
30.4,0.208575
30.8,0.208983
30.8,0.208983
30.8,0.208983
30.8,0.208983
30.8,0.208983
30.8,0.208983
31.2,0.209504
31.2,0.209504
31.2,0.209504
31.2,0.209504
31.2,0.209504
31.2,0.209504
31.6,0.207141
31.6,0.207141
31.6,0.207141
31.6,0.207141
31.6,0.207141
31.6,0.207141
32,0.208379
32,0.208379
32,0.208379
32,0.208379
32,0.208379
32,0.208379
32.4,0.2089
32.4,0.2089
32.4,0.2089
32.4,0.2089
32.4,0.2089
32.4,0.2089
32.8,0.210013
32.8,0.210013
32.8,0.210013
32.8,0.210013
32.8,0.210013
32.8,0.210013
33.2,0.205989
33.2,0.205989
33.2,0.205989
33.2,0.205989
33.2,0.205989
33.2,0.205989
33.6,0.231476
33.6,0.231476
33.6,0.231476
33.6,0.231476
33.6,0.231476
33.6,0.231476
34,0.252477
34,0.252477
34,0.252477
34,0.252477
34,0.252477
34,0.252477
34.4,0.261302
34.4,0.261302
34.4,0.261302
34.4,0.261302
34.4,0.261302
34.4,0.261302
34.8,0.267591
34.8,0.267591
34.8,0.267591
34.8,0.267591
34.8,0.267591
34.8,0.267591
35.2,0.274488
35.2,0.274488
35.2,0.274488
35.2,0.274488
35.2,0.274488
35.2,0.274488
35.6,0.279696
35.6,0.279696
35.6,0.279696
35.6,0.279696
35.6,0.279696
35.6,0.279696
36,0.283223
36,0.283223
36,0.283223
36,0.283223
36,0.283223
36,0.283223
36.4,0.284849
36.4,0.284849
36.4,0.284849
36.4,0.284849
36.4,0.284849
36.4,0.284849
36.8,0.285829
36.8,0.285829
36.8,0.285829
36.8,0.285829
36.8,0.285829
36.8,0.285829
37.2,0.285061
37.2,0.285061
37.2,0.285061
37.2,0.285061
37.2,0.285061
37.2,0.285061
37.6,0.279645
37.6,0.279645
37.6,0.279645
37.6,0.279645
37.6,0.279645
37.6,0.279645
38,0.275237
38,0.275237
38,0.275237
38,0.275237
38,0.275237
38,0.275237
38.4,0.291382
38.4,0.291382
38.4,0.291382
38.4,0.291382
38.4,0.291382
38.4,0.291382
38.8,0.308444
38.8,0.308444
38.8,0.308444
38.8,0.308444
38.8,0.308444
38.8,0.308444
39.2,0.320337
39.2,0.320337
39.2,0.320337
39.2,0.320337
39.2,0.320337
39.2,0.320337
39.6,0.325506
39.6,0.325506
39.6,0.325506
39.6,0.325506
39.6,0.325506
39.6,0.325506
40,0.334359
40,0.334359
40,0.334359
40,0.334359
40,0.334359
40,0.334359
40.4,0.346005
40.4,0.346005
40.4,0.346005
40.4,0.346005
40.4,0.346005
40.4,0.346005
40.8,0.35878
40.8,0.35878
40.8,0.35878
40.8,0.35878
40.8,0.35878
40.8,0.35878
41.2,0.367441
41.2,0.367441
41.2,0.367441
41.2,0.367441
41.2,0.367441
41.2,0.367441
41.6,0.380075
41.6,0.380075
41.6,0.380075
41.6,0.380075
41.6,0.380075
41.6,0.380075
42,0.390146
42,0.390146
42,0.390146
42,0.390146
42,0.390146
42,0.390146
42.4,0.395127
42.4,0.395127
42.4,0.395127
42.4,0.395127
42.4,0.395127
42.4,0.395127
42.8,0.396671
42.8,0.396671
42.8,0.396671
42.8,0.396671
42.8,0.396671
42.8,0.396671
43.2,0.399845
43.2,0.399845
43.2,0.399845
43.2,0.399845
43.2,0.399845
43.2,0.399845
43.6,0.40936
43.6,0.40936
43.6,0.40936
43.6,0.40936
43.6,0.40936
43.6,0.40936
44,0.414364
44,0.414364
44,0.414364
44,0.414364
44,0.414364
44,0.414364
44.4,0.420222
44.4,0.420222
44.4,0.420222
44.4,0.420222
44.4,0.420222
44.4,0.420222
44.8,0.419258
44.8,0.419258
44.8,0.419258
44.8,0.419258
44.8,0.419258
44.8,0.419258
45.2,0.422346
45.2,0.422346
45.2,0.422346
45.2,0.422346
45.2,0.422346
45.2,0.422346
45.6,0.42641
45.6,0.42641
45.6,0.42641
45.6,0.42641
45.6,0.42641
45.6,0.42641
46,0.429627
46,0.429627
46,0.429627
46,0.429627
46,0.429627
46,0.429627
46.4,0.427319
46.4,0.427319
46.4,0.427319
46.4,0.427319
46.4,0.427319
46.4,0.427319
46.8,0.428103
46.8,0.428103
46.8,0.428103
46.8,0.428103
46.8,0.428103
46.8,0.428103
47.2,0.427966
47.2,0.427966
47.2,0.427966
47.2,0.427966
47.2,0.427966
47.2,0.427966
47.6,0.429584
47.6,0.429584
47.6,0.429584
47.6,0.429584
47.6,0.429584
47.6,0.429584
48,0.418157
48,0.418157
48,0.418157
48,0.418157
48,0.418157
48,0.418157
48.4,0.419595
48.4,0.419595
48.4,0.419595
48.4,0.419595
48.4,0.419595
48.4,0.419595
48.8,0.41755
48.8,0.41755
48.8,0.41755
48.8,0.41755
48.8,0.41755
48.8,0.41755
49.2,0.413474
49.2,0.413474
49.2,0.413474
49.2,0.413474
49.2,0.413474
49.2,0.413474
49.6,0.403619
49.6,0.403619
49.6,0.403619
49.6,0.403619
49.6,0.403619
49.6,0.403619
50,0.403924
50,0.403924
50,0.403924
50,0.403924
50,0.403924
50,0.403924
50.4,0.403568
50.4,0.403568
50.4,0.403568
50.4,0.403568
50.4,0.403568
50.4,0.403568
50.8,0.401675
50.8,0.401675
50.8,0.401675
50.8,0.401675
50.8,0.401675
50.8,0.401675
51.2,0.397948
51.2,0.397948
51.2,0.397948
51.2,0.397948
51.2,0.397948
51.2,0.397948
51.6,0.38705
51.6,0.38705
51.6,0.38705
51.6,0.38705
51.6,0.38705
51.6,0.38705
52,0.389652
52,0.389652
52,0.389652
52,0.389652
52,0.389652
52,0.389652
52.4,0.39051
52.4,0.39051
52.4,0.39051
52.4,0.39051
52.4,0.39051
52.4,0.39051
52.8,0.400734
52.8,0.400734
52.8,0.400734
52.8,0.400734
52.8,0.400734
52.8,0.400734
53.2,0.412988
53.2,0.412988
53.2,0.412988
53.2,0.412988
53.2,0.412988
53.2,0.412988
53.6,0.421527
53.6,0.421527
53.6,0.421527
53.6,0.421527
53.6,0.421527
53.6,0.421527
54,0.427151
54,0.427151
54,0.427151
54,0.427151
54,0.427151
54,0.427151
54.4,0.435607
54.4,0.435607
54.4,0.435607
54.4,0.435607
54.4,0.435607
54.4,0.435607
54.8,0.437817
54.8,0.437817
54.8,0.437817
54.8,0.437817
54.8,0.437817
54.8,0.437817
55.2,0.44205
55.2,0.44205
55.2,0.44205
55.2,0.44205
55.2,0.44205
55.2,0.44205
55.6,0.44167
55.6,0.44167
55.6,0.44167
55.6,0.44167
55.6,0.44167
55.6,0.44167
56,0.442845
56,0.442845
56,0.442845
56,0.442845
56,0.442845
56,0.442845
56.4,0.442328
56.4,0.442328
56.4,0.442328
56.4,0.442328
56.4,0.442328
56.4,0.442328
56.8,0.443543
56.8,0.443543
56.8,0.443543
56.8,0.443543
56.8,0.443543
56.8,0.443543
57.2,0.444601
57.2,0.444601
57.2,0.444601
57.2,0.444601
57.2,0.444601
57.2,0.444601
57.6,0.445964
57.6,0.445964
57.6,0.445964
57.6,0.445964
57.6,0.445964
57.6,0.445964
58,0.442939
58,0.442939
58,0.442939
58,0.442939
58,0.442939
58,0.442939
58.4,0.445639
58.4,0.445639
58.4,0.445639
58.4,0.445639
58.4,0.445639
58.4,0.445639
58.8,0.44437
58.8,0.44437
58.8,0.44437
58.8,0.44437
58.8,0.44437
58.8,0.44437
59.2,0.445361
59.2,0.445361
59.2,0.445361
59.2,0.445361
59.2,0.445361
59.2,0.445361
59.6,0.447422
59.6,0.447422
59.6,0.447422
59.6,0.447422
59.6,0.447422
59.6,0.447422
60,0.450334
60,0.450334
60,0.450334
60,0.450334
60,0.450334
60,0.450334
60.4,0.444597
60.4,0.444597
60.4,0.444597
60.4,0.444597
60.4,0.444597
60.4,0.444597
60.8,0.445369
60.8,0.445369
60.8,0.445369
60.8,0.445369
60.8,0.445369
60.8,0.445369
61.2,0.43828
61.2,0.43828
61.2,0.43828
61.2,0.43828
61.2,0.43828
61.2,0.43828
61.6,0.438088
61.6,0.438088
61.6,0.438088
61.6,0.438088
61.6,0.438088
61.6,0.438088
62,0.432617
62,0.432617
62,0.432617
62,0.432617
62,0.432617
62,0.432617
62.4,0.436465
62.4,0.436465
62.4,0.436465
62.4,0.436465
62.4,0.436465
62.4,0.436465
62.8,0.441963
62.8,0.441963
62.8,0.441963
62.8,0.441963
62.8,0.441963
62.8,0.441963
63.2,0.442963
63.2,0.442963
63.2,0.442963
63.2,0.442963
63.2,0.442963
63.2,0.442963
63.6,0.438821
63.6,0.438821
63.6,0.438821
63.6,0.438821
63.6,0.438821
63.6,0.438821
64,0.441003
64,0.441003
64,0.441003
64,0.441003
64,0.441003
64,0.441003
64.4,0.443276
64.4,0.443276
64.4,0.443276
64.4,0.443276
64.4,0.443276
64.4,0.443276
64.8,0.445396
64.8,0.445396
64.8,0.445396
64.8,0.445396
64.8,0.445396
64.8,0.445396
65.2,0.447026
65.2,0.447026
65.2,0.447026
65.2,0.447026
65.2,0.447026
65.2,0.447026
65.6,0.44502
65.6,0.44502
65.6,0.44502
65.6,0.44502
65.6,0.44502
65.6,0.44502
66,0.444417
66,0.444417
66,0.444417
66,0.444417
66,0.444417
66,0.444417
66.4,0.44482
66.4,0.44482
66.4,0.44482
66.4,0.44482
66.4,0.44482
66.4,0.44482
66.8,0.441082
66.8,0.441082
66.8,0.441082
66.8,0.441082
66.8,0.441082
66.8,0.441082
67.2,0.436144
67.2,0.436144
67.2,0.436144
67.2,0.436144
67.2,0.436144
67.2,0.436144
67.6,0.438053
67.6,0.438053
67.6,0.438053
67.6,0.438053
67.6,0.438053
67.6,0.438053
68,0.43806
68,0.43806
68,0.43806
68,0.43806
68,0.43806
68,0.43806
68.4,0.438421
68.4,0.438421
68.4,0.438421
68.4,0.438421
68.4,0.438421
68.4,0.438421
68.8,0.439212
68.8,0.439212
68.8,0.439212
68.8,0.439212
68.8,0.439212
68.8,0.439212
69.2,0.43598
69.2,0.43598
69.2,0.43598
69.2,0.43598
69.2,0.43598
69.2,0.43598
69.6,0.438954
69.6,0.438954
69.6,0.438954
69.6,0.438954
69.6,0.438954
69.6,0.438954
70,0.43779
70,0.43779
70,0.43779
70,0.43779
70,0.43779
70,0.43779
70.4,0.439142
70.4,0.439142
70.4,0.439142
70.4,0.439142
70.4,0.439142
70.4,0.439142
70.8,0.433346
70.8,0.433346
70.8,0.433346
70.8,0.433346
70.8,0.433346
70.8,0.433346
71.2,0.435043
71.2,0.435043
71.2,0.435043
71.2,0.435043
71.2,0.435043
71.2,0.435043
71.6,0.437661
71.6,0.437661
71.6,0.437661
71.6,0.437661
71.6,0.437661
71.6,0.437661
72,0.438264
72,0.438264
72,0.438264
72,0.438264
72,0.438264
72,0.438264
72.4,0.435125
72.4,0.435125
72.4,0.435125
72.4,0.435125
72.4,0.435125
72.4,0.435125
72.8,0.437571
72.8,0.437571
72.8,0.437571
72.8,0.437571
72.8,0.437571
72.8,0.437571
73.2,0.439103
73.2,0.439103
73.2,0.439103
73.2,0.439103
73.2,0.439103
73.2,0.439103
73.6,0.440055
73.6,0.440055
73.6,0.440055
73.6,0.440055
73.6,0.440055
73.6,0.440055
74,0.434569
74,0.434569
74,0.434569
74,0.434569
74,0.434569
74,0.434569
74.4,0.436567
74.4,0.436567
74.4,0.436567
74.4,0.436567
74.4,0.436567
74.4,0.436567
74.8,0.435811
74.8,0.435811
74.8,0.435811
74.8,0.435811
74.8,0.435811
74.8,0.435811
75.2,0.439361
75.2,0.439361
75.2,0.439361
75.2,0.439361
75.2,0.439361
75.2,0.439361
75.6,0.440694
75.6,0.440694
75.6,0.440694
75.6,0.440694
75.6,0.440694
75.6,0.440694
76,0.438903
76,0.438903
76,0.438903
76,0.438903
76,0.438903
76,0.438903
76.4,0.4406
76.4,0.4406
76.4,0.4406
76.4,0.4406
76.4,0.4406
76.4,0.4406
76.8,0.441548
76.8,0.441548
76.8,0.441548
76.8,0.441548
76.8,0.441548
76.8,0.441548
77.2,0.443127
77.2,0.443127
77.2,0.443127
77.2,0.443127
77.2,0.443127
77.2,0.443127
77.6,0.442285
77.6,0.442285
77.6,0.442285
77.6,0.442285
77.6,0.442285
77.6,0.442285
78,0.440635
78,0.440635
78,0.440635
78,0.440635
78,0.440635
78,0.440635
78.4,0.438378
78.4,0.438378
78.4,0.438378
78.4,0.438378
78.4,0.438378
78.4,0.438378
78.8,0.436716
78.8,0.436716
78.8,0.436716
78.8,0.436716
78.8,0.436716
78.8,0.436716
79.2,0.429921
79.2,0.429921
79.2,0.429921
79.2,0.429921
79.2,0.429921
79.2,0.429921
79.6,0.430278
79.6,0.430278
79.6,0.430278
79.6,0.430278
79.6,0.430278
79.6,0.430278
80,0.431496
80,0.431496
80,0.431496
80,0.431496
80,0.431496
80,0.431496
80.4,0.431536
80.4,0.431536
80.4,0.431536
80.4,0.431536
80.4,0.431536
80.4,0.431536
80.8,0.428847
80.8,0.428847
80.8,0.428847
80.8,0.428847
80.8,0.428847
80.8,0.428847
81.2,0.430348
81.2,0.430348
81.2,0.430348
81.2,0.430348
81.2,0.430348
81.2,0.430348
81.6,0.432002
81.6,0.432002
81.6,0.432002
81.6,0.432002
81.6,0.432002
81.6,0.432002
82,0.434055
82,0.434055
82,0.434055
82,0.434055
82,0.434055
82,0.434055
82.4,0.431657
82.4,0.431657
82.4,0.431657
82.4,0.431657
82.4,0.431657
82.4,0.431657
82.8,0.436685
82.8,0.436685
82.8,0.436685
82.8,0.436685
82.8,0.436685
82.8,0.436685
83.2,0.437555
83.2,0.437555
83.2,0.437555
83.2,0.437555
83.2,0.437555
83.2,0.437555
83.6,0.436708
83.6,0.436708
83.6,0.436708
83.6,0.436708
83.6,0.436708
83.6,0.436708
84,0.430724
84,0.430724
84,0.430724
84,0.430724
84,0.430724
84,0.430724
84.4,0.434028
84.4,0.434028
84.4,0.434028
84.4,0.434028
84.4,0.434028
84.4,0.434028
84.8,0.434537
84.8,0.434537
84.8,0.434537
84.8,0.434537
84.8,0.434537
84.8,0.434537
85.2,0.435827
85.2,0.435827
85.2,0.435827
85.2,0.435827
85.2,0.435827
85.2,0.435827
85.6,0.435419
85.6,0.435419
85.6,0.435419
85.6,0.435419
85.6,0.435419
85.6,0.435419
86,0.435376
86,0.435376
86,0.435376
86,0.435376
86,0.435376
86,0.435376
86.4,0.437998
86.4,0.437998
86.4,0.437998
86.4,0.437998
86.4,0.437998
86.4,0.437998
86.8,0.439792
86.8,0.439792
86.8,0.439792
86.8,0.439792
86.8,0.439792
86.8,0.439792
87.2,0.439628
87.2,0.439628
87.2,0.439628
87.2,0.439628
87.2,0.439628
87.2,0.439628
87.6,0.432519
87.6,0.432519
87.6,0.432519
87.6,0.432519
87.6,0.432519
87.6,0.432519
88,0.432739
88,0.432739
88,0.432739
88,0.432739
88,0.432739
88,0.432739
88.4,0.433001
88.4,0.433001
88.4,0.433001
88.4,0.433001
88.4,0.433001
88.4,0.433001
88.8,0.432899
88.8,0.432899
88.8,0.432899
88.8,0.432899
88.8,0.432899
88.8,0.432899
89.2,0.430677
89.2,0.430677
89.2,0.430677
89.2,0.430677
89.2,0.430677
89.2,0.430677
89.6,0.43337
89.6,0.43337
89.6,0.43337
89.6,0.43337
89.6,0.43337
89.6,0.43337
90,0.436187
90,0.436187
90,0.436187
90,0.436187
90,0.436187
90,0.436187
90.4,0.438049
90.4,0.438049
90.4,0.438049
90.4,0.438049
90.4,0.438049
90.4,0.438049
90.8,0.433628
90.8,0.433628
90.8,0.433628
90.8,0.433628
90.8,0.433628
90.8,0.433628
91.2,0.431477
91.2,0.431477
91.2,0.431477
91.2,0.431477
91.2,0.431477
91.2,0.431477
91.6,0.426441
91.6,0.426441
91.6,0.426441
91.6,0.426441
91.6,0.426441
91.6,0.426441
92,0.423432
92,0.423432
92,0.423432
92,0.423432
92,0.423432
92,0.423432
92.4,0.415528
92.4,0.415528
92.4,0.415528
92.4,0.415528
92.4,0.415528
92.4,0.415528
92.8,0.418443
92.8,0.418443
92.8,0.418443
92.8,0.418443
92.8,0.418443
92.8,0.418443
93.2,0.420367
93.2,0.420367
93.2,0.420367
93.2,0.420367
93.2,0.420367
93.2,0.420367
93.6,0.422189
93.6,0.422189
93.6,0.422189
93.6,0.422189
93.6,0.422189
93.6,0.422189
94,0.417369
94,0.417369
94,0.417369
94,0.417369
94,0.417369
94,0.417369
94.4,0.419666
94.4,0.419666
94.4,0.419666
94.4,0.419666
94.4,0.419666
94.4,0.419666
94.8,0.422914
94.8,0.422914
94.8,0.422914
94.8,0.422914
94.8,0.422914
94.8,0.422914
95.2,0.427821
95.2,0.427821
95.2,0.427821
95.2,0.427821
95.2,0.427821
95.2,0.427821
95.6,0.435102
95.6,0.435102
95.6,0.435102
95.6,0.435102
95.6,0.435102
95.6,0.435102
96,0.439036
96,0.439036
96,0.439036
96,0.439036
96,0.439036
96,0.439036
96.4,0.443942
96.4,0.443942
96.4,0.443942
96.4,0.443942
96.4,0.443942
96.4,0.443942
96.8,0.441603
96.8,0.441603
96.8,0.441603
96.8,0.441603
96.8,0.441603
96.8,0.441603
97.2,0.436893
97.2,0.436893
97.2,0.436893
97.2,0.436893
97.2,0.436893
97.2,0.436893
97.6,0.424125
97.6,0.424125
97.6,0.424125
97.6,0.424125
97.6,0.424125
97.6,0.424125
98,0.411346
98,0.411346
98,0.411346
98,0.411346
98,0.411346
98,0.411346
98.4,0.394707
98.4,0.394707
98.4,0.394707
98.4,0.394707
98.4,0.394707
98.4,0.394707
98.8,0.379671
98.8,0.379671
98.8,0.379671
98.8,0.379671
98.8,0.379671
98.8,0.379671
99.2,0.364807
99.2,0.364807
99.2,0.364807
99.2,0.364807
99.2,0.364807
99.2,0.364807
99.6,0.355054
99.6,0.355054
99.6,0.355054
99.6,0.355054
99.6,0.355054
99.6,0.355054
100,0.350167
100,0.350167
100,0.350167
100,0.350167
100,0.350167
100,0.350167
100.4,0.342729
100.4,0.342729
100.4,0.342729
100.4,0.342729
100.4,0.342729
100.4,0.342729
100.8,0.333218
100.8,0.333218
100.8,0.333218
100.8,0.333218
100.8,0.333218
100.8,0.333218
101.2,0.321831
101.2,0.321831
101.2,0.321831
101.2,0.321831
101.2,0.321831
101.2,0.321831
101.6,0.31317
101.6,0.31317
101.6,0.31317
101.6,0.31317
101.6,0.31317
101.6,0.31317
102,0.302821
102,0.302821
102,0.302821
102,0.302821
102,0.302821
102,0.302821
102.4,0.292526
102.4,0.292526
102.4,0.292526
102.4,0.292526
102.4,0.292526
102.4,0.292526
102.8,0.290308
102.8,0.290308
102.8,0.290308
102.8,0.290308
102.8,0.290308
102.8,0.290308
103.2,0.289779
103.2,0.289779
103.2,0.289779
103.2,0.289779
103.2,0.289779
103.2,0.289779
103.6,0.293749
103.6,0.293749
103.6,0.293749
103.6,0.293749
103.6,0.293749
103.6,0.293749
104,0.307664
104,0.307664
104,0.307664
104,0.307664
104,0.307664
104,0.307664
104.4,0.313198
104.4,0.313198
104.4,0.313198
104.4,0.313198
104.4,0.313198
104.4,0.313198
104.8,0.31366
104.8,0.31366
104.8,0.31366
104.8,0.31366
104.8,0.31366
104.8,0.31366
105.2,0.332172
105.2,0.332172
105.2,0.332172
105.2,0.332172
105.2,0.332172
105.2,0.332172
105.6,0.336424
105.6,0.336424
105.6,0.336424
105.6,0.336424
105.6,0.336424
105.6,0.336424
106,0.325428
106,0.325428
106,0.325428
106,0.325428
106,0.325428
106,0.325428
106.4,0.333246
106.4,0.333246
106.4,0.333246
106.4,0.333246
106.4,0.333246
106.4,0.333246
106.8,0.344418
106.8,0.344418
106.8,0.344418
106.8,0.344418
106.8,0.344418
106.8,0.344418
107.2,0.364631
107.2,0.364631
107.2,0.364631
107.2,0.364631
107.2,0.364631
107.2,0.364631
107.6,0.352906
107.6,0.352906
107.6,0.352906
107.6,0.352906
107.6,0.352906
107.6,0.352906
108,0.344026
108,0.344026
108,0.344026
108,0.344026
108,0.344026
108,0.344026
108.4,0.352691
108.4,0.352691
108.4,0.352691
108.4,0.352691
108.4,0.352691
108.4,0.352691
108.8,0.370764
108.8,0.370764
108.8,0.370764
108.8,0.370764
108.8,0.370764
108.8,0.370764
109.2,0.375799
109.2,0.375799
109.2,0.375799
109.2,0.375799
109.2,0.375799
109.2,0.375799
109.6,0.381054
109.6,0.381054
109.6,0.381054
109.6,0.381054
109.6,0.381054
109.6,0.381054
110,0.373084
110,0.373084
110,0.373084
110,0.373084
110,0.373084
110,0.373084
110.4,0.361151
110.4,0.361151
110.4,0.361151
110.4,0.361151
110.4,0.361151
110.4,0.361151
110.8,0.359893
110.8,0.359893
110.8,0.359893
110.8,0.359893
110.8,0.359893
110.8,0.359893
111.2,0.35099
111.2,0.35099
111.2,0.35099
111.2,0.35099
111.2,0.35099
111.2,0.35099
111.6,0.338395
111.6,0.338395
111.6,0.338395
111.6,0.338395
111.6,0.338395
111.6,0.338395
112,0.34028
112,0.34028
112,0.34028
112,0.34028
112,0.34028
112,0.34028
112.4,0.346068
112.4,0.346068
112.4,0.346068
112.4,0.346068
112.4,0.346068
112.4,0.346068
112.8,0.351797
112.8,0.351797
112.8,0.351797
112.8,0.351797
112.8,0.351797
112.8,0.351797
113.2,0.36893
113.2,0.36893
113.2,0.36893
113.2,0.36893
113.2,0.36893
113.2,0.36893
113.6,0.367676
113.6,0.367676
113.6,0.367676
113.6,0.367676
113.6,0.367676
113.6,0.367676
114,0.337725
114,0.337725
114,0.337725
114,0.337725
114,0.337725
114,0.337725
114.4,0.323653
114.4,0.323653
114.4,0.323653
114.4,0.323653
114.4,0.323653
114.4,0.323653
114.8,0.302942
114.8,0.302942
114.8,0.302942
114.8,0.302942
114.8,0.302942
114.8,0.302942
115.2,0.276165
115.2,0.276165
115.2,0.276165
115.2,0.276165
115.2,0.276165
115.2,0.276165
115.6,0.264778
115.6,0.264778
115.6,0.264778
115.6,0.264778
115.6,0.264778
115.6,0.264778
116,0.247856
116,0.247856
116,0.247856
116,0.247856
116,0.247856
116,0.247856
116.4,0.217804
116.4,0.217804
116.4,0.217804
116.4,0.217804
116.4,0.217804
116.4,0.217804
116.8,0.211491
116.8,0.211491
116.8,0.211491
116.8,0.211491
116.8,0.211491
116.8,0.211491
117.2,0.20455
117.2,0.20455
117.2,0.20455
117.2,0.20455
117.2,0.20455
117.2,0.20455
117.6,0.200859
117.6,0.200859
117.6,0.200859
117.6,0.200859
117.6,0.200859
117.6,0.200859
118,0.224215
118,0.224215
118,0.224215
118,0.224215
118,0.224215
118,0.224215
118.4,0.216036
118.4,0.216036
118.4,0.216036
118.4,0.216036
118.4,0.216036
118.4,0.216036
118.8,0.200518
118.8,0.200518
118.8,0.200518
118.8,0.200518
118.8,0.200518
118.8,0.200518
119.2,0.182884
119.2,0.182884
119.2,0.182884
119.2,0.182884
119.2,0.182884
119.2,0.182884
119.6,0.168537
119.6,0.168537
119.6,0.168537
119.6,0.168537
119.6,0.168537
119.6,0.168537
120,0.180752
120,0.180752
120,0.180752
120,0.180752
120,0.180752
120,0.180752
120.4,0.194703
120.4,0.194703
120.4,0.194703
120.4,0.194703
120.4,0.194703
120.4,0.194703
120.8,0.196721
120.8,0.196721
120.8,0.196721
120.8,0.196721
120.8,0.196721
120.8,0.196721
121.2,0.18897
121.2,0.18897
121.2,0.18897
121.2,0.18897
121.2,0.18897
121.2,0.18897
121.6,0.201286
121.6,0.201286
121.6,0.201286
121.6,0.201286
121.6,0.201286
121.6,0.201286
122,0.214175
122,0.214175
122,0.214175
122,0.214175
122,0.214175
122,0.214175
122.4,0.19589
122.4,0.19589
122.4,0.19589
122.4,0.19589
122.4,0.19589
122.4,0.19589
122.8,0.172491
122.8,0.172491
122.8,0.172491
122.8,0.172491
122.8,0.172491
122.8,0.172491
123.2,0.138641
123.2,0.138641
123.2,0.138641
123.2,0.138641
123.2,0.138641
123.2,0.138641
123.6,0.112527
123.6,0.112527
123.6,0.112527
123.6,0.112527
123.6,0.112527
123.6,0.112527
124,0.123546
124,0.123546
124,0.123546
124,0.123546
124,0.123546
124,0.123546
124.4,0.137614
124.4,0.137614
124.4,0.137614
124.4,0.137614
124.4,0.137614
124.4,0.137614
124.8,0.163333
124.8,0.163333
124.8,0.163333
124.8,0.163333
124.8,0.163333
124.8,0.163333
125.2,0.166644
125.2,0.166644
125.2,0.166644
125.2,0.166644
125.2,0.166644
125.2,0.166644
125.6,0.183244
125.6,0.183244
125.6,0.183244
125.6,0.183244
125.6,0.183244
125.6,0.183244
126,0.197845
126,0.197845
126,0.197845
126,0.197845
126,0.197845
126,0.197845
126.4,0.181583
126.4,0.181583
126.4,0.181583
126.4,0.181583
126.4,0.181583
126.4,0.181583
126.8,0.220308
126.8,0.220308
126.8,0.220308
126.8,0.220308
126.8,0.220308
126.8,0.220308
127.2,0.214673
127.2,0.214673
127.2,0.214673
127.2,0.214673
127.2,0.214673
127.2,0.214673
127.6,0.168921
127.6,0.168921
127.6,0.168921
127.6,0.168921
127.6,0.168921
127.6,0.168921
128,0.157239
128,0.157239
128,0.157239
128,0.157239
128,0.157239
128,0.157239
128.4,0.140256
128.4,0.140256
128.4,0.140256
128.4,0.140256
128.4,0.140256
128.4,0.140256
128.8,0.114964
128.8,0.114964
128.8,0.114964
128.8,0.114964
128.8,0.114964
128.8,0.114964
129.2,0.110493
129.2,0.110493
129.2,0.110493
129.2,0.110493
129.2,0.110493
129.2,0.110493
129.6,0.0921257
129.6,0.0921257
129.6,0.0921257
129.6,0.0921257
129.6,0.0921257
129.6,0.0921257
130,0.0609952
130,0.0609952
130,0.0609952
130,0.0609952
130,0.0609952
130,0.0609952
130.4,0.0386309
130.4,0.0386309
130.4,0.0386309
130.4,0.0386309
130.4,0.0386309
130.4,0.0386309
130.8,0.0199817
130.8,0.0199817
130.8,0.0199817
130.8,0.0199817
130.8,0.0199817
130.8,0.0199817
131.2,0.00183789
131.2,0.00183789
131.2,0.00183789
131.2,0.00183789
131.2,0.00183789
131.2,0.00183789
131.6,0.0010659
131.6,0.0010659
131.6,0.0010659
131.6,0.0010659
131.6,0.0010659
131.6,0.0010659
132,0.0011717
132,0.0011717
132,0.0011717
132,0.0011717
132,0.0011717
132,0.0011717
132.4,0.00149304
132.4,0.00149304
132.4,0.00149304
132.4,0.00149304
132.4,0.00149304
132.4,0.00149304
132.8,0.000889554
132.8,0.000889554
132.8,0.000889554
132.8,0.000889554
132.8,0.000889554
132.8,0.000889554
133.2,0.000967929
133.2,0.000967929
133.2,0.000967929
133.2,0.000967929
133.2,0.000967929
133.2,0.000967929
133.6,0.0464449
133.6,0.0464449
133.6,0.0464449
133.6,0.0464449
133.6,0.0464449
133.6,0.0464449
134,0.113616
134,0.113616
134,0.113616
134,0.113616
134,0.113616
134,0.113616
134.4,0.177966
134.4,0.177966
134.4,0.177966
134.4,0.177966
134.4,0.177966
134.4,0.177966
134.8,0.215742
134.8,0.215742
134.8,0.215742
134.8,0.215742
134.8,0.215742
134.8,0.215742
135.2,0.220382
135.2,0.220382
135.2,0.220382
135.2,0.220382
135.2,0.220382
135.2,0.220382
135.6,0.173937
135.6,0.173937
135.6,0.173937
135.6,0.173937
135.6,0.173937
135.6,0.173937
136,0.135244
136,0.135244
136,0.135244
136,0.135244
136,0.135244
136,0.135244
136.4,0.0758394
136.4,0.0758394
136.4,0.0758394
136.4,0.0758394
136.4,0.0758394
136.4,0.0758394
136.8,0.0528677
136.8,0.0528677
136.8,0.0528677
136.8,0.0528677
136.8,0.0528677
136.8,0.0528677
137.2,0.0400613
137.2,0.0400613
137.2,0.0400613
137.2,0.0400613
137.2,0.0400613
137.2,0.0400613
137.6,0.02749
137.6,0.02749
137.6,0.02749
137.6,0.02749
137.6,0.02749
137.6,0.02749
138,0.0226621
138,0.0226621
138,0.0226621
138,0.0226621
138,0.0226621
138,0.0226621
138.4,0.00531381
138.4,0.00531381
138.4,0.00531381
138.4,0.00531381
138.4,0.00531381
138.4,0.00531381
138.8,0.00590554
138.8,0.00590554
138.8,0.00590554
138.8,0.00590554
138.8,0.00590554
138.8,0.00590554
139.2,0.00541962
139.2,0.00541962
139.2,0.00541962
139.2,0.00541962
139.2,0.00541962
139.2,0.00541962
139.6,0.0042871
139.6,0.0042871
139.6,0.0042871
139.6,0.0042871
139.6,0.0042871
139.6,0.0042871
140,0.00608972
140,0.00608972
140,0.00608972
140,0.00608972
140,0.00608972
140,0.00608972
140.4,0.0197583
140.4,0.0197583
140.4,0.0197583
140.4,0.0197583
140.4,0.0197583
140.4,0.0197583
140.8,0.0390071
140.8,0.0390071
140.8,0.0390071
140.8,0.0390071
140.8,0.0390071
140.8,0.0390071
141.2,0.0626959
141.2,0.0626959
141.2,0.0626959
141.2,0.0626959
141.2,0.0626959
141.2,0.0626959
141.6,0.110653
141.6,0.110653
141.6,0.110653
141.6,0.110653
141.6,0.110653
141.6,0.110653
142,0.153352
142,0.153352
142,0.153352
142,0.153352
142,0.153352
142,0.153352
142.4,0.174051
142.4,0.174051
142.4,0.174051
142.4,0.174051
142.4,0.174051
142.4,0.174051
142.8,0.188331
142.8,0.188331
142.8,0.188331
142.8,0.188331
142.8,0.188331
142.8,0.188331
143.2,0.192171
143.2,0.192171
143.2,0.192171
143.2,0.192171
143.2,0.192171
143.2,0.192171
143.6,0.205648
143.6,0.205648
143.6,0.205648
143.6,0.205648
143.6,0.205648
143.6,0.205648
144,0.206541
144,0.206541
144,0.206541
144,0.206541
144,0.206541
144,0.206541
144.4,0.189632
144.4,0.189632
144.4,0.189632
144.4,0.189632
144.4,0.189632
144.4,0.189632
144.8,0.148846
144.8,0.148846
144.8,0.148846
144.8,0.148846
144.8,0.148846
144.8,0.148846
145.2,0.110653
145.2,0.110653
145.2,0.110653
145.2,0.110653
145.2,0.110653
145.2,0.110653
145.6,0.0722067
145.6,0.0722067
145.6,0.0722067
145.6,0.0722067
145.6,0.0722067
145.6,0.0722067
146,0.0330467
146,0.0330467
146,0.0330467
146,0.0330467
146,0.0330467
146,0.0330467
146.4,0.0111214
146.4,0.0111214
146.4,0.0111214
146.4,0.0111214
146.4,0.0111214
146.4,0.0111214
146.8,0.00502774
146.8,0.00502774
146.8,0.00502774
146.8,0.00502774
146.8,0.00502774
146.8,0.00502774
147.2,2.35124e-05
147.2,2.35124e-05
147.2,2.35124e-05
147.2,2.35124e-05
147.2,2.35124e-05
147.2,2.35124e-05
147.6,0.00123048
147.6,0.00123048
147.6,0.00123048
147.6,0.00123048
147.6,0.00123048
147.6,0.00123048
148,0.00135588
148,0.00135588
148,0.00135588
148,0.00135588
148,0.00135588
148,0.00135588
148.4,0.00133237
148.4,0.00133237
148.4,0.00133237
148.4,0.00133237
148.4,0.00133237
148.4,0.00133237
148.8,0.00144602
148.8,0.00144602
148.8,0.00144602
148.8,0.00144602
148.8,0.00144602
148.8,0.00144602
149.2,0.00171249
149.2,0.00171249
149.2,0.00171249
149.2,0.00171249
149.2,0.00171249
149.2,0.00171249
149.6,0.00157925
149.6,0.00157925
149.6,0.00157925
149.6,0.00157925
149.6,0.00157925
149.6,0.00157925
150,0.00149696
150,0.00149696
150,0.00149696
150,0.00149696
150,0.00149696
150,0.00149696
150.4,0.00139507
150.4,0.00139507
150.4,0.00139507
150.4,0.00139507
150.4,0.00139507
150.4,0.00139507
150.8,0.00183789
150.8,0.00183789
150.8,0.00183789
150.8,0.00183789
150.8,0.00183789
150.8,0.00183789
151.2,0.0194918
151.2,0.0194918
151.2,0.0194918
151.2,0.0194918
151.2,0.0194918
151.2,0.0194918
151.6,0.0462842
151.6,0.0462842
151.6,0.0462842
151.6,0.0462842
151.6,0.0462842
151.6,0.0462842
152,0.0582874
152,0.0582874
152,0.0582874
152,0.0582874
152,0.0582874
152,0.0582874
152.4,0.0651216
152.4,0.0651216
152.4,0.0651216
152.4,0.0651216
152.4,0.0651216
152.4,0.0651216
152.8,0.064573
152.8,0.064573
152.8,0.064573
152.8,0.064573
152.8,0.064573
152.8,0.064573
153.2,0.0671711
153.2,0.0671711
153.2,0.0671711
153.2,0.0671711
153.2,0.0671711
153.2,0.0671711
153.6,0.0672809
153.6,0.0672809
153.6,0.0672809
153.6,0.0672809
153.6,0.0672809
153.6,0.0672809
154,0.0442347
154,0.0442347
154,0.0442347
154,0.0442347
154,0.0442347
154,0.0442347
154.4,0.0339324
154.4,0.0339324
154.4,0.0339324
154.4,0.0339324
154.4,0.0339324
154.4,0.0339324
154.8,0.0282816
154.8,0.0282816
154.8,0.0282816
154.8,0.0282816
154.8,0.0282816
154.8,0.0282816
155.2,0.0225719
155.2,0.0225719
155.2,0.0225719
155.2,0.0225719
155.2,0.0225719
155.2,0.0225719
155.6,0.0182417
155.6,0.0182417
155.6,0.0182417
155.6,0.0182417
155.6,0.0182417
155.6,0.0182417
156,0.013167
156,0.013167
156,0.013167
156,0.013167
156,0.013167
156,0.013167
156.4,0.00760628
156.4,0.00760628
156.4,0.00760628
156.4,0.00760628
156.4,0.00760628
156.4,0.00760628
156.8,0.00438899
156.8,0.00438899
156.8,0.00438899
156.8,0.00438899
156.8,0.00438899
156.8,0.00438899
157.2,0.0047456
157.2,0.0047456
157.2,0.0047456
157.2,0.0047456
157.2,0.0047456
157.2,0.0047456
157.6,0.00639539
157.6,0.00639539
157.6,0.00639539
157.6,0.00639539
157.6,0.00639539
157.6,0.00639539
158,0.00652862
158,0.00652862
158,0.00652862
158,0.00652862
158,0.00652862
158,0.00652862
158.4,0.00712427
158.4,0.00712427
158.4,0.00712427
158.4,0.00712427
158.4,0.00712427
158.4,0.00712427
158.8,0.00591338
158.8,0.00591338
158.8,0.00591338
158.8,0.00591338
158.8,0.00591338
158.8,0.00591338
159.2,0.0573978
159.2,0.0573978
159.2,0.0573978
159.2,0.0573978
159.2,0.0573978
159.2,0.0573978
159.6,0.0623668
159.6,0.0623668
159.6,0.0623668
159.6,0.0623668
159.6,0.0623668
159.6,0.0623668
160,0.0649766
160,0.0649766
160,0.0649766
160,0.0649766
160,0.0649766
160,0.0649766
160.4,0.0673788
160.4,0.0673788
160.4,0.0673788
160.4,0.0673788
160.4,0.0673788
160.4,0.0673788
160.8,0.052566
160.8,0.052566
160.8,0.052566
160.8,0.052566
160.8,0.052566
160.8,0.052566
161.2,0.0284461
161.2,0.0284461
161.2,0.0284461
161.2,0.0284461
161.2,0.0284461
161.2,0.0284461
161.6,0.00241003
161.6,0.00241003
161.6,0.00241003
161.6,0.00241003
161.6,0.00241003
161.6,0.00241003
162,0.0014225
162,0.0014225
162,0.0014225
162,0.0014225
162,0.0014225
162,0.0014225
162.4,0.0357663
162.4,0.0357663
162.4,0.0357663
162.4,0.0357663
162.4,0.0357663
162.4,0.0357663
162.8,0.0430513
162.8,0.0430513
162.8,0.0430513
162.8,0.0430513
162.8,0.0430513
162.8,0.0430513
163.2,0.0469622
163.2,0.0469622
163.2,0.0469622
163.2,0.0469622
163.2,0.0469622
163.2,0.0469622
163.6,0.0489333
163.6,0.0489333
163.6,0.0489333
163.6,0.0489333
163.6,0.0489333
163.6,0.0489333
164,0.0413976
164,0.0413976
164,0.0413976
164,0.0413976
164,0.0413976
164,0.0413976
164.4,0.0156554
164.4,0.0156554
164.4,0.0156554
164.4,0.0156554
164.4,0.0156554
164.4,0.0156554
164.8,0.00551367
164.8,0.00551367
164.8,0.00551367
164.8,0.00551367
164.8,0.00551367
164.8,0.00551367
165.2,0.00553326
165.2,0.00553326
165.2,0.00553326
165.2,0.00553326
165.2,0.00553326
165.2,0.00553326
165.6,0.00751615
165.6,0.00751615
165.6,0.00751615
165.6,0.00751615
165.6,0.00751615
165.6,0.00751615
166,0.0092639
166,0.0092639
166,0.0092639
166,0.0092639
166,0.0092639
166,0.0092639
166.4,0.0101691
166.4,0.0101691
166.4,0.0101691
166.4,0.0101691
166.4,0.0101691
166.4,0.0101691
166.8,0.0110861
166.8,0.0110861
166.8,0.0110861
166.8,0.0110861
166.8,0.0110861
166.8,0.0110861
167.2,0.017266
167.2,0.017266
167.2,0.017266
167.2,0.017266
167.2,0.017266
167.2,0.017266
167.6,0.0537455
167.6,0.0537455
167.6,0.0537455
167.6,0.0537455
167.6,0.0537455
167.6,0.0537455
168,0.0592279
168,0.0592279
168,0.0592279
168,0.0592279
168,0.0592279
168,0.0592279
168.4,0.0651922
168.4,0.0651922
168.4,0.0651922
168.4,0.0651922
168.4,0.0651922
168.4,0.0651922
168.8,0.0690952
168.8,0.0690952
168.8,0.0690952
168.8,0.0690952
168.8,0.0690952
168.8,0.0690952
169.2,0.0718227
169.2,0.0718227
169.2,0.0718227
169.2,0.0718227
169.2,0.0718227
169.2,0.0718227
169.6,0.0733706
169.6,0.0733706
169.6,0.0733706
169.6,0.0733706
169.6,0.0733706
169.6,0.0733706
170,0.0543608
170,0.0543608
170,0.0543608
170,0.0543608
170,0.0543608
170,0.0543608
170.4,0.0259852
170.4,0.0259852
170.4,0.0259852
170.4,0.0259852
170.4,0.0259852
170.4,0.0259852
170.8,0.00255502
170.8,0.00255502
170.8,0.00255502
170.8,0.00255502
170.8,0.00255502
170.8,0.00255502
171.2,0.00276271
171.2,0.00276271
171.2,0.00276271
171.2,0.00276271
171.2,0.00276271
171.2,0.00276271
171.6,0.00193586
171.6,0.00193586
171.6,0.00193586
171.6,0.00193586
171.6,0.00193586
171.6,0.00193586
172,0.00184573
172,0.00184573
172,0.00184573
172,0.00184573
172,0.00184573
172,0.00184573
172.4,0.0019868
172.4,0.0019868
172.4,0.0019868
172.4,0.0019868
172.4,0.0019868
172.4,0.0019868
172.8,0.0018183
172.8,0.0018183
172.8,0.0018183
172.8,0.0018183
172.8,0.0018183
172.8,0.0018183
173.2,0.00176735
173.2,0.00176735
173.2,0.00176735
173.2,0.00176735
173.2,0.00176735
173.2,0.00176735
173.6,0.00174776
173.6,0.00174776
173.6,0.00174776
173.6,0.00174776
173.6,0.00174776
173.6,0.00174776
174,0.00233557
174,0.00233557
174,0.00233557
174,0.00233557
174,0.00233557
174,0.00233557
174.4,0.00199856
174.4,0.00199856
174.4,0.00199856
174.4,0.00199856
174.4,0.00199856
174.4,0.00199856
174.8,0.00205734
174.8,0.00205734
174.8,0.00205734
174.8,0.00205734
174.8,0.00205734
174.8,0.00205734
175.2,0.0310795
175.2,0.0310795
175.2,0.0310795
175.2,0.0310795
175.2,0.0310795
175.2,0.0310795
175.6,0.0390503
175.6,0.0390503
175.6,0.0390503
175.6,0.0390503
175.6,0.0390503
175.6,0.0390503
176,0.0717404
176,0.0717404
176,0.0717404
176,0.0717404
176,0.0717404
176,0.0717404
176.4,0.120713
176.4,0.120713
176.4,0.120713
176.4,0.120713
176.4,0.120713
176.4,0.120713
176.8,0.141075
176.8,0.141075
176.8,0.141075
176.8,0.141075
176.8,0.141075
176.8,0.141075
177.2,0.148179
177.2,0.148179
177.2,0.148179
177.2,0.148179
177.2,0.148179
177.2,0.148179
177.6,0.13029
177.6,0.13029
177.6,0.13029
177.6,0.13029
177.6,0.13029
177.6,0.13029
178,0.120023
178,0.120023
178,0.120023
178,0.120023
178,0.120023
178,0.120023
178.4,0.123609
178.4,0.123609
178.4,0.123609
178.4,0.123609
178.4,0.123609
178.4,0.123609
178.8,0.111543
178.8,0.111543
178.8,0.111543
178.8,0.111543
178.8,0.111543
178.8,0.111543
179.2,0.093893
179.2,0.093893
179.2,0.093893
179.2,0.093893
179.2,0.093893
179.2,0.093893
179.6,0.0588125
179.6,0.0588125
179.6,0.0588125
179.6,0.0588125
179.6,0.0588125
179.6,0.0588125
180,0.0376003
180,0.0376003
180,0.0376003
180,0.0376003
180,0.0376003
180,0.0376003
180.4,0.0350767
180.4,0.0350767
180.4,0.0350767
180.4,0.0350767
180.4,0.0350767
180.4,0.0350767
180.8,0.035253
180.8,0.035253
180.8,0.035253
180.8,0.035253
180.8,0.035253
180.8,0.035253
181.2,0.0352099
181.2,0.0352099
181.2,0.0352099
181.2,0.0352099
181.2,0.0352099
181.2,0.0352099
181.6,0.0366716
181.6,0.0366716
181.6,0.0366716
181.6,0.0366716
181.6,0.0366716
181.6,0.0366716
182,0.0549251
182,0.0549251
182,0.0549251
182,0.0549251
182,0.0549251
182,0.0549251
182.4,0.0750165
182.4,0.0750165
182.4,0.0750165
182.4,0.0750165
182.4,0.0750165
182.4,0.0750165
182.8,0.0797581
182.8,0.0797581
182.8,0.0797581
182.8,0.0797581
182.8,0.0797581
182.8,0.0797581
183.2,0.0859889
183.2,0.0859889
183.2,0.0859889
183.2,0.0859889
183.2,0.0859889
183.2,0.0859889
183.6,0.0892454
183.6,0.0892454
183.6,0.0892454
183.6,0.0892454
183.6,0.0892454
183.6,0.0892454
184,0.0918514
184,0.0918514
184,0.0918514
184,0.0918514
184,0.0918514
184,0.0918514
184.4,0.094136
184.4,0.094136
184.4,0.094136
184.4,0.094136
184.4,0.094136
184.4,0.094136
184.8,0.0948218
184.8,0.0948218
184.8,0.0948218
184.8,0.0948218
184.8,0.0948218
184.8,0.0948218
185.2,0.0951588
185.2,0.0951588
185.2,0.0951588
185.2,0.0951588
185.2,0.0951588
185.2,0.0951588
185.6,0.0966048
185.6,0.0966048
185.6,0.0966048
185.6,0.0966048
185.6,0.0966048
185.6,0.0966048
186,0.0968909
186,0.0968909
186,0.0968909
186,0.0968909
186,0.0968909
186,0.0968909
186.4,0.0983565
186.4,0.0983565
186.4,0.0983565
186.4,0.0983565
186.4,0.0983565
186.4,0.0983565
186.8,0.0983917
186.8,0.0983917
186.8,0.0983917
186.8,0.0983917
186.8,0.0983917
186.8,0.0983917
187.2,0.0997555
187.2,0.0997555
187.2,0.0997555
187.2,0.0997555
187.2,0.0997555
187.2,0.0997555
187.6,0.0987405
187.6,0.0987405
187.6,0.0987405
187.6,0.0987405
187.6,0.0987405
187.6,0.0987405
188,0.099536
188,0.099536
188,0.099536
188,0.099536
188,0.099536
188,0.099536
188.4,0.100124
188.4,0.100124
188.4,0.100124
188.4,0.100124
188.4,0.100124
188.4,0.100124
188.8,0.0996536
188.8,0.0996536
188.8,0.0996536
188.8,0.0996536
188.8,0.0996536
188.8,0.0996536
189.2,0.100763
189.2,0.100763
189.2,0.100763
189.2,0.100763
189.2,0.100763
189.2,0.100763
189.6,0.102749
189.6,0.102749
189.6,0.102749
189.6,0.102749
189.6,0.102749
189.6,0.102749
190,0.102573
190,0.102573
190,0.102573
190,0.102573
190,0.102573
190,0.102573
190.4,0.102546
190.4,0.102546
190.4,0.102546
190.4,0.102546
190.4,0.102546
190.4,0.102546
190.8,0.100884
190.8,0.100884
190.8,0.100884
190.8,0.100884
190.8,0.100884
190.8,0.100884
191.2,0.102957
191.2,0.102957
191.2,0.102957
191.2,0.102957
191.2,0.102957
191.2,0.102957
191.6,0.104427
191.6,0.104427
191.6,0.104427
191.6,0.104427
191.6,0.104427
191.6,0.104427
192,0.106821
192,0.106821
192,0.106821
192,0.106821
192,0.106821
192,0.106821
192.4,0.108369
192.4,0.108369
192.4,0.108369
192.4,0.108369
192.4,0.108369
192.4,0.108369
192.8,0.110391
192.8,0.110391
192.8,0.110391
192.8,0.110391
192.8,0.110391
192.8,0.110391
193.2,0.107205
193.2,0.107205
193.2,0.107205
193.2,0.107205
193.2,0.107205
193.2,0.107205
193.6,0.105496
193.6,0.105496
193.6,0.105496
193.6,0.105496
193.6,0.105496
193.6,0.105496
194,0.106715
194,0.106715
194,0.106715
194,0.106715
194,0.106715
194,0.106715
194.4,0.105649
194.4,0.105649
194.4,0.105649
194.4,0.105649
194.4,0.105649
194.4,0.105649
194.8,0.10521
194.8,0.10521
194.8,0.10521
194.8,0.10521
194.8,0.10521
194.8,0.10521
195.2,0.10679
195.2,0.10679
195.2,0.10679
195.2,0.10679
195.2,0.10679
195.2,0.10679
195.6,0.110877
195.6,0.110877
195.6,0.110877
195.6,0.110877
195.6,0.110877
195.6,0.110877
196,0.111955
196,0.111955
196,0.111955
196,0.111955
196,0.111955
196,0.111955
196.4,0.123515
196.4,0.123515
196.4,0.123515
196.4,0.123515
196.4,0.123515
196.4,0.123515
196.8,0.13522
196.8,0.13522
196.8,0.13522
196.8,0.13522
196.8,0.13522
196.8,0.13522
197.2,0.146581
197.2,0.146581
197.2,0.146581
197.2,0.146581
197.2,0.146581
197.2,0.146581
197.6,0.157396
197.6,0.157396
197.6,0.157396
197.6,0.157396
197.6,0.157396
197.6,0.157396
198,0.169297
198,0.169297
198,0.169297
198,0.169297
198,0.169297
198,0.169297
198.4,0.180787
198.4,0.180787
198.4,0.180787
198.4,0.180787
198.4,0.180787
198.4,0.180787
198.8,0.193468
198.8,0.193468
198.8,0.193468
198.8,0.193468
198.8,0.193468
198.8,0.193468
199.2,0.205201
199.2,0.205201
199.2,0.205201
199.2,0.205201
199.2,0.205201
199.2,0.205201
199.6,0.244083
199.6,0.244083
199.6,0.244083
199.6,0.244083
199.6,0.244083
199.6,0.244083
200,0.271553
200,0.271553
200,0.271553
200,0.271553
200,0.271553
200,0.271553
200.4,0.283388
200.4,0.283388
200.4,0.283388
200.4,0.283388
200.4,0.283388
200.4,0.283388
200.8,0.301002
200.8,0.301002
200.8,0.301002
200.8,0.301002
200.8,0.301002
200.8,0.301002
201.2,0.313229
201.2,0.313229
201.2,0.313229
201.2,0.313229
201.2,0.313229
201.2,0.313229
201.6,0.322567
201.6,0.322567
201.6,0.322567
201.6,0.322567
201.6,0.322567
201.6,0.322567
202,0.317786
202,0.317786
202,0.317786
202,0.317786
202,0.317786
202,0.317786
202.4,0.3098
202.4,0.3098
202.4,0.3098
202.4,0.3098
202.4,0.3098
202.4,0.3098
202.8,0.315267
202.8,0.315267
202.8,0.315267
202.8,0.315267
202.8,0.315267
202.8,0.315267
203.2,0.312966
203.2,0.312966
203.2,0.312966
203.2,0.312966
203.2,0.312966
203.2,0.312966
203.6,0.312731
203.6,0.312731
203.6,0.312731
203.6,0.312731
203.6,0.312731
203.6,0.312731
204,0.322352
204,0.322352
204,0.322352
204,0.322352
204,0.322352
204,0.322352
204.4,0.339994
204.4,0.339994
204.4,0.339994
204.4,0.339994
204.4,0.339994
204.4,0.339994
204.8,0.352267
204.8,0.352267
204.8,0.352267
204.8,0.352267
204.8,0.352267
204.8,0.352267
205.2,0.355493
205.2,0.355493
205.2,0.355493
205.2,0.355493
205.2,0.355493
205.2,0.355493
205.6,0.361132
205.6,0.361132
205.6,0.361132
205.6,0.361132
205.6,0.361132
205.6,0.361132
206,0.361092
206,0.361092
206,0.361092
206,0.361092
206,0.361092
206,0.361092
206.4,0.366402
206.4,0.366402
206.4,0.366402
206.4,0.366402
206.4,0.366402
206.4,0.366402
206.8,0.367938
206.8,0.367938
206.8,0.367938
206.8,0.367938
206.8,0.367938
206.8,0.367938
207.2,0.358855
207.2,0.358855
207.2,0.358855
207.2,0.358855
207.2,0.358855
207.2,0.358855
207.6,0.350175
207.6,0.350175
207.6,0.350175
207.6,0.350175
207.6,0.350175
207.6,0.350175
208,0.348302
208,0.348302
208,0.348302
208,0.348302
208,0.348302
208,0.348302
208.4,0.348364
208.4,0.348364
208.4,0.348364
208.4,0.348364
208.4,0.348364
208.4,0.348364
208.8,0.354062
208.8,0.354062
208.8,0.354062
208.8,0.354062
208.8,0.354062
208.8,0.354062
209.2,0.354082
209.2,0.354082
209.2,0.354082
209.2,0.354082
209.2,0.354082
209.2,0.354082
209.6,0.360755
209.6,0.360755
209.6,0.360755
209.6,0.360755
209.6,0.360755
209.6,0.360755
210,0.364553
210,0.364553
210,0.364553
210,0.364553
210,0.364553
210,0.364553
210.4,0.36913
210.4,0.36913
210.4,0.36913
210.4,0.36913
210.4,0.36913
210.4,0.36913
210.8,0.3696
210.8,0.3696
210.8,0.3696
210.8,0.3696
210.8,0.3696
210.8,0.3696
211.2,0.36962
211.2,0.36962
211.2,0.36962
211.2,0.36962
211.2,0.36962
211.2,0.36962
211.6,0.371066
211.6,0.371066
211.6,0.371066
211.6,0.371066
211.6,0.371066
211.6,0.371066
212,0.376991
212,0.376991
212,0.376991
212,0.376991
212,0.376991
212,0.376991
212.4,0.381407
212.4,0.381407
212.4,0.381407
212.4,0.381407
212.4,0.381407
212.4,0.381407
212.8,0.391275
212.8,0.391275
212.8,0.391275
212.8,0.391275
212.8,0.391275
212.8,0.391275
213.2,0.399782
213.2,0.399782
213.2,0.399782
213.2,0.399782
213.2,0.399782
213.2,0.399782
213.6,0.407349
213.6,0.407349
213.6,0.407349
213.6,0.407349
213.6,0.407349
213.6,0.407349
214,0.407827
214,0.407827
214,0.407827
214,0.407827
214,0.407827
214,0.407827
214.4,0.411025
214.4,0.411025
214.4,0.411025
214.4,0.411025
214.4,0.411025
214.4,0.411025
214.8,0.41177
214.8,0.41177
214.8,0.41177
214.8,0.41177
214.8,0.41177
214.8,0.41177
215.2,0.415778
215.2,0.415778
215.2,0.415778
215.2,0.415778
215.2,0.415778
215.2,0.415778
215.6,0.416621
215.6,0.416621
215.6,0.416621
215.6,0.416621
215.6,0.416621
215.6,0.416621
216,0.413459
216,0.413459
216,0.413459
216,0.413459
216,0.413459
216,0.413459
216.4,0.413212
216.4,0.413212
216.4,0.413212
216.4,0.413212
216.4,0.413212
216.4,0.413212
216.8,0.414227
216.8,0.414227
216.8,0.414227
216.8,0.414227
216.8,0.414227
216.8,0.414227
217.2,0.414905
217.2,0.414905
217.2,0.414905
217.2,0.414905
217.2,0.414905
217.2,0.414905
217.6,0.414893
217.6,0.414893
217.6,0.414893
217.6,0.414893
217.6,0.414893
217.6,0.414893
218,0.417569
218,0.417569
218,0.417569
218,0.417569
218,0.417569
218,0.417569
218.4,0.420222
218.4,0.420222
218.4,0.420222
218.4,0.420222
218.4,0.420222
218.4,0.420222
218.8,0.41945
218.8,0.41945
218.8,0.41945
218.8,0.41945
218.8,0.41945
218.8,0.41945
219.2,0.407827
219.2,0.407827
219.2,0.407827
219.2,0.407827
219.2,0.407827
219.2,0.407827
219.6,0.409967
219.6,0.409967
219.6,0.409967
219.6,0.409967
219.6,0.409967
219.6,0.409967
220,0.408748
220,0.408748
220,0.408748
220,0.408748
220,0.408748
220,0.408748
220.4,0.408564
220.4,0.408564
220.4,0.408564
220.4,0.408564
220.4,0.408564
220.4,0.408564
220.8,0.400558
220.8,0.400558
220.8,0.400558
220.8,0.400558
220.8,0.400558
220.8,0.400558
221.2,0.400766
221.2,0.400766
221.2,0.400766
221.2,0.400766
221.2,0.400766
221.2,0.400766
221.6,0.400252
221.6,0.400252
221.6,0.400252
221.6,0.400252
221.6,0.400252
221.6,0.400252
222,0.4028
222,0.4028
222,0.4028
222,0.4028
222,0.4028
222,0.4028
222.4,0.401397
222.4,0.401397
222.4,0.401397
222.4,0.401397
222.4,0.401397
222.4,0.401397
222.8,0.406875
222.8,0.406875
222.8,0.406875
222.8,0.406875
222.8,0.406875
222.8,0.406875
223.2,0.404391
223.2,0.404391
223.2,0.404391
223.2,0.404391
223.2,0.404391
223.2,0.404391
223.6,0.402643
223.6,0.402643
223.6,0.402643
223.6,0.402643
223.6,0.402643
223.6,0.402643
224,0.401467
224,0.401467
224,0.401467
224,0.401467
224,0.401467
224,0.401467
224.4,0.405723
224.4,0.405723
224.4,0.405723
224.4,0.405723
224.4,0.405723
224.4,0.405723
224.8,0.410006
224.8,0.410006
224.8,0.410006
224.8,0.410006
224.8,0.410006
224.8,0.410006
225.2,0.412013
225.2,0.412013
225.2,0.412013
225.2,0.412013
225.2,0.412013
225.2,0.412013
225.6,0.413854
225.6,0.413854
225.6,0.413854
225.6,0.413854
225.6,0.413854
225.6,0.413854
226,0.409661
226,0.409661
226,0.409661
226,0.409661
226,0.409661
226,0.409661
226.4,0.410171
226.4,0.410171
226.4,0.410171
226.4,0.410171
226.4,0.410171
226.4,0.410171
226.8,0.411319
226.8,0.411319
226.8,0.411319
226.8,0.411319
226.8,0.411319
226.8,0.411319
227.2,0.414466
227.2,0.414466
227.2,0.414466
227.2,0.414466
227.2,0.414466
227.2,0.414466
227.6,0.411868
227.6,0.411868
227.6,0.411868
227.6,0.411868
227.6,0.411868
227.6,0.411868
228,0.414136
228,0.414136
228,0.414136
228,0.414136
228,0.414136
228,0.414136
228.4,0.415018
228.4,0.415018
228.4,0.415018
228.4,0.415018
228.4,0.415018
228.4,0.415018
228.8,0.416182
228.8,0.416182
228.8,0.416182
228.8,0.416182
228.8,0.416182
228.8,0.416182
229.2,0.418678
229.2,0.418678
229.2,0.418678
229.2,0.418678
229.2,0.418678
229.2,0.418678
229.6,0.419341
229.6,0.419341
229.6,0.419341
229.6,0.419341
229.6,0.419341
229.6,0.419341
230,0.420469
230,0.420469
230,0.420469
230,0.420469
230,0.420469
230,0.420469
230.4,0.420567
230.4,0.420567
230.4,0.420567
230.4,0.420567
230.4,0.420567
230.4,0.420567
230.8,0.417561
230.8,0.417561
230.8,0.417561
230.8,0.417561
230.8,0.417561
230.8,0.417561
231.2,0.417264
231.2,0.417264
231.2,0.417264
231.2,0.417264
231.2,0.417264
231.2,0.417264
231.6,0.412432
231.6,0.412432
231.6,0.412432
231.6,0.412432
231.6,0.412432
231.6,0.412432
232,0.41251
232,0.41251
232,0.41251
232,0.41251
232,0.41251
232,0.41251
232.4,0.410884
232.4,0.410884
232.4,0.410884
232.4,0.410884
232.4,0.410884
232.4,0.410884
232.8,0.411186
232.8,0.411186
232.8,0.411186
232.8,0.411186
232.8,0.411186
232.8,0.411186
233.2,0.412514
233.2,0.412514
233.2,0.412514
233.2,0.412514
233.2,0.412514
233.2,0.412514
233.6,0.413306
233.6,0.413306
233.6,0.413306
233.6,0.413306
233.6,0.413306
233.6,0.413306
234,0.409955
234,0.409955
234,0.409955
234,0.409955
234,0.409955
234,0.409955
234.4,0.411331
234.4,0.411331
234.4,0.411331
234.4,0.411331
234.4,0.411331
234.4,0.411331
234.8,0.411907
234.8,0.411907
234.8,0.411907
234.8,0.411907
234.8,0.411907
234.8,0.411907
235.2,0.412197
235.2,0.412197
235.2,0.412197
235.2,0.412197
235.2,0.412197
235.2,0.412197
235.6,0.412346
235.6,0.412346
235.6,0.412346
235.6,0.412346
235.6,0.412346
235.6,0.412346
236,0.410155
236,0.410155
236,0.410155
236,0.410155
236,0.410155
236,0.410155
236.4,0.414376
236.4,0.414376
236.4,0.414376
236.4,0.414376
236.4,0.414376
236.4,0.414376
236.8,0.417585
236.8,0.417585
236.8,0.417585
236.8,0.417585
236.8,0.417585
236.8,0.417585
237.2,0.419748
237.2,0.419748
237.2,0.419748
237.2,0.419748
237.2,0.419748
237.2,0.419748
237.6,0.416695
237.6,0.416695
237.6,0.416695
237.6,0.416695
237.6,0.416695
237.6,0.416695
238,0.41329
238,0.41329
238,0.41329
238,0.41329
238,0.41329
238,0.41329
238.4,0.414995
238.4,0.414995
238.4,0.414995
238.4,0.414995
238.4,0.414995
238.4,0.414995
238.8,0.417816
238.8,0.417816
238.8,0.417816
238.8,0.417816
238.8,0.417816
238.8,0.417816
239.2,0.419591
239.2,0.419591
239.2,0.419591
239.2,0.419591
239.2,0.419591
239.2,0.419591
239.6,0.414893
239.6,0.414893
239.6,0.414893
239.6,0.414893
239.6,0.414893
239.6,0.414893
240,0.412906
240,0.412906
240,0.412906
240,0.412906
240,0.412906
240,0.412906
240.4,0.413686
240.4,0.413686
240.4,0.413686
240.4,0.413686
240.4,0.413686
240.4,0.413686
240.8,0.414654
240.8,0.414654
240.8,0.414654
240.8,0.414654
240.8,0.414654
240.8,0.414654
241.2,0.4163
241.2,0.4163
241.2,0.4163
241.2,0.4163
241.2,0.4163
241.2,0.4163
241.6,0.417091
241.6,0.417091
241.6,0.417091
241.6,0.417091
241.6,0.417091
241.6,0.417091
242,0.415602
242,0.415602
242,0.415602
242,0.415602
242,0.415602
242,0.415602
242.4,0.415919
242.4,0.415919
242.4,0.415919
242.4,0.415919
242.4,0.415919
242.4,0.415919
242.8,0.415394
242.8,0.415394
242.8,0.415394
242.8,0.415394
242.8,0.415394
242.8,0.415394
243.2,0.41289
243.2,0.41289
243.2,0.41289
243.2,0.41289
243.2,0.41289
243.2,0.41289
243.6,0.415065
243.6,0.415065
243.6,0.415065
243.6,0.415065
243.6,0.415065
243.6,0.415065
244,0.415912
244,0.415912
244,0.415912
244,0.415912
244,0.415912
244,0.415912
244.4,0.415492
244.4,0.415492
244.4,0.415492
244.4,0.415492
244.4,0.415492
244.4,0.415492
244.8,0.41137
244.8,0.41137
244.8,0.41137
244.8,0.41137
244.8,0.41137
244.8,0.41137
245.2,0.412216
245.2,0.412216
245.2,0.412216
245.2,0.412216
245.2,0.412216
245.2,0.412216
245.6,0.418835
245.6,0.418835
245.6,0.418835
245.6,0.418835
245.6,0.418835
245.6,0.418835
246,0.421351
246,0.421351
246,0.421351
246,0.421351
246,0.421351
246,0.421351
246.4,0.417624
246.4,0.417624
246.4,0.417624
246.4,0.417624
246.4,0.417624
246.4,0.417624
246.8,0.41601
246.8,0.41601
246.8,0.41601
246.8,0.41601
246.8,0.41601
246.8,0.41601
247.2,0.418228
247.2,0.418228
247.2,0.418228
247.2,0.418228
247.2,0.418228
247.2,0.418228
247.6,0.419631
247.6,0.419631
247.6,0.419631
247.6,0.419631
247.6,0.419631
247.6,0.419631
248,0.417471
248,0.417471
248,0.417471
248,0.417471
248,0.417471
248,0.417471
248.4,0.419007
248.4,0.419007
248.4,0.419007
248.4,0.419007
248.4,0.419007
248.4,0.419007
248.8,0.418968
248.8,0.418968
248.8,0.418968
248.8,0.418968
248.8,0.418968
248.8,0.418968
249.2,0.418475
249.2,0.418475
249.2,0.418475
249.2,0.418475
249.2,0.418475
249.2,0.418475
249.6,0.414716
249.6,0.414716
249.6,0.414716
249.6,0.414716
249.6,0.414716
249.6,0.414716
250,0.414117
250,0.414117
250,0.414117
250,0.414117
250,0.414117
250,0.414117
250.4,0.413831
250.4,0.413831
250.4,0.413831
250.4,0.413831
250.4,0.413831
250.4,0.413831
250.8,0.412718
250.8,0.412718
250.8,0.412718
250.8,0.412718
250.8,0.412718
250.8,0.412718
251.2,0.408893
251.2,0.408893
251.2,0.408893
251.2,0.408893
251.2,0.408893
251.2,0.408893
251.6,0.403979
251.6,0.403979
251.6,0.403979
251.6,0.403979
251.6,0.403979
251.6,0.403979
252,0.413411
252,0.413411
252,0.413411
252,0.413411
252,0.413411
252,0.413411
252.4,0.422327
252.4,0.422327
252.4,0.422327
252.4,0.422327
252.4,0.422327
252.4,0.422327
252.8,0.427868
252.8,0.427868
252.8,0.427868
252.8,0.427868
252.8,0.427868
252.8,0.427868
253.2,0.429576
253.2,0.429576
253.2,0.429576
253.2,0.429576
253.2,0.429576
253.2,0.429576
253.6,0.433123
253.6,0.433123
253.6,0.433123
253.6,0.433123
253.6,0.433123
253.6,0.433123
254,0.434067
254,0.434067
254,0.434067
254,0.434067
254,0.434067
254,0.434067
254.4,0.435631
254.4,0.435631
254.4,0.435631
254.4,0.435631
254.4,0.435631
254.4,0.435631
254.8,0.442524
254.8,0.442524
254.8,0.442524
254.8,0.442524
254.8,0.442524
254.8,0.442524
255.2,0.444377
255.2,0.444377
255.2,0.444377
255.2,0.444377
255.2,0.444377
255.2,0.444377
255.6,0.445878
255.6,0.445878
255.6,0.445878
255.6,0.445878
255.6,0.445878
255.6,0.445878
256,0.446305
256,0.446305
256,0.446305
256,0.446305
256,0.446305
256,0.446305
256.4,0.442214
256.4,0.442214
256.4,0.442214
256.4,0.442214
256.4,0.442214
256.4,0.442214
256.8,0.444107
256.8,0.444107
256.8,0.444107
256.8,0.444107
256.8,0.444107
256.8,0.444107
257.2,0.444695
257.2,0.444695
257.2,0.444695
257.2,0.444695
257.2,0.444695
257.2,0.444695
257.6,0.444903
257.6,0.444903
257.6,0.444903
257.6,0.444903
257.6,0.444903
257.6,0.444903
258,0.441956
258,0.441956
258,0.441956
258,0.441956
258,0.441956
258,0.441956
258.4,0.443841
258.4,0.443841
258.4,0.443841
258.4,0.443841
258.4,0.443841
258.4,0.443841
258.8,0.444268
258.8,0.444268
258.8,0.444268
258.8,0.444268
258.8,0.444268
258.8,0.444268
259.2,0.444048
259.2,0.444048
259.2,0.444048
259.2,0.444048
259.2,0.444048
259.2,0.444048
259.6,0.435478
259.6,0.435478
259.6,0.435478
259.6,0.435478
259.6,0.435478
259.6,0.435478
260,0.434197
260,0.434197
260,0.434197
260,0.434197
260,0.434197
260,0.434197
260.4,0.440192
260.4,0.440192
260.4,0.440192
260.4,0.440192
260.4,0.440192
260.4,0.440192
260.8,0.443362
260.8,0.443362
260.8,0.443362
260.8,0.443362
260.8,0.443362
260.8,0.443362
261.2,0.442065
261.2,0.442065
261.2,0.442065
261.2,0.442065
261.2,0.442065
261.2,0.442065
261.6,0.440764
261.6,0.440764
261.6,0.440764
261.6,0.440764
261.6,0.440764
261.6,0.440764
262,0.439459
262,0.439459
262,0.439459
262,0.439459
262,0.439459
262,0.439459
262.4,0.441509
262.4,0.441509
262.4,0.441509
262.4,0.441509
262.4,0.441509
262.4,0.441509
262.8,0.438848
262.8,0.438848
262.8,0.438848
262.8,0.438848
262.8,0.438848
262.8,0.438848
263.2,0.440278
263.2,0.440278
263.2,0.440278
263.2,0.440278
263.2,0.440278
263.2,0.440278
263.6,0.441368
263.6,0.441368
263.6,0.441368
263.6,0.441368
263.6,0.441368
263.6,0.441368
264,0.438789
264,0.438789
264,0.438789
264,0.438789
264,0.438789
264,0.438789
264.4,0.442375
264.4,0.442375
264.4,0.442375
264.4,0.442375
264.4,0.442375
264.4,0.442375
264.8,0.438723
264.8,0.438723
264.8,0.438723
264.8,0.438723
264.8,0.438723
264.8,0.438723
265.2,0.438268
265.2,0.438268
265.2,0.438268
265.2,0.438268
265.2,0.438268
265.2,0.438268
265.6,0.432061
265.6,0.432061
265.6,0.432061
265.6,0.432061
265.6,0.432061
265.6,0.432061
266,0.438891
266,0.438891
266,0.438891
266,0.438891
266,0.438891
266,0.438891
266.4,0.437853
266.4,0.437853
266.4,0.437853
266.4,0.437853
266.4,0.437853
266.4,0.437853
266.8,0.438973
266.8,0.438973
266.8,0.438973
266.8,0.438973
266.8,0.438973
266.8,0.438973
267.2,0.439224
267.2,0.439224
267.2,0.439224
267.2,0.439224
267.2,0.439224
267.2,0.439224
267.6,0.439416
267.6,0.439416
267.6,0.439416
267.6,0.439416
267.6,0.439416
267.6,0.439416
268,0.435509
268,0.435509
268,0.435509
268,0.435509
268,0.435509
268,0.435509
268.4,0.429047
268.4,0.429047
268.4,0.429047
268.4,0.429047
268.4,0.429047
268.4,0.429047
268.8,0.432786
268.8,0.432786
268.8,0.432786
268.8,0.432786
268.8,0.432786
268.8,0.432786
269.2,0.43221
269.2,0.43221
269.2,0.43221
269.2,0.43221
269.2,0.43221
269.2,0.43221
269.6,0.433758
269.6,0.433758
269.6,0.433758
269.6,0.433758
269.6,0.433758
269.6,0.433758
270,0.437183
270,0.437183
270,0.437183
270,0.437183
270,0.437183
270,0.437183
270.4,0.437998
270.4,0.437998
270.4,0.437998
270.4,0.437998
270.4,0.437998
270.4,0.437998
270.8,0.437763
270.8,0.437763
270.8,0.437763
270.8,0.437763
270.8,0.437763
270.8,0.437763
271.2,0.435298
271.2,0.435298
271.2,0.435298
271.2,0.435298
271.2,0.435298
271.2,0.435298
271.6,0.432037
271.6,0.432037
271.6,0.432037
271.6,0.432037
271.6,0.432037
271.6,0.432037
272,0.433997
272,0.433997
272,0.433997
272,0.433997
272,0.433997
272,0.433997
272.4,0.438233
272.4,0.438233
272.4,0.438233
272.4,0.438233
272.4,0.438233
272.4,0.438233
272.8,0.43839
272.8,0.43839
272.8,0.43839
272.8,0.43839
272.8,0.43839
272.8,0.43839
273.2,0.43781
273.2,0.43781
273.2,0.43781
273.2,0.43781
273.2,0.43781
273.2,0.43781
273.6,0.439071
273.6,0.439071
273.6,0.439071
273.6,0.439071
273.6,0.439071
273.6,0.439071
274,0.439181
274,0.439181
274,0.439181
274,0.439181
274,0.439181
274,0.439181
274.4,0.437194
274.4,0.437194
274.4,0.437194
274.4,0.437194
274.4,0.437194
274.4,0.437194
274.8,0.436638
274.8,0.436638
274.8,0.436638
274.8,0.436638
274.8,0.436638
274.8,0.436638
275.2,0.440314
275.2,0.440314
275.2,0.440314
275.2,0.440314
275.2,0.440314
275.2,0.440314
275.6,0.439118
275.6,0.439118
275.6,0.439118
275.6,0.439118
275.6,0.439118
275.6,0.439118
276,0.441862
276,0.441862
276,0.441862
276,0.441862
276,0.441862
276,0.441862
276.4,0.443989
276.4,0.443989
276.4,0.443989
276.4,0.443989
276.4,0.443989
276.4,0.443989
276.8,0.452493
276.8,0.452493
276.8,0.452493
276.8,0.452493
276.8,0.452493
276.8,0.452493
277.2,0.453034
277.2,0.453034
277.2,0.453034
277.2,0.453034
277.2,0.453034
277.2,0.453034
277.6,0.454449
277.6,0.454449
277.6,0.454449
277.6,0.454449
277.6,0.454449
277.6,0.454449
278,0.465088
278,0.465088
278,0.465088
278,0.465088
278,0.465088
278,0.465088
278.4,0.473482
278.4,0.473482
278.4,0.473482
278.4,0.473482
278.4,0.473482
278.4,0.473482
278.8,0.465578
278.8,0.465578
278.8,0.465578
278.8,0.465578
278.8,0.465578
278.8,0.465578
279.2,0.45961
279.2,0.45961
279.2,0.45961
279.2,0.45961
279.2,0.45961
279.2,0.45961
279.6,0.451529
279.6,0.451529
279.6,0.451529
279.6,0.451529
279.6,0.451529
279.6,0.451529
280,0.445494
280,0.445494
280,0.445494
280,0.445494
280,0.445494
280,0.445494
280.4,0.448155
280.4,0.448155
280.4,0.448155
280.4,0.448155
280.4,0.448155
280.4,0.448155
280.8,0.44629
280.8,0.44629
280.8,0.44629
280.8,0.44629
280.8,0.44629
280.8,0.44629
281.2,0.438934
281.2,0.438934
281.2,0.438934
281.2,0.438934
281.2,0.438934
281.2,0.438934
281.6,0.419964
281.6,0.419964
281.6,0.419964
281.6,0.419964
281.6,0.419964
281.6,0.419964
282,0.406573
282,0.406573
282,0.406573
282,0.406573
282,0.406573
282,0.406573
282.4,0.4051
282.4,0.4051
282.4,0.4051
282.4,0.4051
282.4,0.4051
282.4,0.4051
282.8,0.38348
282.8,0.38348
282.8,0.38348
282.8,0.38348
282.8,0.38348
282.8,0.38348
283.2,0.366524
283.2,0.366524
283.2,0.366524
283.2,0.366524
283.2,0.366524
283.2,0.366524
283.6,0.363922
283.6,0.363922
283.6,0.363922
283.6,0.363922
283.6,0.363922
283.6,0.363922
284,0.366269
284,0.366269
284,0.366269
284,0.366269
284,0.366269
284,0.366269
284.4,0.353909
284.4,0.353909
284.4,0.353909
284.4,0.353909
284.4,0.353909
284.4,0.353909
284.8,0.347957
284.8,0.347957
284.8,0.347957
284.8,0.347957
284.8,0.347957
284.8,0.347957
285.2,0.344144
285.2,0.344144
285.2,0.344144
285.2,0.344144
285.2,0.344144
285.2,0.344144
285.6,0.336769
285.6,0.336769
285.6,0.336769
285.6,0.336769
285.6,0.336769
285.6,0.336769
286,0.325828
286,0.325828
286,0.325828
286,0.325828
286,0.325828
286,0.325828
286.4,0.325953
286.4,0.325953
286.4,0.325953
286.4,0.325953
286.4,0.325953
286.4,0.325953
286.8,0.337474
286.8,0.337474
286.8,0.337474
286.8,0.337474
286.8,0.337474
286.8,0.337474
287.2,0.337439
287.2,0.337439
287.2,0.337439
287.2,0.337439
287.2,0.337439
287.2,0.337439
287.6,0.337568
287.6,0.337568
287.6,0.337568
287.6,0.337568
287.6,0.337568
287.6,0.337568
288,0.319609
288,0.319609
288,0.319609
288,0.319609
288,0.319609
288,0.319609
288.4,0.291617
288.4,0.291617
288.4,0.291617
288.4,0.291617
288.4,0.291617
288.4,0.291617
288.8,0.2695
288.8,0.2695
288.8,0.2695
288.8,0.2695
288.8,0.2695
288.8,0.2695
289.2,0.261725
289.2,0.261725
289.2,0.261725
289.2,0.261725
289.2,0.261725
289.2,0.261725
289.6,0.265083
289.6,0.265083
289.6,0.265083
289.6,0.265083
289.6,0.265083
289.6,0.265083
290,0.277341
290,0.277341
290,0.277341
290,0.277341
290,0.277341
290,0.277341
290.4,0.274547
290.4,0.274547
290.4,0.274547
290.4,0.274547
290.4,0.274547
290.4,0.274547
290.8,0.275511
290.8,0.275511
290.8,0.275511
290.8,0.275511
290.8,0.275511
290.8,0.275511
291.2,0.279442
291.2,0.279442
291.2,0.279442
291.2,0.279442
291.2,0.279442
291.2,0.279442
291.6,0.272717
291.6,0.272717
291.6,0.272717
291.6,0.272717
291.6,0.272717
291.6,0.272717
292,0.269143
292,0.269143
292,0.269143
292,0.269143
292,0.269143
292,0.269143
292.4,0.262708
292.4,0.262708
292.4,0.262708
292.4,0.262708
292.4,0.262708
292.4,0.262708
292.8,0.247888
292.8,0.247888
292.8,0.247888
292.8,0.247888
292.8,0.247888
292.8,0.247888
293.2,0.243095
293.2,0.243095
293.2,0.243095
293.2,0.243095
293.2,0.243095
293.2,0.243095
293.6,0.235407
293.6,0.235407
293.6,0.235407
293.6,0.235407
293.6,0.235407
293.6,0.235407
294,0.247845
294,0.247845
294,0.247845
294,0.247845
294,0.247845
294,0.247845
294.4,0.26995
294.4,0.26995
294.4,0.26995
294.4,0.26995
294.4,0.26995
294.4,0.26995
294.8,0.268888
294.8,0.268888
294.8,0.268888
294.8,0.268888
294.8,0.268888
294.8,0.268888
295.2,0.290931
295.2,0.290931
295.2,0.290931
295.2,0.290931
295.2,0.290931
295.2,0.290931
295.6,0.305344
295.6,0.305344
295.6,0.305344
295.6,0.305344
295.6,0.305344
295.6,0.305344
296,0.313307
296,0.313307
296,0.313307
296,0.313307
296,0.313307
296,0.313307
296.4,0.303169
296.4,0.303169
296.4,0.303169
296.4,0.303169
296.4,0.303169
296.4,0.303169
296.8,0.313233
296.8,0.313233
296.8,0.313233
296.8,0.313233
296.8,0.313233
296.8,0.313233
297.2,0.316387
297.2,0.316387
297.2,0.316387
297.2,0.316387
297.2,0.316387
297.2,0.316387
297.6,0.288435
297.6,0.288435
297.6,0.288435
297.6,0.288435
297.6,0.288435
297.6,0.288435
298,0.268481
298,0.268481
298,0.268481
298,0.268481
298,0.268481
298,0.268481
298.4,0.270569
298.4,0.270569
298.4,0.270569
298.4,0.270569
298.4,0.270569
298.4,0.270569
298.8,0.253519
298.8,0.253519
298.8,0.253519
298.8,0.253519
298.8,0.253519
298.8,0.253519
299.2,0.249542
299.2,0.249542
299.2,0.249542
299.2,0.249542
299.2,0.249542
299.2,0.249542
299.6,0.250008
299.6,0.250008
299.6,0.250008
299.6,0.250008
299.6,0.250008
299.6,0.250008
300,0.252696
300,0.252696
300,0.252696
300,0.252696
300,0.252696
300,0.252696
300.4,0.260055
300.4,0.260055
300.4,0.260055
300.4,0.260055
300.4,0.260055
300.4,0.260055
300.8,0.262869
300.8,0.262869
300.8,0.262869
300.8,0.262869
300.8,0.262869
300.8,0.262869
301.2,0.279575
301.2,0.279575
301.2,0.279575
301.2,0.279575
301.2,0.279575
301.2,0.279575
301.6,0.292761
301.6,0.292761
301.6,0.292761
301.6,0.292761
301.6,0.292761
301.6,0.292761
302,0.310274
302,0.310274
302,0.310274
302,0.310274
302,0.310274
302,0.310274
302.4,0.308981
302.4,0.308981
302.4,0.308981
302.4,0.308981
302.4,0.308981
302.4,0.308981
302.8,0.30438
302.8,0.30438
302.8,0.30438
302.8,0.30438
302.8,0.30438
302.8,0.30438
303.2,0.297526
303.2,0.297526
303.2,0.297526
303.2,0.297526
303.2,0.297526
303.2,0.297526
303.6,0.288917
303.6,0.288917
303.6,0.288917
303.6,0.288917
303.6,0.288917
303.6,0.288917
304,0.310733
304,0.310733
304,0.310733
304,0.310733
304,0.310733
304,0.310733
304.4,0.334073
304.4,0.334073
304.4,0.334073
304.4,0.334073
304.4,0.334073
304.4,0.334073
304.8,0.339234
304.8,0.339234
304.8,0.339234
304.8,0.339234
304.8,0.339234
304.8,0.339234
305.2,0.333391
305.2,0.333391
305.2,0.333391
305.2,0.333391
305.2,0.333391
305.2,0.333391
305.6,0.323182
305.6,0.323182
305.6,0.323182
305.6,0.323182
305.6,0.323182
305.6,0.323182
306,0.331208
306,0.331208
306,0.331208
306,0.331208
306,0.331208
306,0.331208
306.4,0.309945
306.4,0.309945
306.4,0.309945
306.4,0.309945
306.4,0.309945
306.4,0.309945
306.8,0.292687
306.8,0.292687
306.8,0.292687
306.8,0.292687
306.8,0.292687
306.8,0.292687
307.2,0.275448
307.2,0.275448
307.2,0.275448
307.2,0.275448
307.2,0.275448
307.2,0.275448
307.6,0.258026
307.6,0.258026
307.6,0.258026
307.6,0.258026
307.6,0.258026
307.6,0.258026
308,0.230802
308,0.230802
308,0.230802
308,0.230802
308,0.230802
308,0.230802
308.4,0.224164
308.4,0.224164
308.4,0.224164
308.4,0.224164
308.4,0.224164
308.4,0.224164
308.8,0.247018
308.8,0.247018
308.8,0.247018
308.8,0.247018
308.8,0.247018
308.8,0.247018
309.2,0.245098
309.2,0.245098
309.2,0.245098
309.2,0.245098
309.2,0.245098
309.2,0.245098
309.6,0.249534
309.6,0.249534
309.6,0.249534
309.6,0.249534
309.6,0.249534
309.6,0.249534
310,0.260126
310,0.260126
310,0.260126
310,0.260126
310,0.260126
310,0.260126
310.4,0.243534
310.4,0.243534
310.4,0.243534
310.4,0.243534
310.4,0.243534
310.4,0.243534
310.8,0.224301
310.8,0.224301
310.8,0.224301
310.8,0.224301
310.8,0.224301
310.8,0.224301
311.2,0.196458
311.2,0.196458
311.2,0.196458
311.2,0.196458
311.2,0.196458
311.2,0.196458
311.6,0.17032
311.6,0.17032
311.6,0.17032
311.6,0.17032
311.6,0.17032
311.6,0.17032
312,0.162095
312,0.162095
312,0.162095
312,0.162095
312,0.162095
312,0.162095
312.4,0.166456
312.4,0.166456
312.4,0.166456
312.4,0.166456
312.4,0.166456
312.4,0.166456
312.8,0.168228
312.8,0.168228
312.8,0.168228
312.8,0.168228
312.8,0.168228
312.8,0.168228
313.2,0.15791
313.2,0.15791
313.2,0.15791
313.2,0.15791
313.2,0.15791
313.2,0.15791
313.6,0.169768
313.6,0.169768
313.6,0.169768
313.6,0.169768
313.6,0.169768
313.6,0.169768
314,0.183327
314,0.183327
314,0.183327
314,0.183327
314,0.183327
314,0.183327
314.4,0.21932
314.4,0.21932
314.4,0.21932
314.4,0.21932
314.4,0.21932
314.4,0.21932
314.8,0.241896
314.8,0.241896
314.8,0.241896
314.8,0.241896
314.8,0.241896
314.8,0.241896
315.2,0.23719
315.2,0.23719
315.2,0.23719
315.2,0.23719
315.2,0.23719
315.2,0.23719
315.6,0.229372
315.6,0.229372
315.6,0.229372
315.6,0.229372
315.6,0.229372
315.6,0.229372
316,0.205726
316,0.205726
316,0.205726
316,0.205726
316,0.205726
316,0.205726
316.4,0.20091
316.4,0.20091
316.4,0.20091
316.4,0.20091
316.4,0.20091
316.4,0.20091
316.8,0.17052
316.8,0.17052
316.8,0.17052
316.8,0.17052
316.8,0.17052
316.8,0.17052
317.2,0.140628
317.2,0.140628
317.2,0.140628
317.2,0.140628
317.2,0.140628
317.2,0.140628
317.6,0.1146
317.6,0.1146
317.6,0.1146
317.6,0.1146
317.6,0.1146
317.6,0.1146
318,0.0863691
318,0.0863691
318,0.0863691
318,0.0863691
318,0.0863691
318,0.0863691
318.4,0.0571352
318.4,0.0571352
318.4,0.0571352
318.4,0.0571352
318.4,0.0571352
318.4,0.0571352
318.8,0.0239004
318.8,0.0239004
318.8,0.0239004
318.8,0.0239004
318.8,0.0239004
318.8,0.0239004
319.2,0.00813531
319.2,0.00813531
319.2,0.00813531
319.2,0.00813531
319.2,0.00813531
319.2,0.00813531
319.6,0.00137548
319.6,0.00137548
319.6,0.00137548
319.6,0.00137548
319.6,0.00137548
319.6,0.00137548
320,0.000889554
320,0.000889554
320,0.000889554
320,0.000889554
320,0.000889554
320,0.000889554
320.4,0.000705373
320.4,0.000705373
320.4,0.000705373
320.4,0.000705373
320.4,0.000705373
320.4,0.000705373
320.8,0.000815098
320.8,0.000815098
320.8,0.000815098
320.8,0.000815098
320.8,0.000815098
320.8,0.000815098
321.2,0.000987523
321.2,0.000987523
321.2,0.000987523
321.2,0.000987523
321.2,0.000987523
321.2,0.000987523
321.6,0.00158709
321.6,0.00158709
321.6,0.00158709
321.6,0.00158709
321.6,0.00158709
321.6,0.00158709
322,0.00159101
322,0.00159101
322,0.00159101
322,0.00159101
322,0.00159101
322,0.00159101
322.4,0.00200248
322.4,0.00200248
322.4,0.00200248
322.4,0.00200248
322.4,0.00200248
322.4,0.00200248
322.8,0.00240219
322.8,0.00240219
322.8,0.00240219
322.8,0.00240219
322.8,0.00240219
322.8,0.00240219
323.2,0.0025511
323.2,0.0025511
323.2,0.0025511
323.2,0.0025511
323.2,0.0025511
323.2,0.0025511
323.6,0.00271961
323.6,0.00271961
323.6,0.00271961
323.6,0.00271961
323.6,0.00271961
323.6,0.00271961
324,0.00324472
324,0.00324472
324,0.00324472
324,0.00324472
324,0.00324472
324,0.00324472
324.4,0.0029273
324.4,0.0029273
324.4,0.0029273
324.4,0.0029273
324.4,0.0029273
324.4,0.0029273
324.8,0.00302527
324.8,0.00302527
324.8,0.00302527
324.8,0.00302527
324.8,0.00302527
324.8,0.00302527
325.2,0.00262164
325.2,0.00262164
325.2,0.00262164
325.2,0.00262164
325.2,0.00262164
325.2,0.00262164
325.6,0.00260204
325.6,0.00260204
325.6,0.00260204
325.6,0.00260204
325.6,0.00260204
325.6,0.00260204
326,0.00241394
326,0.00241394
326,0.00241394
326,0.00241394
326,0.00241394
326,0.00241394
326.4,0.00196721
326.4,0.00196721
326.4,0.00196721
326.4,0.00196721
326.4,0.00196721
326.4,0.00196721
326.8,0.00183397
326.8,0.00183397
326.8,0.00183397
326.8,0.00183397
326.8,0.00183397
326.8,0.00183397
327.2,0.00208477
327.2,0.00208477
327.2,0.00208477
327.2,0.00208477
327.2,0.00208477
327.2,0.00208477
327.6,0.00188883
327.6,0.00188883
327.6,0.00188883
327.6,0.00188883
327.6,0.00188883
327.6,0.00188883
328,0.0352648
328,0.0352648
328,0.0352648
328,0.0352648
328,0.0352648
328,0.0352648
328.4,0.0543059
328.4,0.0543059
328.4,0.0543059
328.4,0.0543059
328.4,0.0543059
328.4,0.0543059
328.8,0.0964637
328.8,0.0964637
328.8,0.0964637
328.8,0.0964637
328.8,0.0964637
328.8,0.0964637
329.2,0.0993871
329.2,0.0993871
329.2,0.0993871
329.2,0.0993871
329.2,0.0993871
329.2,0.0993871
329.6,0.103063
329.6,0.103063
329.6,0.103063
329.6,0.103063
329.6,0.103063
329.6,0.103063
330,0.0839825
330,0.0839825
330,0.0839825
330,0.0839825
330,0.0839825
330,0.0839825
330.4,0.0726221
330.4,0.0726221
330.4,0.0726221
330.4,0.0726221
330.4,0.0726221
330.4,0.0726221
330.8,0.0528364
330.8,0.0528364
330.8,0.0528364
330.8,0.0528364
330.8,0.0528364
330.8,0.0528364
331.2,0.0522015
331.2,0.0522015
331.2,0.0522015
331.2,0.0522015
331.2,0.0522015
331.2,0.0522015
331.6,0.0682762
331.6,0.0682762
331.6,0.0682762
331.6,0.0682762
331.6,0.0682762
331.6,0.0682762
332,0.0787118
332,0.0787118
332,0.0787118
332,0.0787118
332,0.0787118
332,0.0787118
332.4,0.0827129
332.4,0.0827129
332.4,0.0827129
332.4,0.0827129
332.4,0.0827129
332.4,0.0827129
332.8,0.0855735
332.8,0.0855735
332.8,0.0855735
332.8,0.0855735
332.8,0.0855735
332.8,0.0855735
333.2,0.0806555
333.2,0.0806555
333.2,0.0806555
333.2,0.0806555
333.2,0.0806555
333.2,0.0806555
333.6,0.0665716
333.6,0.0665716
333.6,0.0665716
333.6,0.0665716
333.6,0.0665716
333.6,0.0665716
334,0.0411507
334,0.0411507
334,0.0411507
334,0.0411507
334,0.0411507
334,0.0411507
334.4,0.0139586
334.4,0.0139586
334.4,0.0139586
334.4,0.0139586
334.4,0.0139586
334.4,0.0139586
334.8,0.00953038
334.8,0.00953038
334.8,0.00953038
334.8,0.00953038
334.8,0.00953038
334.8,0.00953038
335.2,0.00793937
335.2,0.00793937
335.2,0.00793937
335.2,0.00793937
335.2,0.00793937
335.2,0.00793937
335.6,0.00891122
335.6,0.00891122
335.6,0.00891122
335.6,0.00891122
335.6,0.00891122
335.6,0.00891122
336,0.00997711
336,0.00997711
336,0.00997711
336,0.00997711
336,0.00997711
336,0.00997711
336.4,0.0109803
336.4,0.0109803
336.4,0.0109803
336.4,0.0109803
336.4,0.0109803
336.4,0.0109803
336.8,0.0228384
336.8,0.0228384
336.8,0.0228384
336.8,0.0228384
336.8,0.0228384
336.8,0.0228384
337.2,0.0323061
337.2,0.0323061
337.2,0.0323061
337.2,0.0323061
337.2,0.0323061
337.2,0.0323061
337.6,0.0530088
337.6,0.0530088
337.6,0.0530088
337.6,0.0530088
337.6,0.0530088
337.6,0.0530088
338,0.092255
338,0.092255
338,0.092255
338,0.092255
338,0.092255
338,0.092255
338.4,0.103173
338.4,0.103173
338.4,0.103173
338.4,0.103173
338.4,0.103173
338.4,0.103173
338.8,0.091146
338.8,0.091146
338.8,0.091146
338.8,0.091146
338.8,0.091146
338.8,0.091146
339.2,0.0830224
339.2,0.0830224
339.2,0.0830224
339.2,0.0830224
339.2,0.0830224
339.2,0.0830224
339.6,0.0697301
339.6,0.0697301
339.6,0.0697301
339.6,0.0697301
339.6,0.0697301
339.6,0.0697301
340,0.0572842
340,0.0572842
340,0.0572842
340,0.0572842
340,0.0572842
340,0.0572842
340.4,0.0482123
340.4,0.0482123
340.4,0.0482123
340.4,0.0482123
340.4,0.0482123
340.4,0.0482123
340.8,0.0348807
340.8,0.0348807
340.8,0.0348807
340.8,0.0348807
340.8,0.0348807
340.8,0.0348807
341.2,0.0120227
341.2,0.0120227
341.2,0.0120227
341.2,0.0120227
341.2,0.0120227
341.2,0.0120227
341.6,0.00116778
341.6,0.00116778
341.6,0.00116778
341.6,0.00116778
341.6,0.00116778
341.6,0.00116778
342,0.0015048
342,0.0015048
342,0.0015048
342,0.0015048
342,0.0015048
342,0.0015048
342.4,0.00275096
342.4,0.00275096
342.4,0.00275096
342.4,0.00275096
342.4,0.00275096
342.4,0.00275096
342.8,0.00271177
342.8,0.00271177
342.8,0.00271177
342.8,0.00271177
342.8,0.00271177
342.8,0.00271177
343.2,0.00270001
343.2,0.00270001
343.2,0.00270001
343.2,0.00270001
343.2,0.00270001
343.2,0.00270001
343.6,0.0024257
343.6,0.0024257
343.6,0.0024257
343.6,0.0024257
343.6,0.0024257
343.6,0.0024257
344,0.00265299
344,0.00265299
344,0.00265299
344,0.00265299
344,0.00265299
344,0.00265299
344.4,0.00253934
344.4,0.00253934
344.4,0.00253934
344.4,0.00253934
344.4,0.00253934
344.4,0.00253934
344.8,0.00257069
344.8,0.00257069
344.8,0.00257069
344.8,0.00257069
344.8,0.00257069
344.8,0.00257069
345.2,0.00258245
345.2,0.00258245
345.2,0.00258245
345.2,0.00258245
345.2,0.00258245
345.2,0.00258245
345.6,0.00295865
345.6,0.00295865
345.6,0.00295865
345.6,0.00295865
345.6,0.00295865
345.6,0.00295865
346,0.00284892
346,0.00284892
346,0.00284892
346,0.00284892
346,0.00284892
346,0.00284892
346.4,0.00239827
346.4,0.00239827
346.4,0.00239827
346.4,0.00239827
346.4,0.00239827
346.4,0.00239827
346.8,0.00246097
346.8,0.00246097
346.8,0.00246097
346.8,0.00246097
346.8,0.00246097
346.8,0.00246097
347.2,0.00245313
347.2,0.00245313
347.2,0.00245313
347.2,0.00245313
347.2,0.00245313
347.2,0.00245313
347.6,0.00244921
347.6,0.00244921
347.6,0.00244921
347.6,0.00244921
347.6,0.00244921
347.6,0.00244921
348,0.00256678
348,0.00256678
348,0.00256678
348,0.00256678
348,0.00256678
348,0.00256678
348.4,0.00220233
348.4,0.00220233
348.4,0.00220233
348.4,0.00220233
348.4,0.00220233
348.4,0.00220233
348.8,0.00208085
348.8,0.00208085
348.8,0.00208085
348.8,0.00208085
348.8,0.00208085
348.8,0.00208085
349.2,0.00202599
349.2,0.00202599
349.2,0.00202599
349.2,0.00202599
349.2,0.00202599
349.2,0.00202599
349.6,0.00231206
349.6,0.00231206
349.6,0.00231206
349.6,0.00231206
349.6,0.00231206
349.6,0.00231206
350,0.00227287
350,0.00227287
350,0.00227287
350,0.00227287
350,0.00227287
350,0.00227287
350.4,0.00247273
350.4,0.00247273
350.4,0.00247273
350.4,0.00247273
350.4,0.00247273
350.4,0.00247273
350.8,0.046198
350.8,0.046198
350.8,0.046198
350.8,0.046198
350.8,0.046198
350.8,0.046198
351.2,0.0553796
351.2,0.0553796
351.2,0.0553796
351.2,0.0553796
351.2,0.0553796
351.2,0.0553796
351.6,0.0574448
351.6,0.0574448
351.6,0.0574448
351.6,0.0574448
351.6,0.0574448
351.6,0.0574448
352,0.0592984
352,0.0592984
352,0.0592984
352,0.0592984
352,0.0592984
352,0.0592984
352.4,0.0609325
352.4,0.0609325
352.4,0.0609325
352.4,0.0609325
352.4,0.0609325
352.4,0.0609325
352.8,0.0881482
352.8,0.0881482
352.8,0.0881482
352.8,0.0881482
352.8,0.0881482
352.8,0.0881482
353.2,0.102969
353.2,0.102969
353.2,0.102969
353.2,0.102969
353.2,0.102969
353.2,0.102969
353.6,0.108486
353.6,0.108486
353.6,0.108486
353.6,0.108486
353.6,0.108486
353.6,0.108486
354,0.111414
354,0.111414
354,0.111414
354,0.111414
354,0.111414
354,0.111414
354.4,0.111621
354.4,0.111621
354.4,0.111621
354.4,0.111621
354.4,0.111621
354.4,0.111621
354.8,0.112327
354.8,0.112327
354.8,0.112327
354.8,0.112327
354.8,0.112327
354.8,0.112327
355.2,0.116359
355.2,0.116359
355.2,0.116359
355.2,0.116359
355.2,0.116359
355.2,0.116359
355.6,0.143324
355.6,0.143324
355.6,0.143324
355.6,0.143324
355.6,0.143324
355.6,0.143324
356,0.145695
356,0.145695
356,0.145695
356,0.145695
356,0.145695
356,0.145695
356.4,0.147901
356.4,0.147901
356.4,0.147901
356.4,0.147901
356.4,0.147901
356.4,0.147901
356.8,0.15787
356.8,0.15787
356.8,0.15787
356.8,0.15787
356.8,0.15787
356.8,0.15787
357.2,0.186865
357.2,0.186865
357.2,0.186865
357.2,0.186865
357.2,0.186865
357.2,0.186865
357.6,0.194616
357.6,0.194616
357.6,0.194616
357.6,0.194616
357.6,0.194616
357.6,0.194616
358,0.196611
358,0.196611
358,0.196611
358,0.196611
358,0.196611
358,0.196611
358.4,0.198359
358.4,0.198359
358.4,0.198359
358.4,0.198359
358.4,0.198359
358.4,0.198359
358.8,0.198375
358.8,0.198375
358.8,0.198375
358.8,0.198375
358.8,0.198375
358.8,0.198375
359.2,0.210476
359.2,0.210476
359.2,0.210476
359.2,0.210476
359.2,0.210476
359.2,0.210476
359.6,0.226993
359.6,0.226993
359.6,0.226993
359.6,0.226993
359.6,0.226993
359.6,0.226993
360,0.232099
360,0.232099
360,0.232099
360,0.232099
360,0.232099
360,0.232099
360.4,0.23525
360.4,0.23525
360.4,0.23525
360.4,0.23525
360.4,0.23525
360.4,0.23525
360.8,0.239255
360.8,0.239255
360.8,0.239255
360.8,0.239255
360.8,0.239255
360.8,0.239255
361.2,0.258316
361.2,0.258316
361.2,0.258316
361.2,0.258316
361.2,0.258316
361.2,0.258316
361.6,0.279496
361.6,0.279496
361.6,0.279496
361.6,0.279496
361.6,0.279496
361.6,0.279496
362,0.285484
362,0.285484
362,0.285484
362,0.285484
362,0.285484
362,0.285484
362.4,0.302292
362.4,0.302292
362.4,0.302292
362.4,0.302292
362.4,0.302292
362.4,0.302292
362.8,0.312559
362.8,0.312559
362.8,0.312559
362.8,0.312559
362.8,0.312559
362.8,0.312559
363.2,0.31772
363.2,0.31772
363.2,0.31772
363.2,0.31772
363.2,0.31772
363.2,0.31772
363.6,0.315435
363.6,0.315435
363.6,0.315435
363.6,0.315435
363.6,0.315435
363.6,0.315435
364,0.309451
364,0.309451
364,0.309451
364,0.309451
364,0.309451
364,0.309451
364.4,0.299082
364.4,0.299082
364.4,0.299082
364.4,0.299082
364.4,0.299082
364.4,0.299082
364.8,0.286581
364.8,0.286581
364.8,0.286581
364.8,0.286581
364.8,0.286581
364.8,0.286581
365.2,0.284673
365.2,0.284673
365.2,0.284673
365.2,0.284673
365.2,0.284673
365.2,0.284673
365.6,0.2957
365.6,0.2957
365.6,0.2957
365.6,0.2957
365.6,0.2957
365.6,0.2957
366,0.311818
366,0.311818
366,0.311818
366,0.311818
366,0.311818
366,0.311818
366.4,0.325299
366.4,0.325299
366.4,0.325299
366.4,0.325299
366.4,0.325299
366.4,0.325299
366.8,0.334265
366.8,0.334265
366.8,0.334265
366.8,0.334265
366.8,0.334265
366.8,0.334265
367.2,0.337263
367.2,0.337263
367.2,0.337263
367.2,0.337263
367.2,0.337263
367.2,0.337263
367.6,0.336291
367.6,0.336291
367.6,0.336291
367.6,0.336291
367.6,0.336291
367.6,0.336291
368,0.33794
368,0.33794
368,0.33794
368,0.33794
368,0.33794
368,0.33794
368.4,0.354909
368.4,0.354909
368.4,0.354909
368.4,0.354909
368.4,0.354909
368.4,0.354909
368.8,0.368691
368.8,0.368691
368.8,0.368691
368.8,0.368691
368.8,0.368691
368.8,0.368691
369.2,0.37904
369.2,0.37904
369.2,0.37904
369.2,0.37904
369.2,0.37904
369.2,0.37904
369.6,0.378135
369.6,0.378135
369.6,0.378135
369.6,0.378135
369.6,0.378135
369.6,0.378135
370,0.381631
370,0.381631
370,0.381631
370,0.381631
370,0.381631
370,0.381631
370.4,0.391231
370.4,0.391231
370.4,0.391231
370.4,0.391231
370.4,0.391231
370.4,0.391231
370.8,0.404449
370.8,0.404449
370.8,0.404449
370.8,0.404449
370.8,0.404449
370.8,0.404449
371.2,0.428103
371.2,0.428103
371.2,0.428103
371.2,0.428103
371.2,0.428103
371.2,0.428103
371.6,0.443809
371.6,0.443809
371.6,0.443809
371.6,0.443809
371.6,0.443809
371.6,0.443809
372,0.457642
372,0.457642
372,0.457642
372,0.457642
372,0.457642
372,0.457642
372.4,0.455319
372.4,0.455319
372.4,0.455319
372.4,0.455319
372.4,0.455319
372.4,0.455319
372.8,0.452121
372.8,0.452121
372.8,0.452121
372.8,0.452121
372.8,0.452121
372.8,0.452121
373.2,0.440909
373.2,0.440909
373.2,0.440909
373.2,0.440909
373.2,0.440909
373.2,0.440909
373.6,0.434847
373.6,0.434847
373.6,0.434847
373.6,0.434847
373.6,0.434847
373.6,0.434847
374,0.443433
374,0.443433
374,0.443433
374,0.443433
374,0.443433
374,0.443433
374.4,0.454801
374.4,0.454801
374.4,0.454801
374.4,0.454801
374.4,0.454801
374.4,0.454801
374.8,0.455773
374.8,0.455773
374.8,0.455773
374.8,0.455773
374.8,0.455773
374.8,0.455773
375.2,0.459253
375.2,0.459253
375.2,0.459253
375.2,0.459253
375.2,0.459253
375.2,0.459253
375.6,0.461718
375.6,0.461718
375.6,0.461718
375.6,0.461718
375.6,0.461718
375.6,0.461718
376,0.459139
376,0.459139
376,0.459139
376,0.459139
376,0.459139
376,0.459139
376.4,0.462098
376.4,0.462098
376.4,0.462098
376.4,0.462098
376.4,0.462098
376.4,0.462098
376.8,0.463807
376.8,0.463807
376.8,0.463807
376.8,0.463807
376.8,0.463807
376.8,0.463807
377.2,0.461369
377.2,0.461369
377.2,0.461369
377.2,0.461369
377.2,0.461369
377.2,0.461369
377.6,0.464531
377.6,0.464531
377.6,0.464531
377.6,0.464531
377.6,0.464531
377.6,0.464531
378,0.456055
378,0.456055
378,0.456055
378,0.456055
378,0.456055
378,0.456055
378.4,0.461679
378.4,0.461679
378.4,0.461679
378.4,0.461679
378.4,0.461679
378.4,0.461679
378.8,0.465805
378.8,0.465805
378.8,0.465805
378.8,0.465805
378.8,0.465805
378.8,0.465805
379.2,0.471585
379.2,0.471585
379.2,0.471585
379.2,0.471585
379.2,0.471585
379.2,0.471585
379.6,0.46336
379.6,0.46336
379.6,0.46336
379.6,0.46336
379.6,0.46336
379.6,0.46336
380,0.468011
380,0.468011
380,0.468011
380,0.468011
380,0.468011
380,0.468011
380.4,0.472863
380.4,0.472863
380.4,0.472863
380.4,0.472863
380.4,0.472863
380.4,0.472863
380.8,0.475022
380.8,0.475022
380.8,0.475022
380.8,0.475022
380.8,0.475022
380.8,0.475022
381.2,0.478239
381.2,0.478239
381.2,0.478239
381.2,0.478239
381.2,0.478239
381.2,0.478239
381.6,0.482413
381.6,0.482413
381.6,0.482413
381.6,0.482413
381.6,0.482413
381.6,0.482413
382,0.483526
382,0.483526
382,0.483526
382,0.483526
382,0.483526
382,0.483526
382.4,0.483686
71