0,0.0484552
0,0.0484552
0,0.0484552
0,0.0484552
0,0.0484552
0,0.0484552
0,0.0484552
0,0.0484552
0,0.0484552
0,0.0484552
0,0.0484552
0,0.0484552
0,0.0484552
0,0.0484552
0,0.0484552
1,0.0877445
1,0.0877445
1,0.0877445
1,0.0877445
1,0.0877445
1,0.0877445
1,0.0877445
1,0.0877445
1,0.0877445
1,0.0877445
1,0.0877445
1,0.0877445
1,0.0877445
1,0.0877445
1,0.0877445
2,0.0998417
2,0.0998417
2,0.0998417
2,0.0998417
2,0.0998417
2,0.0998417
2,0.0998417
2,0.0998417
2,0.0998417
2,0.0998417
2,0.0998417
2,0.0998417
2,0.0998417
2,0.0998417
2,0.0998417
3,0.102028
3,0.102028
3,0.102028
3,0.102028
3,0.102028
3,0.102028
3,0.102028
3,0.102028
3,0.102028
3,0.102028
3,0.102028
3,0.102028
3,0.102028
3,0.102028
3,0.102028
4,0.101025
4,0.101025
4,0.101025
4,0.101025
4,0.101025
4,0.101025
4,0.101025
4,0.101025
4,0.101025
4,0.101025
4,0.101025
4,0.101025
4,0.101025
4,0.101025
4,0.101025
5,0.103949
5,0.103949
5,0.103949
5,0.103949
5,0.103949
5,0.103949
5,0.103949
5,0.103949
5,0.103949
5,0.103949
5,0.103949
5,0.103949
5,0.103949
5,0.103949
5,0.103949
6,0.140518
6,0.140518
6,0.140518
6,0.140518
6,0.140518
6,0.140518
6,0.140518
6,0.140518
6,0.140518
6,0.140518
6,0.140518
6,0.140518
6,0.140518
6,0.140518
6,0.140518
7,0.142356
7,0.142356
7,0.142356
7,0.142356
7,0.142356
7,0.142356
7,0.142356
7,0.142356
7,0.142356
7,0.142356
7,0.142356
7,0.142356
7,0.142356
7,0.142356
7,0.142356
8,0.173683
8,0.173683
8,0.173683
8,0.173683
8,0.173683
8,0.173683
8,0.173683
8,0.173683
8,0.173683
8,0.173683
8,0.173683
8,0.173683
8,0.173683
8,0.173683
8,0.173683
9,0.178173
9,0.178173
9,0.178173
9,0.178173
9,0.178173
9,0.178173
9,0.178173
9,0.178173
9,0.178173
9,0.178173
9,0.178173
9,0.178173
9,0.178173
9,0.178173
9,0.178173
10,0.180082
10,0.180082
10,0.180082
10,0.180082
10,0.180082
10,0.180082
10,0.180082
10,0.180082
10,0.180082
10,0.180082
10,0.180082
10,0.180082
10,0.180082
10,0.180082
10,0.180082
11,0.172589
11,0.172589
11,0.172589
11,0.172589
11,0.172589
11,0.172589
11,0.172589
11,0.172589
11,0.172589
11,0.172589
11,0.172589
11,0.172589
11,0.172589
11,0.172589
11,0.172589
12,0.165978
12,0.165978
12,0.165978
12,0.165978
12,0.165978
12,0.165978
12,0.165978
12,0.165978
12,0.165978
12,0.165978
12,0.165978
12,0.165978
12,0.165978
12,0.165978
12,0.165978
13,0.160433
13,0.160433
13,0.160433
13,0.160433
13,0.160433
13,0.160433
13,0.160433
13,0.160433
13,0.160433
13,0.160433
13,0.160433
13,0.160433
13,0.160433
13,0.160433
13,0.160433
14,0.16166
14,0.16166
14,0.16166
14,0.16166
14,0.16166
14,0.16166
14,0.16166
14,0.16166
14,0.16166
14,0.16166
14,0.16166
14,0.16166
14,0.16166
14,0.16166
14,0.16166
15,0.159559
15,0.159559
15,0.159559
15,0.159559
15,0.159559
15,0.159559
15,0.159559
15,0.159559
15,0.159559
15,0.159559
15,0.159559
15,0.159559
15,0.159559
15,0.159559
15,0.159559
16,0.159497
16,0.159497
16,0.159497
16,0.159497
16,0.159497
16,0.159497
16,0.159497
16,0.159497
16,0.159497
16,0.159497
16,0.159497
16,0.159497
16,0.159497
16,0.159497
16,0.159497
17,0.159971
17,0.159971
17,0.159971
17,0.159971
17,0.159971
17,0.159971
17,0.159971
17,0.159971
17,0.159971
17,0.159971
17,0.159971
17,0.159971
17,0.159971
17,0.159971
17,0.159971
18,0.159889
18,0.159889
18,0.159889
18,0.159889
18,0.159889
18,0.159889
18,0.159889
18,0.159889
18,0.159889
18,0.159889
18,0.159889
18,0.159889
18,0.159889
18,0.159889
18,0.159889
19,0.162761
19,0.162761
19,0.162761
19,0.162761
19,0.162761
19,0.162761
19,0.162761
19,0.162761
19,0.162761
19,0.162761
19,0.162761
19,0.162761
19,0.162761
19,0.162761
19,0.162761
20,0.156942
20,0.156942
20,0.156942
20,0.156942
20,0.156942
20,0.156942
20,0.156942
20,0.156942
20,0.156942
20,0.156942
20,0.156942
20,0.156942
20,0.156942
20,0.156942
20,0.156942
21,0.159403
21,0.159403
21,0.159403
21,0.159403
21,0.159403
21,0.159403
21,0.159403
21,0.159403
21,0.159403
21,0.159403
21,0.159403
21,0.159403
21,0.159403
21,0.159403
21,0.159403
22,0.158106
22,0.158106
22,0.158106
22,0.158106
22,0.158106
22,0.158106
22,0.158106
22,0.158106
22,0.158106
22,0.158106
22,0.158106
22,0.158106
22,0.158106
22,0.158106
22,0.158106
23,0.163329
23,0.163329
23,0.163329
23,0.163329
23,0.163329
23,0.163329
23,0.163329
23,0.163329
23,0.163329
23,0.163329
23,0.163329
23,0.163329
23,0.163329
23,0.163329
23,0.163329
24,0.164325
24,0.164325
24,0.164325
24,0.164325
24,0.164325
24,0.164325
24,0.164325
24,0.164325
24,0.164325
24,0.164325
24,0.164325
24,0.164325
24,0.164325
24,0.164325
24,0.164325
25,0.163094
25,0.163094
25,0.163094
25,0.163094
25,0.163094
25,0.163094
25,0.163094
25,0.163094
25,0.163094
25,0.163094
25,0.163094
25,0.163094
25,0.163094
25,0.163094
25,0.163094
26,0.16804
26,0.16804
26,0.16804
26,0.16804
26,0.16804
26,0.16804
26,0.16804
26,0.16804
26,0.16804
26,0.16804
26,0.16804
26,0.16804
26,0.16804
26,0.16804
26,0.16804
27,0.17103
27,0.17103
27,0.17103
27,0.17103
27,0.17103
27,0.17103
27,0.17103
27,0.17103
27,0.17103
27,0.17103
27,0.17103
27,0.17103
27,0.17103
27,0.17103
27,0.17103
28,0.186313
28,0.186313
28,0.186313
28,0.186313
28,0.186313
28,0.186313
28,0.186313
28,0.186313
28,0.186313
28,0.186313
28,0.186313
28,0.186313
28,0.186313
28,0.186313
28,0.186313
29,0.207055
29,0.207055
29,0.207055
29,0.207055
29,0.207055
29,0.207055
29,0.207055
29,0.207055
29,0.207055
29,0.207055
29,0.207055
29,0.207055
29,0.207055
29,0.207055
29,0.207055
30,0.206424
30,0.206424
30,0.206424
30,0.206424
30,0.206424
30,0.206424
30,0.206424
30,0.206424
30,0.206424
30,0.206424
30,0.206424
30,0.206424
30,0.206424
30,0.206424
30,0.206424
31,0.209265
31,0.209265
31,0.209265
31,0.209265
31,0.209265
31,0.209265
31,0.209265
31,0.209265
31,0.209265
31,0.209265
31,0.209265
31,0.209265
31,0.209265
31,0.209265
31,0.209265
32,0.208379
32,0.208379
32,0.208379
32,0.208379
32,0.208379
32,0.208379
32,0.208379
32,0.208379
32,0.208379
32,0.208379
32,0.208379
32,0.208379
32,0.208379
32,0.208379
32,0.208379
33,0.203935
33,0.203935
33,0.203935
33,0.203935
33,0.203935
33,0.203935
33,0.203935
33,0.203935
33,0.203935
33,0.203935
33,0.203935
33,0.203935
33,0.203935
33,0.203935
33,0.203935
34,0.252477
34,0.252477
34,0.252477
34,0.252477
34,0.252477
34,0.252477
34,0.252477
34,0.252477
34,0.252477
34,0.252477
34,0.252477
34,0.252477
34,0.252477
34,0.252477
34,0.252477
35,0.272258
35,0.272258
35,0.272258
35,0.272258
35,0.272258
35,0.272258
35,0.272258
35,0.272258
35,0.272258
35,0.272258
35,0.272258
35,0.272258
35,0.272258
35,0.272258
35,0.272258
36,0.283223
36,0.283223
36,0.283223
36,0.283223
36,0.283223
36,0.283223
36,0.283223
36,0.283223
36,0.283223
36,0.283223
36,0.283223
36,0.283223
36,0.283223
36,0.283223
36,0.283223
37,0.284983
37,0.284983
37,0.284983
37,0.284983
37,0.284983
37,0.284983
37,0.284983
37,0.284983
37,0.284983
37,0.284983
37,0.284983
37,0.284983
37,0.284983
37,0.284983
37,0.284983
38,0.275237
38,0.275237
38,0.275237
38,0.275237
38,0.275237
38,0.275237
38,0.275237
38,0.275237
38,0.275237
38,0.275237
38,0.275237
38,0.275237
38,0.275237
38,0.275237
38,0.275237
39,0.314287
39,0.314287
39,0.314287
39,0.314287
39,0.314287
39,0.314287
39,0.314287
39,0.314287
39,0.314287
39,0.314287
39,0.314287
39,0.314287
39,0.314287
39,0.314287
39,0.314287
40,0.334359
40,0.334359
40,0.334359
40,0.334359
40,0.334359
40,0.334359
40,0.334359
40,0.334359
40,0.334359
40,0.334359
40,0.334359
40,0.334359
40,0.334359
40,0.334359
40,0.334359
41,0.363804
41,0.363804
41,0.363804
41,0.363804
41,0.363804
41,0.363804
41,0.363804
41,0.363804
41,0.363804
41,0.363804
41,0.363804
41,0.363804
41,0.363804
41,0.363804
41,0.363804
42,0.390146
42,0.390146
42,0.390146
42,0.390146
42,0.390146
42,0.390146
42,0.390146
42,0.390146
42,0.390146
42,0.390146
42,0.390146
42,0.390146
42,0.390146
42,0.390146
42,0.390146
43,0.396016
43,0.396016
43,0.396016
43,0.396016
43,0.396016
43,0.396016
43,0.396016
43,0.396016
43,0.396016
43,0.396016
43,0.396016
43,0.396016
43,0.396016
43,0.396016
43,0.396016
44,0.414364
44,0.414364
44,0.414364
44,0.414364
44,0.414364
44,0.414364
44,0.414364
44,0.414364
44,0.414364
44,0.414364
44,0.414364
44,0.414364
44,0.414364
44,0.414364
44,0.414364
45,0.42041
45,0.42041
45,0.42041
45,0.42041
45,0.42041
45,0.42041
45,0.42041
45,0.42041
45,0.42041
45,0.42041
45,0.42041
45,0.42041
45,0.42041
45,0.42041
45,0.42041
46,0.429627
46,0.429627
46,0.429627
46,0.429627
46,0.429627
46,0.429627
46,0.429627
46,0.429627
46,0.429627
46,0.429627
46,0.429627
46,0.429627
46,0.429627
46,0.429627
46,0.429627
47,0.427507
47,0.427507
47,0.427507
47,0.427507
47,0.427507
47,0.427507
47,0.427507
47,0.427507
47,0.427507
47,0.427507
47,0.427507
47,0.427507
47,0.427507
47,0.427507
47,0.427507
48,0.418157
48,0.418157
48,0.418157
48,0.418157
48,0.418157
48,0.418157
48,0.418157
48,0.418157
48,0.418157
48,0.418157
48,0.418157
48,0.418157
48,0.418157
48,0.418157
48,0.418157
49,0.415488
49,0.415488
49,0.415488
49,0.415488
49,0.415488
49,0.415488
49,0.415488
49,0.415488
49,0.415488
49,0.415488
49,0.415488
49,0.415488
49,0.415488
49,0.415488
49,0.415488
50,0.403924
50,0.403924
50,0.403924
50,0.403924
50,0.403924
50,0.403924
50,0.403924
50,0.403924
50,0.403924
50,0.403924
50,0.403924
50,0.403924
50,0.403924
50,0.403924
50,0.403924
51,0.399739
51,0.399739
51,0.399739
51,0.399739
51,0.399739
51,0.399739
51,0.399739
51,0.399739
51,0.399739
51,0.399739
51,0.399739
51,0.399739
51,0.399739
51,0.399739
51,0.399739
52,0.389652
52,0.389652
52,0.389652
52,0.389652
52,0.389652
52,0.389652
52,0.389652
52,0.389652
52,0.389652
52,0.389652
52,0.389652
52,0.389652
52,0.389652
52,0.389652
52,0.389652
53,0.406268
53,0.406268
53,0.406268
53,0.406268
53,0.406268
53,0.406268
53,0.406268
53,0.406268
53,0.406268
53,0.406268
53,0.406268
53,0.406268
53,0.406268
53,0.406268
53,0.406268
54,0.427151
54,0.427151
54,0.427151
54,0.427151
54,0.427151
54,0.427151
54,0.427151
54,0.427151
54,0.427151
54,0.427151
54,0.427151
54,0.427151
54,0.427151
54,0.427151
54,0.427151
55,0.439883
55,0.439883
55,0.439883
55,0.439883
55,0.439883
55,0.439883
55,0.439883
55,0.439883
55,0.439883
55,0.439883
55,0.439883
55,0.439883
55,0.439883
55,0.439883
55,0.439883
56,0.442845
56,0.442845
56,0.442845
56,0.442845
56,0.442845
56,0.442845
56,0.442845
56,0.442845
56,0.442845
56,0.442845
56,0.442845
56,0.442845
56,0.442845
56,0.442845
56,0.442845
57,0.444593
57,0.444593
57,0.444593
57,0.444593
57,0.444593
57,0.444593
57,0.444593
57,0.444593
57,0.444593
57,0.444593
57,0.444593
57,0.444593
57,0.444593
57,0.444593
57,0.444593
58,0.442939
58,0.442939
58,0.442939
58,0.442939
58,0.442939
58,0.442939
58,0.442939
58,0.442939
58,0.442939
58,0.442939
58,0.442939
58,0.442939
58,0.442939
58,0.442939
58,0.442939
59,0.443982
59,0.443982
59,0.443982
59,0.443982
59,0.443982
59,0.443982
59,0.443982
59,0.443982
59,0.443982
59,0.443982
59,0.443982
59,0.443982
59,0.443982
59,0.443982
59,0.443982
60,0.450334
60,0.450334
60,0.450334
60,0.450334
60,0.450334
60,0.450334
60,0.450334
60,0.450334
60,0.450334
60,0.450334
60,0.450334
60,0.450334
60,0.450334
60,0.450334
60,0.450334
61,0.442112
61,0.442112
61,0.442112
61,0.442112
61,0.442112
61,0.442112
61,0.442112
61,0.442112
61,0.442112
61,0.442112
61,0.442112
61,0.442112
61,0.442112
61,0.442112
61,0.442112
62,0.432617
62,0.432617
62,0.432617
62,0.432617
62,0.432617
62,0.432617
62,0.432617
62,0.432617
62,0.432617
62,0.432617
62,0.432617
62,0.432617
62,0.432617
62,0.432617
62,0.432617
63,0.442622
63,0.442622
63,0.442622
63,0.442622
63,0.442622
63,0.442622
63,0.442622
63,0.442622
63,0.442622
63,0.442622
63,0.442622
63,0.442622
63,0.442622
63,0.442622
63,0.442622
64,0.441003
64,0.441003
64,0.441003
64,0.441003
64,0.441003
64,0.441003
64,0.441003
64,0.441003
64,0.441003
64,0.441003
64,0.441003
64,0.441003
64,0.441003
64,0.441003
64,0.441003
65,0.445867
65,0.445867
65,0.445867
65,0.445867
65,0.445867
65,0.445867
65,0.445867
65,0.445867
65,0.445867
65,0.445867
65,0.445867
65,0.445867
65,0.445867
65,0.445867
65,0.445867
66,0.444417
66,0.444417
66,0.444417
66,0.444417
66,0.444417
66,0.444417
66,0.444417
66,0.444417
66,0.444417
66,0.444417
66,0.444417
66,0.444417
66,0.444417
66,0.444417
66,0.444417
67,0.43518
67,0.43518
67,0.43518
67,0.43518
67,0.43518
67,0.43518
67,0.43518
67,0.43518
67,0.43518
67,0.43518
67,0.43518
67,0.43518
67,0.43518
67,0.43518
67,0.43518
68,0.43806
68,0.43806
68,0.43806
68,0.43806
68,0.43806
68,0.43806
68,0.43806
68,0.43806
68,0.43806
68,0.43806
68,0.43806
68,0.43806
68,0.43806
68,0.43806
68,0.43806
69,0.434294
69,0.434294
69,0.434294
69,0.434294
69,0.434294
69,0.434294
69,0.434294
69,0.434294
69,0.434294
69,0.434294
69,0.434294
69,0.434294
69,0.434294
69,0.434294
69,0.434294
70,0.43779
70,0.43779
70,0.43779
70,0.43779
70,0.43779
70,0.43779
70,0.43779
70,0.43779
70,0.43779
70,0.43779
70,0.43779
70,0.43779
70,0.43779
70,0.43779
70,0.43779
71,0.434126
71,0.434126
71,0.434126
71,0.434126
71,0.434126
71,0.434126
71,0.434126
71,0.434126
71,0.434126
71,0.434126
71,0.434126
71,0.434126
71,0.434126
71,0.434126
71,0.434126
72,0.438264
72,0.438264
72,0.438264
72,0.438264
72,0.438264
72,0.438264
72,0.438264
72,0.438264
72,0.438264
72,0.438264
72,0.438264
72,0.438264
72,0.438264
72,0.438264
72,0.438264
73,0.438084
73,0.438084
73,0.438084
73,0.438084
73,0.438084
73,0.438084
73,0.438084
73,0.438084
73,0.438084
73,0.438084
73,0.438084
73,0.438084
73,0.438084
73,0.438084
73,0.438084
74,0.434569
74,0.434569
74,0.434569
74,0.434569
74,0.434569
74,0.434569
74,0.434569
74,0.434569
74,0.434569
74,0.434569
74,0.434569
74,0.434569
74,0.434569
74,0.434569
74,0.434569
75,0.436328
75,0.436328
75,0.436328
75,0.436328
75,0.436328
75,0.436328
75,0.436328
75,0.436328
75,0.436328
75,0.436328
75,0.436328
75,0.436328
75,0.436328
75,0.436328
75,0.436328
76,0.438903
76,0.438903
76,0.438903
76,0.438903
76,0.438903
76,0.438903
76,0.438903
76,0.438903
76,0.438903
76,0.438903
76,0.438903
76,0.438903
76,0.438903
76,0.438903
76,0.438903
77,0.440419
77,0.440419
77,0.440419
77,0.440419
77,0.440419
77,0.440419
77,0.440419
77,0.440419
77,0.440419
77,0.440419
77,0.440419
77,0.440419
77,0.440419
77,0.440419
77,0.440419
78,0.440635
78,0.440635
78,0.440635
78,0.440635
78,0.440635
78,0.440635
78,0.440635
78,0.440635
78,0.440635
78,0.440635
78,0.440635
78,0.440635
78,0.440635
78,0.440635
78,0.440635
79,0.42873
79,0.42873
79,0.42873
79,0.42873
79,0.42873
79,0.42873
79,0.42873
79,0.42873
79,0.42873
79,0.42873
79,0.42873
79,0.42873
79,0.42873
79,0.42873
79,0.42873
80,0.431496
80,0.431496
80,0.431496
80,0.431496
80,0.431496
80,0.431496
80,0.431496
80,0.431496
80,0.431496
80,0.431496
80,0.431496
80,0.431496
80,0.431496
80,0.431496
80,0.431496
81,0.429443
81,0.429443
81,0.429443
81,0.429443
81,0.429443
81,0.429443
81,0.429443
81,0.429443
81,0.429443
81,0.429443
81,0.429443
81,0.429443
81,0.429443
81,0.429443
81,0.429443
82,0.434055
82,0.434055
82,0.434055
82,0.434055
82,0.434055
82,0.434055
82,0.434055
82,0.434055
82,0.434055
82,0.434055
82,0.434055
82,0.434055
82,0.434055
82,0.434055
82,0.434055
83,0.437633
83,0.437633
83,0.437633
83,0.437633
83,0.437633
83,0.437633
83,0.437633
83,0.437633
83,0.437633
83,0.437633
83,0.437633
83,0.437633
83,0.437633
83,0.437633
83,0.437633
84,0.430724
84,0.430724
84,0.430724
84,0.430724
84,0.430724
84,0.430724
84,0.430724
84,0.430724
84,0.430724
84,0.430724
84,0.430724
84,0.430724
84,0.430724
84,0.430724
84,0.430724
85,0.435086
85,0.435086
85,0.435086
85,0.435086
85,0.435086
85,0.435086
85,0.435086
85,0.435086
85,0.435086
85,0.435086
85,0.435086
85,0.435086
85,0.435086
85,0.435086
85,0.435086
86,0.435376
86,0.435376
86,0.435376
86,0.435376
86,0.435376
86,0.435376
86,0.435376
86,0.435376
86,0.435376
86,0.435376
86,0.435376
86,0.435376
86,0.435376
86,0.435376
86,0.435376
87,0.439177
87,0.439177
87,0.439177
87,0.439177
87,0.439177
87,0.439177
87,0.439177
87,0.439177
87,0.439177
87,0.439177
87,0.439177
87,0.439177
87,0.439177
87,0.439177
87,0.439177
88,0.432739
88,0.432739
88,0.432739
88,0.432739
88,0.432739
88,0.432739
88,0.432739
88,0.432739
88,0.432739
88,0.432739
88,0.432739
88,0.432739
88,0.432739
88,0.432739
88,0.432739
89,0.429106
89,0.429106
89,0.429106
89,0.429106
89,0.429106
89,0.429106
89,0.429106
89,0.429106
89,0.429106
89,0.429106
89,0.429106
89,0.429106
89,0.429106
89,0.429106
89,0.429106
90,0.436187
90,0.436187
90,0.436187
90,0.436187
90,0.436187
90,0.436187
90,0.436187
90,0.436187
90,0.436187
90,0.436187
90,0.436187
90,0.436187
90,0.436187
90,0.436187
90,0.436187
91,0.432927
91,0.432927
91,0.432927
91,0.432927
91,0.432927
91,0.432927
91,0.432927
91,0.432927
91,0.432927
91,0.432927
91,0.432927
91,0.432927
91,0.432927
91,0.432927
91,0.432927
92,0.423432
92,0.423432
92,0.423432
92,0.423432
92,0.423432
92,0.423432
92,0.423432
92,0.423432
92,0.423432
92,0.423432
92,0.423432
92,0.423432
92,0.423432
92,0.423432
92,0.423432
93,0.419313
93,0.419313
93,0.419313
93,0.419313
93,0.419313
93,0.419313
93,0.419313
93,0.419313
93,0.419313
93,0.419313
93,0.419313
93,0.419313
93,0.419313
93,0.419313
93,0.419313
94,0.417369
94,0.417369
94,0.417369
94,0.417369
94,0.417369
94,0.417369
94,0.417369
94,0.417369
94,0.417369
94,0.417369
94,0.417369
94,0.417369
94,0.417369
94,0.417369
94,0.417369
95,0.42409
95,0.42409
95,0.42409
95,0.42409
95,0.42409
95,0.42409
95,0.42409
95,0.42409
95,0.42409
95,0.42409
95,0.42409
95,0.42409
95,0.42409
95,0.42409
95,0.42409
96,0.439036
96,0.439036
96,0.439036
96,0.439036
96,0.439036
96,0.439036
96,0.439036
96,0.439036
96,0.439036
96,0.439036
96,0.439036
96,0.439036
96,0.439036
96,0.439036
96,0.439036
97,0.440937
97,0.440937
97,0.440937
97,0.440937
97,0.440937
97,0.440937
97,0.440937
97,0.440937
97,0.440937
97,0.440937
97,0.440937
97,0.440937
97,0.440937
97,0.440937
97,0.440937
98,0.411346
98,0.411346
98,0.411346
98,0.411346
98,0.411346
98,0.411346
98,0.411346
98,0.411346
98,0.411346
98,0.411346
98,0.411346
98,0.411346
98,0.411346
98,0.411346
98,0.411346
99,0.369349
99,0.369349
99,0.369349
99,0.369349
99,0.369349
99,0.369349
99,0.369349
99,0.369349
99,0.369349
99,0.369349
99,0.369349
99,0.369349
99,0.369349
99,0.369349
99,0.369349
100,0.350167
100,0.350167
100,0.350167
100,0.350167
100,0.350167
100,0.350167
100,0.350167
100,0.350167
100,0.350167
100,0.350167
100,0.350167
100,0.350167
100,0.350167
100,0.350167
100,0.350167
101,0.325224
101,0.325224
101,0.325224
101,0.325224
101,0.325224
101,0.325224
101,0.325224
101,0.325224
101,0.325224
101,0.325224
101,0.325224
101,0.325224
101,0.325224
101,0.325224
101,0.325224
102,0.302821
102,0.302821
102,0.302821
102,0.302821
102,0.302821
102,0.302821
102,0.302821
102,0.302821
102,0.302821
102,0.302821
102,0.302821
102,0.302821
102,0.302821
102,0.302821
102,0.302821
103,0.289183
103,0.289183
103,0.289183
103,0.289183
103,0.289183
103,0.289183
103,0.289183
103,0.289183
103,0.289183
103,0.289183
103,0.289183
103,0.289183
103,0.289183
103,0.289183
103,0.289183
104,0.307664
104,0.307664
104,0.307664
104,0.307664
104,0.307664
104,0.307664
104,0.307664
104,0.307664
104,0.307664
104,0.307664
104,0.307664
104,0.307664
104,0.307664
104,0.307664
104,0.307664
105,0.321552
105,0.321552
105,0.321552
105,0.321552
105,0.321552
105,0.321552
105,0.321552
105,0.321552
105,0.321552
105,0.321552
105,0.321552
105,0.321552
105,0.321552
105,0.321552
105,0.321552
106,0.325428
106,0.325428
106,0.325428
106,0.325428
106,0.325428
106,0.325428
106,0.325428
106,0.325428
106,0.325428
106,0.325428
106,0.325428
106,0.325428
106,0.325428
106,0.325428
106,0.325428
107,0.354689
107,0.354689
107,0.354689
107,0.354689
107,0.354689
107,0.354689
107,0.354689
107,0.354689
107,0.354689
107,0.354689
107,0.354689
107,0.354689
107,0.354689
107,0.354689
107,0.354689
108,0.344026
108,0.344026
108,0.344026
108,0.344026
108,0.344026
108,0.344026
108,0.344026
108,0.344026
108,0.344026
108,0.344026
108,0.344026
108,0.344026
108,0.344026
108,0.344026
108,0.344026
109,0.371744
109,0.371744
109,0.371744
109,0.371744
109,0.371744
109,0.371744
109,0.371744
109,0.371744
109,0.371744
109,0.371744
109,0.371744
109,0.371744
109,0.371744
109,0.371744
109,0.371744
110,0.373084
110,0.373084
110,0.373084
110,0.373084
110,0.373084
110,0.373084
110,0.373084
110,0.373084
110,0.373084
110,0.373084
110,0.373084
110,0.373084
110,0.373084
110,0.373084
110,0.373084
111,0.354536
111,0.354536
111,0.354536
111,0.354536
111,0.354536
111,0.354536
111,0.354536
111,0.354536
111,0.354536
111,0.354536
111,0.354536
111,0.354536
111,0.354536
111,0.354536
111,0.354536
112,0.34028
112,0.34028
112,0.34028
112,0.34028
112,0.34028
112,0.34028
112,0.34028
112,0.34028
112,0.34028
112,0.34028
112,0.34028
112,0.34028
112,0.34028
112,0.34028
112,0.34028
113,0.36275
113,0.36275
113,0.36275
113,0.36275
113,0.36275
113,0.36275
113,0.36275
113,0.36275
113,0.36275
113,0.36275
113,0.36275
113,0.36275
113,0.36275
113,0.36275
113,0.36275
114,0.337725
114,0.337725
114,0.337725
114,0.337725
114,0.337725
114,0.337725
114,0.337725
114,0.337725
114,0.337725
114,0.337725
114,0.337725
114,0.337725
114,0.337725
114,0.337725
114,0.337725
115,0.288059
115,0.288059
115,0.288059
115,0.288059
115,0.288059
115,0.288059
115,0.288059
115,0.288059
115,0.288059
115,0.288059
115,0.288059
115,0.288059
115,0.288059
115,0.288059
115,0.288059
116,0.247856
116,0.247856
116,0.247856
116,0.247856
116,0.247856
116,0.247856
116,0.247856
116,0.247856
116,0.247856
116,0.247856
116,0.247856
116,0.247856
116,0.247856
116,0.247856
116,0.247856
117,0.209664
117,0.209664
117,0.209664
117,0.209664
117,0.209664
117,0.209664
117,0.209664
117,0.209664
117,0.209664
117,0.209664
117,0.209664
117,0.209664
117,0.209664
117,0.209664
117,0.209664
118,0.224215
118,0.224215
118,0.224215
118,0.224215
118,0.224215
118,0.224215
118,0.224215
118,0.224215
118,0.224215
118,0.224215
118,0.224215
118,0.224215
118,0.224215
118,0.224215
118,0.224215
119,0.193946
119,0.193946
119,0.193946
119,0.193946
119,0.193946
119,0.193946
119,0.193946
119,0.193946
119,0.193946
119,0.193946
119,0.193946
119,0.193946
119,0.193946
119,0.193946
119,0.193946
120,0.180752
120,0.180752
120,0.180752
120,0.180752
120,0.180752
120,0.180752
120,0.180752
120,0.180752
120,0.180752
120,0.180752
120,0.180752
120,0.180752
120,0.180752
120,0.180752
120,0.180752
121,0.19366
121,0.19366
121,0.19366
121,0.19366
121,0.19366
121,0.19366
121,0.19366
121,0.19366
121,0.19366
121,0.19366
121,0.19366
121,0.19366
121,0.19366
121,0.19366
121,0.19366
122,0.214175
122,0.214175
122,0.214175
122,0.214175
122,0.214175
122,0.214175
122,0.214175
122,0.214175
122,0.214175
122,0.214175
122,0.214175
122,0.214175
122,0.214175
122,0.214175
122,0.214175
123,0.155993
123,0.155993
123,0.155993
123,0.155993
123,0.155993
123,0.155993
123,0.155993
123,0.155993
123,0.155993
123,0.155993
123,0.155993
123,0.155993
123,0.155993
123,0.155993
123,0.155993
124,0.123546
124,0.123546
124,0.123546
124,0.123546
124,0.123546
124,0.123546
124,0.123546
124,0.123546
124,0.123546
124,0.123546
124,0.123546
124,0.123546
124,0.123546
124,0.123546
124,0.123546
125,0.163572
125,0.163572
125,0.163572
125,0.163572
125,0.163572
125,0.163572
125,0.163572
125,0.163572
125,0.163572
125,0.163572
125,0.163572
125,0.163572
125,0.163572
125,0.163572
125,0.163572
126,0.197845
126,0.197845
126,0.197845
126,0.197845
126,0.197845
126,0.197845
126,0.197845
126,0.197845
126,0.197845
126,0.197845
126,0.197845
126,0.197845
126,0.197845
126,0.197845
126,0.197845
127,0.225763
127,0.225763
127,0.225763
127,0.225763
127,0.225763
127,0.225763
127,0.225763
127,0.225763
127,0.225763
127,0.225763
127,0.225763
127,0.225763
127,0.225763
127,0.225763
127,0.225763
128,0.157239
128,0.157239
128,0.157239
128,0.157239
128,0.157239
128,0.157239
128,0.157239
128,0.157239
128,0.157239
128,0.157239
128,0.157239
128,0.157239
128,0.157239
128,0.157239
128,0.157239
129,0.111269
129,0.111269
129,0.111269
129,0.111269
129,0.111269
129,0.111269
129,0.111269
129,0.111269
129,0.111269
129,0.111269
129,0.111269
129,0.111269
129,0.111269
129,0.111269
129,0.111269
130,0.0609952
130,0.0609952
130,0.0609952
130,0.0609952
130,0.0609952
130,0.0609952
130,0.0609952
130,0.0609952
130,0.0609952
130,0.0609952
130,0.0609952
130,0.0609952
130,0.0609952
130,0.0609952
130,0.0609952
131,0.0101456
131,0.0101456
131,0.0101456
131,0.0101456
131,0.0101456
131,0.0101456
131,0.0101456
131,0.0101456
131,0.0101456
131,0.0101456
131,0.0101456
131,0.0101456
131,0.0101456
131,0.0101456
131,0.0101456
132,0.0011717
132,0.0011717
132,0.0011717
132,0.0011717
132,0.0011717
132,0.0011717
132,0.0011717
132,0.0011717
132,0.0011717
132,0.0011717
132,0.0011717
132,0.0011717
132,0.0011717
132,0.0011717
132,0.0011717
133,0.000905229
133,0.000905229
133,0.000905229
133,0.000905229
133,0.000905229
133,0.000905229
133,0.000905229
133,0.000905229
133,0.000905229
133,0.000905229
133,0.000905229
133,0.000905229
133,0.000905229
133,0.000905229
133,0.000905229
134,0.113616
134,0.113616
134,0.113616
134,0.113616
134,0.113616
134,0.113616
134,0.113616
134,0.113616
134,0.113616
134,0.113616
134,0.113616
134,0.113616
134,0.113616
134,0.113616
134,0.113616
135,0.228717
135,0.228717
135,0.228717
135,0.228717
135,0.228717
135,0.228717
135,0.228717
135,0.228717
135,0.228717
135,0.228717
135,0.228717
135,0.228717
135,0.228717
135,0.228717
135,0.228717
136,0.135244
136,0.135244
136,0.135244
136,0.135244
136,0.135244
136,0.135244
136,0.135244
136,0.135244
136,0.135244
136,0.135244
136,0.135244
136,0.135244
136,0.135244
136,0.135244
136,0.135244
137,0.0466252
137,0.0466252
137,0.0466252
137,0.0466252
137,0.0466252
137,0.0466252
137,0.0466252
137,0.0466252
137,0.0466252
137,0.0466252
137,0.0466252
137,0.0466252
137,0.0466252
137,0.0466252
137,0.0466252
138,0.0226621
138,0.0226621
138,0.0226621
138,0.0226621
138,0.0226621
138,0.0226621
138,0.0226621
138,0.0226621
138,0.0226621
138,0.0226621
138,0.0226621
138,0.0226621
138,0.0226621
138,0.0226621
138,0.0226621
139,0.00525503
139,0.00525503
139,0.00525503
139,0.00525503
139,0.00525503
139,0.00525503
139,0.00525503
139,0.00525503
139,0.00525503
139,0.00525503
139,0.00525503
139,0.00525503
139,0.00525503
139,0.00525503
139,0.00525503
140,0.00608972
140,0.00608972
140,0.00608972
140,0.00608972
140,0.00608972
140,0.00608972
140,0.00608972
140,0.00608972
140,0.00608972
140,0.00608972
140,0.00608972
140,0.00608972
140,0.00608972
140,0.00608972
140,0.00608972
141,0.05025
141,0.05025
141,0.05025
141,0.05025
141,0.05025
141,0.05025
141,0.05025
141,0.05025
141,0.05025
141,0.05025
141,0.05025
141,0.05025
141,0.05025
141,0.05025
141,0.05025
142,0.153352
142,0.153352
142,0.153352
142,0.153352
142,0.153352
142,0.153352
142,0.153352
142,0.153352
142,0.153352
142,0.153352
142,0.153352
142,0.153352
142,0.153352
142,0.153352
142,0.153352
143,0.191152
143,0.191152
143,0.191152
143,0.191152
143,0.191152
143,0.191152
143,0.191152
143,0.191152
143,0.191152
143,0.191152
143,0.191152
143,0.191152
143,0.191152
143,0.191152
143,0.191152
144,0.206541
144,0.206541
144,0.206541
144,0.206541
144,0.206541
144,0.206541
144,0.206541
144,0.206541
144,0.206541
144,0.206541
144,0.206541
144,0.206541
144,0.206541
144,0.206541
144,0.206541
145,0.129146
145,0.129146
145,0.129146
145,0.129146
145,0.129146
145,0.129146
145,0.129146
145,0.129146
145,0.129146
145,0.129146
145,0.129146
145,0.129146
145,0.129146
145,0.129146
145,0.129146
146,0.0330467
146,0.0330467
146,0.0330467
146,0.0330467
146,0.0330467
146,0.0330467
146,0.0330467
146,0.0330467
146,0.0330467
146,0.0330467
146,0.0330467
146,0.0330467
146,0.0330467
146,0.0330467
146,0.0330467
147,0.0020064
147,0.0020064
147,0.0020064
147,0.0020064
147,0.0020064
147,0.0020064
147,0.0020064
147,0.0020064
147,0.0020064
147,0.0020064
147,0.0020064
147,0.0020064
147,0.0020064
147,0.0020064
147,0.0020064
148,0.00135588
148,0.00135588
148,0.00135588
148,0.00135588
148,0.00135588
148,0.00135588
148,0.00135588
148,0.00135588
148,0.00135588
148,0.00135588
148,0.00135588
148,0.00135588
148,0.00135588
148,0.00135588
148,0.00135588
149,0.0018183
149,0.0018183
149,0.0018183
149,0.0018183
149,0.0018183
149,0.0018183
149,0.0018183
149,0.0018183
149,0.0018183
149,0.0018183
149,0.0018183
149,0.0018183
149,0.0018183
149,0.0018183
149,0.0018183
150,0.00149696
150,0.00149696
150,0.00149696
150,0.00149696
150,0.00149696
150,0.00149696
150,0.00149696
150,0.00149696
150,0.00149696
150,0.00149696
150,0.00149696
150,0.00149696
150,0.00149696
150,0.00149696
150,0.00149696
151,0.00477303
151,0.00477303
151,0.00477303
151,0.00477303
151,0.00477303
151,0.00477303
151,0.00477303
151,0.00477303
151,0.00477303
151,0.00477303
151,0.00477303
151,0.00477303
151,0.00477303
151,0.00477303
151,0.00477303
152,0.0582874
152,0.0582874
152,0.0582874
152,0.0582874
152,0.0582874
152,0.0582874
152,0.0582874
152,0.0582874
152,0.0582874
152,0.0582874
152,0.0582874
152,0.0582874
152,0.0582874
152,0.0582874
152,0.0582874
153,0.0633896
153,0.0633896
153,0.0633896
153,0.0633896
153,0.0633896
153,0.0633896
153,0.0633896
153,0.0633896
153,0.0633896
153,0.0633896
153,0.0633896
153,0.0633896
153,0.0633896
153,0.0633896
153,0.0633896
154,0.0442347
154,0.0442347
154,0.0442347
154,0.0442347
154,0.0442347
154,0.0442347
154,0.0442347
154,0.0442347
154,0.0442347
154,0.0442347
154,0.0442347
154,0.0442347
154,0.0442347
154,0.0442347
154,0.0442347
155,0.0260244
155,0.0260244
155,0.0260244
155,0.0260244
155,0.0260244
155,0.0260244
155,0.0260244
155,0.0260244
155,0.0260244
155,0.0260244
155,0.0260244
155,0.0260244
155,0.0260244
155,0.0260244
155,0.0260244
156,0.013167
156,0.013167
156,0.013167
156,0.013167
156,0.013167
156,0.013167
156,0.013167
156,0.013167
156,0.013167
156,0.013167
156,0.013167
156,0.013167
156,0.013167
156,0.013167
156,0.013167
157,0.00417346
157,0.00417346
157,0.00417346
157,0.00417346
157,0.00417346
157,0.00417346
157,0.00417346
157,0.00417346
157,0.00417346
157,0.00417346
157,0.00417346
157,0.00417346
157,0.00417346
157,0.00417346
157,0.00417346
158,0.00652862
158,0.00652862
158,0.00652862
158,0.00652862
158,0.00652862
158,0.00652862
158,0.00652862
158,0.00652862
158,0.00652862
158,0.00652862
158,0.00652862
158,0.00652862
158,0.00652862
158,0.00652862
158,0.00652862
159,0.0358526
159,0.0358526
159,0.0358526
159,0.0358526
159,0.0358526
159,0.0358526
159,0.0358526
159,0.0358526
159,0.0358526
159,0.0358526
159,0.0358526
159,0.0358526
159,0.0358526
159,0.0358526
159,0.0358526
160,0.0649766
160,0.0649766
160,0.0649766
160,0.0649766
160,0.0649766
160,0.0649766
160,0.0649766
160,0.0649766
160,0.0649766
160,0.0649766
160,0.0649766
160,0.0649766
160,0.0649766
160,0.0649766
160,0.0649766
161,0.045575
161,0.045575
161,0.045575
161,0.045575
161,0.045575
161,0.045575
161,0.045575
161,0.045575
161,0.045575
161,0.045575
161,0.045575
161,0.045575
161,0.045575
161,0.045575
161,0.045575
162,0.0014225
162,0.0014225
162,0.0014225
162,0.0014225
162,0.0014225
162,0.0014225
162,0.0014225
162,0.0014225
162,0.0014225
162,0.0014225
162,0.0014225
162,0.0014225
162,0.0014225
162,0.0014225
162,0.0014225
163,0.0447638
163,0.0447638
163,0.0447638
163,0.0447638
163,0.0447638
163,0.0447638
163,0.0447638
163,0.0447638
163,0.0447638
163,0.0447638
163,0.0447638
163,0.0447638
163,0.0447638
163,0.0447638
163,0.0447638
164,0.0413976
164,0.0413976
164,0.0413976
164,0.0413976
164,0.0413976
164,0.0413976
164,0.0413976
164,0.0413976
164,0.0413976
164,0.0413976
164,0.0413976
164,0.0413976
164,0.0413976
164,0.0413976
164,0.0413976
165,0.00239043
165,0.00239043
165,0.00239043
165,0.00239043
165,0.00239043
165,0.00239043
165,0.00239043
165,0.00239043
165,0.00239043
165,0.00239043
165,0.00239043
165,0.00239043
165,0.00239043
165,0.00239043
165,0.00239043
166,0.0092639
166,0.0092639
166,0.0092639
166,0.0092639
166,0.0092639
166,0.0092639
166,0.0092639
166,0.0092639
166,0.0092639
166,0.0092639
166,0.0092639
166,0.0092639
166,0.0092639
166,0.0092639
166,0.0092639
167,0.00968321
167,0.00968321
167,0.00968321
167,0.00968321
167,0.00968321
167,0.00968321
167,0.00968321
167,0.00968321
167,0.00968321
167,0.00968321
167,0.00968321
167,0.00968321
167,0.00968321
167,0.00968321
167,0.00968321
168,0.0592279
168,0.0592279
168,0.0592279
168,0.0592279
168,0.0592279
168,0.0592279
168,0.0592279
168,0.0592279
168,0.0592279
168,0.0592279
168,0.0592279
168,0.0592279
168,0.0592279
168,0.0592279
168,0.0592279
169,0.0709214
169,0.0709214
169,0.0709214
169,0.0709214
169,0.0709214
169,0.0709214
169,0.0709214
169,0.0709214
169,0.0709214
169,0.0709214
169,0.0709214
169,0.0709214
169,0.0709214
169,0.0709214
169,0.0709214
170,0.0543608
170,0.0543608
170,0.0543608
170,0.0543608
170,0.0543608
170,0.0543608
170,0.0543608
170,0.0543608
170,0.0543608
170,0.0543608
170,0.0543608
170,0.0543608
170,0.0543608
170,0.0543608
170,0.0543608
171,0.00246881
171,0.00246881
171,0.00246881
171,0.00246881
171,0.00246881
171,0.00246881
171,0.00246881
171,0.00246881
171,0.00246881
171,0.00246881
171,0.00246881
171,0.00246881
171,0.00246881
171,0.00246881
171,0.00246881
172,0.00184573
172,0.00184573
172,0.00184573
172,0.00184573
172,0.00184573
172,0.00184573
172,0.00184573
172,0.00184573
172,0.00184573
172,0.00184573
172,0.00184573
172,0.00184573
172,0.00184573
172,0.00184573
172,0.00184573
173,0.00184181
173,0.00184181
173,0.00184181
173,0.00184181
173,0.00184181
173,0.00184181
173,0.00184181
173,0.00184181
173,0.00184181
173,0.00184181
173,0.00184181
173,0.00184181
173,0.00184181
173,0.00184181
173,0.00184181
174,0.00233557
174,0.00233557
174,0.00233557
174,0.00233557
174,0.00233557
174,0.00233557
174,0.00233557
174,0.00233557
174,0.00233557
174,0.00233557
174,0.00233557
174,0.00233557
174,0.00233557
174,0.00233557
174,0.00233557
175,0.0150754
175,0.0150754
175,0.0150754
175,0.0150754
175,0.0150754
175,0.0150754
175,0.0150754
175,0.0150754
175,0.0150754
175,0.0150754
175,0.0150754
175,0.0150754
175,0.0150754
175,0.0150754
175,0.0150754
176,0.0717404
176,0.0717404
176,0.0717404
176,0.0717404
176,0.0717404
176,0.0717404
176,0.0717404
176,0.0717404
176,0.0717404
176,0.0717404
176,0.0717404
176,0.0717404
176,0.0717404
176,0.0717404
176,0.0717404
177,0.145307
177,0.145307
177,0.145307
177,0.145307
177,0.145307
177,0.145307
177,0.145307
177,0.145307
177,0.145307
177,0.145307
177,0.145307
177,0.145307
177,0.145307
177,0.145307
177,0.145307
178,0.120023
178,0.120023
178,0.120023
178,0.120023
178,0.120023
178,0.120023
178,0.120023
178,0.120023
178,0.120023
178,0.120023
178,0.120023
178,0.120023
178,0.120023
178,0.120023
178,0.120023
179,0.104709
179,0.104709
179,0.104709
179,0.104709
179,0.104709
179,0.104709
179,0.104709
179,0.104709
179,0.104709
179,0.104709
179,0.104709
179,0.104709
179,0.104709
179,0.104709
179,0.104709
180,0.0376003
180,0.0376003
180,0.0376003
180,0.0376003
180,0.0376003
180,0.0376003
180,0.0376003
180,0.0376003
180,0.0376003
180,0.0376003
180,0.0376003
180,0.0376003
180,0.0376003
180,0.0376003
180,0.0376003
181,0.036362
181,0.036362
181,0.036362
181,0.036362
181,0.036362
181,0.036362
181,0.036362
181,0.036362
181,0.036362
181,0.036362
181,0.036362
181,0.036362
181,0.036362
181,0.036362
181,0.036362
182,0.0549251
182,0.0549251
182,0.0549251
182,0.0549251
182,0.0549251
182,0.0549251
182,0.0549251
182,0.0549251
182,0.0549251
182,0.0549251
182,0.0549251
182,0.0549251
182,0.0549251
182,0.0549251
182,0.0549251
183,0.0814393
183,0.0814393
183,0.0814393
183,0.0814393
183,0.0814393
183,0.0814393
183,0.0814393
183,0.0814393
183,0.0814393
183,0.0814393
183,0.0814393
183,0.0814393
183,0.0814393
183,0.0814393
183,0.0814393
184,0.0918514
184,0.0918514
184,0.0918514
184,0.0918514
184,0.0918514
184,0.0918514
184,0.0918514
184,0.0918514
184,0.0918514
184,0.0918514
184,0.0918514
184,0.0918514
184,0.0918514
184,0.0918514
184,0.0918514
185,0.0948727
185,0.0948727
185,0.0948727
185,0.0948727
185,0.0948727
185,0.0948727
185,0.0948727
185,0.0948727
185,0.0948727
185,0.0948727
185,0.0948727
185,0.0948727
185,0.0948727
185,0.0948727
185,0.0948727
186,0.0968909
186,0.0968909
186,0.0968909
186,0.0968909
186,0.0968909
186,0.0968909
186,0.0968909
186,0.0968909
186,0.0968909
186,0.0968909
186,0.0968909
186,0.0968909
186,0.0968909
186,0.0968909
186,0.0968909
187,0.0991833
187,0.0991833
187,0.0991833
187,0.0991833
187,0.0991833
187,0.0991833
187,0.0991833
187,0.0991833
187,0.0991833
187,0.0991833
187,0.0991833
187,0.0991833
187,0.0991833
187,0.0991833
187,0.0991833
188,0.099536
188,0.099536
188,0.099536
188,0.099536
188,0.099536
188,0.099536
188,0.099536
188,0.099536
188,0.099536
188,0.099536
188,0.099536
188,0.099536
188,0.099536
188,0.099536
188,0.099536
189,0.0996653
189,0.0996653
189,0.0996653
189,0.0996653
189,0.0996653
189,0.0996653
189,0.0996653
189,0.0996653
189,0.0996653
189,0.0996653
189,0.0996653
189,0.0996653
189,0.0996653
189,0.0996653
189,0.0996653
190,0.102573
190,0.102573
190,0.102573
190,0.102573
190,0.102573
190,0.102573
190,0.102573
190,0.102573
190,0.102573
190,0.102573
190,0.102573
190,0.102573
190,0.102573
190,0.102573
190,0.102573
191,0.102005
191,0.102005
191,0.102005
191,0.102005
191,0.102005
191,0.102005
191,0.102005
191,0.102005
191,0.102005
191,0.102005
191,0.102005
191,0.102005
191,0.102005
191,0.102005
191,0.102005
192,0.106821
192,0.106821
192,0.106821
192,0.106821
192,0.106821
192,0.106821
192,0.106821
192,0.106821
192,0.106821
192,0.106821
192,0.106821
192,0.106821
192,0.106821
192,0.106821
192,0.106821
193,0.107671
193,0.107671
193,0.107671
193,0.107671
193,0.107671
193,0.107671
193,0.107671
193,0.107671
193,0.107671
193,0.107671
193,0.107671
193,0.107671
193,0.107671
193,0.107671
193,0.107671
194,0.106715
194,0.106715
194,0.106715
194,0.106715
194,0.106715
194,0.106715
194,0.106715
194,0.106715
194,0.106715
194,0.106715
194,0.106715
194,0.106715
194,0.106715
194,0.106715
194,0.106715
195,0.105798
195,0.105798
195,0.105798
195,0.105798
195,0.105798
195,0.105798
195,0.105798
195,0.105798
195,0.105798
195,0.105798
195,0.105798
195,0.105798
195,0.105798
195,0.105798
195,0.105798
196,0.111955
196,0.111955
196,0.111955
196,0.111955
196,0.111955
196,0.111955
196,0.111955
196,0.111955
196,0.111955
196,0.111955
196,0.111955
196,0.111955
196,0.111955
196,0.111955
196,0.111955
197,0.139684
197,0.139684
197,0.139684
197,0.139684
197,0.139684
197,0.139684
197,0.139684
197,0.139684
197,0.139684
197,0.139684
197,0.139684
197,0.139684
197,0.139684
197,0.139684
197,0.139684
198,0.169297
198,0.169297
198,0.169297
198,0.169297
198,0.169297
198,0.169297
198,0.169297
198,0.169297
198,0.169297
198,0.169297
198,0.169297
198,0.169297
198,0.169297
198,0.169297
198,0.169297
199,0.192912
199,0.192912
199,0.192912
199,0.192912
199,0.192912
199,0.192912
199,0.192912
199,0.192912
199,0.192912
199,0.192912
199,0.192912
199,0.192912
199,0.192912
199,0.192912
199,0.192912
200,0.271553
200,0.271553
200,0.271553
200,0.271553
200,0.271553
200,0.271553
200,0.271553
200,0.271553
200,0.271553
200,0.271553
200,0.271553
200,0.271553
200,0.271553
200,0.271553
200,0.271553
201,0.308033
201,0.308033
201,0.308033
201,0.308033
201,0.308033
201,0.308033
201,0.308033
201,0.308033
201,0.308033
201,0.308033
201,0.308033
201,0.308033
201,0.308033
201,0.308033
201,0.308033
202,0.317786
202,0.317786
202,0.317786
202,0.317786
202,0.317786
202,0.317786
202,0.317786
202,0.317786
202,0.317786
202,0.317786
202,0.317786
202,0.317786
202,0.317786
202,0.317786
202,0.317786
203,0.313276
203,0.313276
203,0.313276
203,0.313276
203,0.313276
203,0.313276
203,0.313276
203,0.313276
203,0.313276
203,0.313276
203,0.313276
203,0.313276
203,0.313276
203,0.313276
203,0.313276
204,0.322352
204,0.322352
204,0.322352
204,0.322352
204,0.322352
204,0.322352
204,0.322352
204,0.322352
204,0.322352
204,0.322352
204,0.322352
204,0.322352
204,0.322352
204,0.322352
204,0.322352
205,0.35389
205,0.35389
205,0.35389
205,0.35389
205,0.35389
205,0.35389
205,0.35389
205,0.35389
205,0.35389
205,0.35389
205,0.35389
205,0.35389
205,0.35389
205,0.35389
205,0.35389
206,0.361092
206,0.361092
206,0.361092
206,0.361092
206,0.361092
206,0.361092
206,0.361092
206,0.361092
206,0.361092
206,0.361092
206,0.361092
206,0.361092
206,0.361092
206,0.361092
206,0.361092
207,0.364568
207,0.364568
207,0.364568
207,0.364568
207,0.364568
207,0.364568
207,0.364568
207,0.364568
207,0.364568
207,0.364568
207,0.364568
207,0.364568
207,0.364568
207,0.364568
207,0.364568
208,0.348302
208,0.348302
208,0.348302
208,0.348302
208,0.348302
208,0.348302
208,0.348302
208,0.348302
208,0.348302
208,0.348302
208,0.348302
208,0.348302
208,0.348302
208,0.348302
208,0.348302
209,0.352773
209,0.352773
209,0.352773
209,0.352773
209,0.352773
209,0.352773
209,0.352773
209,0.352773
209,0.352773
209,0.352773
209,0.352773
209,0.352773
209,0.352773
209,0.352773
209,0.352773
210,0.364553
210,0.364553
210,0.364553
210,0.364553
210,0.364553
210,0.364553
210,0.364553
210,0.364553
210,0.364553
210,0.364553
210,0.364553
210,0.364553
210,0.364553
210,0.364553
210,0.364553
211,0.36987
211,0.36987
211,0.36987
211,0.36987
211,0.36987
211,0.36987
211,0.36987
211,0.36987
211,0.36987
211,0.36987
211,0.36987
211,0.36987
211,0.36987
211,0.36987
211,0.36987
212,0.376991
212,0.376991
212,0.376991
212,0.376991
212,0.376991
212,0.376991
212,0.376991
212,0.376991
212,0.376991
212,0.376991
212,0.376991
212,0.376991
212,0.376991
212,0.376991
212,0.376991
213,0.3966
213,0.3966
213,0.3966
213,0.3966
213,0.3966
213,0.3966
213,0.3966
213,0.3966
213,0.3966
213,0.3966
213,0.3966
213,0.3966
213,0.3966
213,0.3966
213,0.3966
214,0.407827
214,0.407827
214,0.407827
214,0.407827
214,0.407827
214,0.407827
214,0.407827
214,0.407827
214,0.407827
214,0.407827
214,0.407827
214,0.407827
214,0.407827
214,0.407827
214,0.407827
215,0.414305
215,0.414305
215,0.414305
215,0.414305
215,0.414305
215,0.414305
215,0.414305
215,0.414305
215,0.414305
215,0.414305
215,0.414305
215,0.414305
215,0.414305
215,0.414305
215,0.414305
216,0.413459
216,0.413459
216,0.413459
216,0.413459
216,0.413459
216,0.413459
216,0.413459
216,0.413459
216,0.413459
216,0.413459
216,0.413459
216,0.413459
216,0.413459
216,0.413459
216,0.413459
217,0.413956
217,0.413956
217,0.413956
217,0.413956
217,0.413956
217,0.413956
217,0.413956
217,0.413956
217,0.413956
217,0.413956
217,0.413956
217,0.413956
217,0.413956
217,0.413956
217,0.413956
218,0.417569
218,0.417569
218,0.417569
218,0.417569
218,0.417569
218,0.417569
218,0.417569
218,0.417569
218,0.417569
218,0.417569
218,0.417569
218,0.417569
218,0.417569
218,0.417569
218,0.417569
219,0.407596
219,0.407596
219,0.407596
219,0.407596
219,0.407596
219,0.407596
219,0.407596
219,0.407596
219,0.407596
219,0.407596
219,0.407596
219,0.407596
219,0.407596
219,0.407596
219,0.407596
220,0.408748
220,0.408748
220,0.408748
220,0.408748
220,0.408748
220,0.408748
220,0.408748
220,0.408748
220,0.408748
220,0.408748
220,0.408748
220,0.408748
220,0.408748
220,0.408748
220,0.408748
221,0.400809
221,0.400809
221,0.400809
221,0.400809
221,0.400809
221,0.400809
221,0.400809
221,0.400809
221,0.400809
221,0.400809
221,0.400809
221,0.400809
221,0.400809
221,0.400809
221,0.400809
222,0.4028
222,0.4028
222,0.4028
222,0.4028
222,0.4028
222,0.4028
222,0.4028
222,0.4028
222,0.4028
222,0.4028
222,0.4028
222,0.4028
222,0.4028
222,0.4028
222,0.4028
223,0.403901
223,0.403901
223,0.403901
223,0.403901
223,0.403901
223,0.403901
223,0.403901
223,0.403901
223,0.403901
223,0.403901
223,0.403901
223,0.403901
223,0.403901
223,0.403901
223,0.403901
224,0.401467
224,0.401467
224,0.401467
224,0.401467
224,0.401467
224,0.401467
224,0.401467
224,0.401467
224,0.401467
224,0.401467
224,0.401467
224,0.401467
224,0.401467
224,0.401467
224,0.401467
225,0.41119
225,0.41119
225,0.41119
225,0.41119
225,0.41119
225,0.41119
225,0.41119
225,0.41119
225,0.41119
225,0.41119
225,0.41119
225,0.41119
225,0.41119
225,0.41119
225,0.41119
226,0.409661
226,0.409661
226,0.409661
226,0.409661
226,0.409661
226,0.409661
226,0.409661
226,0.409661
226,0.409661
226,0.409661
226,0.409661
226,0.409661
226,0.409661
226,0.409661
226,0.409661
227,0.413082
227,0.413082
227,0.413082
227,0.413082
227,0.413082
227,0.413082
227,0.413082
227,0.413082
227,0.413082
227,0.413082
227,0.413082
227,0.413082
227,0.413082
227,0.413082
227,0.413082
228,0.414136
228,0.414136
228,0.414136
228,0.414136
228,0.414136
228,0.414136
228,0.414136
228,0.414136
228,0.414136
228,0.414136
228,0.414136
228,0.414136
228,0.414136
228,0.414136
228,0.414136
229,0.41773
229,0.41773
229,0.41773
229,0.41773
229,0.41773
229,0.41773
229,0.41773
229,0.41773
229,0.41773
229,0.41773
229,0.41773
229,0.41773
229,0.41773
229,0.41773
229,0.41773
230,0.420469
230,0.420469
230,0.420469
230,0.420469
230,0.420469
230,0.420469
230,0.420469
230,0.420469
230,0.420469
230,0.420469
230,0.420469
230,0.420469
230,0.420469
230,0.420469
230,0.420469
231,0.418988
231,0.418988
231,0.418988
231,0.418988
231,0.418988
231,0.418988
231,0.418988
231,0.418988
231,0.418988
231,0.418988
231,0.418988
231,0.418988
231,0.418988
231,0.418988
231,0.418988
232,0.41251
232,0.41251
232,0.41251
232,0.41251
232,0.41251
232,0.41251
232,0.41251
232,0.41251
232,0.41251
232,0.41251
232,0.41251
232,0.41251
232,0.41251
232,0.41251
232,0.41251
233,0.411969
233,0.411969
233,0.411969
233,0.411969
233,0.411969
233,0.411969
233,0.411969
233,0.411969
233,0.411969
233,0.411969
233,0.411969
233,0.411969
233,0.411969
233,0.411969
233,0.411969
234,0.409955
234,0.409955
234,0.409955
234,0.409955
234,0.409955
234,0.409955
234,0.409955
234,0.409955
234,0.409955
234,0.409955
234,0.409955
234,0.409955
234,0.409955
234,0.409955
234,0.409955
235,0.411981
235,0.411981
235,0.411981
235,0.411981
235,0.411981
235,0.411981
235,0.411981
235,0.411981
235,0.411981
235,0.411981
235,0.411981
235,0.411981
235,0.411981
235,0.411981
235,0.411981
236,0.410155
236,0.410155
236,0.410155
236,0.410155
236,0.410155
236,0.410155
236,0.410155
236,0.410155
236,0.410155
236,0.410155
236,0.410155
236,0.410155
236,0.410155
236,0.410155
236,0.410155
237,0.41929
237,0.41929
237,0.41929
237,0.41929
237,0.41929
237,0.41929
237,0.41929
237,0.41929
237,0.41929
237,0.41929
237,0.41929
237,0.41929
237,0.41929
237,0.41929
237,0.41929
238,0.41329
238,0.41329
238,0.41329
238,0.41329
238,0.41329
238,0.41329
238,0.41329
238,0.41329
238,0.41329
238,0.41329
238,0.41329
238,0.41329
238,0.41329
238,0.41329
238,0.41329
239,0.419286
239,0.419286
239,0.419286
239,0.419286
239,0.419286
239,0.419286
239,0.419286
239,0.419286
239,0.419286
239,0.419286
239,0.419286
239,0.419286
239,0.419286
239,0.419286
239,0.419286
240,0.412906
240,0.412906
240,0.412906
240,0.412906
240,0.412906
240,0.412906
240,0.412906
240,0.412906
240,0.412906
240,0.412906
240,0.412906
240,0.412906
240,0.412906
240,0.412906
240,0.412906
241,0.415179
241,0.415179
241,0.415179
241,0.415179
241,0.415179
241,0.415179
241,0.415179
241,0.415179
241,0.415179
241,0.415179
241,0.415179
241,0.415179
241,0.415179
241,0.415179
241,0.415179
242,0.415602
242,0.415602
242,0.415602
242,0.415602
242,0.415602
242,0.415602
242,0.415602
242,0.415602
242,0.415602
242,0.415602
242,0.415602
242,0.415602
242,0.415602
242,0.415602
242,0.415602
243,0.411589
243,0.411589
243,0.411589
243,0.411589
243,0.411589
243,0.411589
243,0.411589
243,0.411589
243,0.411589
243,0.411589
243,0.411589
243,0.411589
243,0.411589
243,0.411589
243,0.411589
244,0.415912
244,0.415912
244,0.415912
244,0.415912
244,0.415912
244,0.415912
244,0.415912
244,0.415912
244,0.415912
244,0.415912
244,0.415912
244,0.415912
244,0.415912
244,0.415912
244,0.415912
245,0.409885
245,0.409885
245,0.409885
245,0.409885
245,0.409885
245,0.409885
245,0.409885
245,0.409885
245,0.409885
245,0.409885
245,0.409885
245,0.409885
245,0.409885
245,0.409885
245,0.409885
246,0.421351
246,0.421351
246,0.421351
246,0.421351
246,0.421351
246,0.421351
246,0.421351
246,0.421351
246,0.421351
246,0.421351
246,0.421351
246,0.421351
246,0.421351
246,0.421351
246,0.421351
247,0.41717
247,0.41717
247,0.41717
247,0.41717
247,0.41717
247,0.41717
247,0.41717
247,0.41717
247,0.41717
247,0.41717
247,0.41717
247,0.41717
247,0.41717
247,0.41717
247,0.41717
248,0.417471
248,0.417471
248,0.417471
248,0.417471
248,0.417471
248,0.417471
248,0.417471
248,0.417471
248,0.417471
248,0.417471
248,0.417471
248,0.417471
248,0.417471
248,0.417471
248,0.417471
249,0.419
249,0.419
249,0.419
249,0.419
249,0.419
249,0.419
249,0.419
249,0.419
249,0.419
249,0.419
249,0.419
249,0.419
249,0.419
249,0.419
249,0.419
250,0.414117
250,0.414117
250,0.414117
250,0.414117
250,0.414117
250,0.414117
250,0.414117
250,0.414117
250,0.414117
250,0.414117
250,0.414117
250,0.414117
250,0.414117
250,0.414117
250,0.414117
251,0.411597
251,0.411597
251,0.411597
251,0.411597
251,0.411597
251,0.411597
251,0.411597
251,0.411597
251,0.411597
251,0.411597
251,0.411597
251,0.411597
251,0.411597
251,0.411597
251,0.411597
252,0.413411
252,0.413411
252,0.413411
252,0.413411
252,0.413411
252,0.413411
252,0.413411
252,0.413411
252,0.413411
252,0.413411
252,0.413411
252,0.413411
252,0.413411
252,0.413411
252,0.413411
253,0.426132
253,0.426132
253,0.426132
253,0.426132
253,0.426132
253,0.426132
253,0.426132
253,0.426132
253,0.426132
253,0.426132
253,0.426132
253,0.426132
253,0.426132
253,0.426132
253,0.426132
254,0.434067
254,0.434067
254,0.434067
254,0.434067
254,0.434067
254,0.434067
254,0.434067
254,0.434067
254,0.434067
254,0.434067
254,0.434067
254,0.434067
254,0.434067
254,0.434067
254,0.434067
255,0.44375
255,0.44375
255,0.44375
255,0.44375
255,0.44375
255,0.44375
255,0.44375
255,0.44375
255,0.44375
255,0.44375
255,0.44375
255,0.44375
255,0.44375
255,0.44375
255,0.44375
256,0.446305
256,0.446305
256,0.446305
256,0.446305
256,0.446305
256,0.446305
256,0.446305
256,0.446305
256,0.446305
256,0.446305
256,0.446305
256,0.446305
256,0.446305
256,0.446305
256,0.446305
257,0.444836
257,0.444836
257,0.444836
257,0.444836
257,0.444836
257,0.444836
257,0.444836
257,0.444836
257,0.444836
257,0.444836
257,0.444836
257,0.444836
257,0.444836
257,0.444836
257,0.444836
258,0.441956
258,0.441956
258,0.441956
258,0.441956
258,0.441956
258,0.441956
258,0.441956
258,0.441956
258,0.441956
258,0.441956
258,0.441956
258,0.441956
258,0.441956
258,0.441956
258,0.441956
259,0.445596
259,0.445596
259,0.445596
259,0.445596
259,0.445596
259,0.445596
259,0.445596
259,0.445596
259,0.445596
259,0.445596
259,0.445596
259,0.445596
259,0.445596
259,0.445596
259,0.445596
260,0.434197
260,0.434197
260,0.434197
260,0.434197
260,0.434197
260,0.434197
260,0.434197
260,0.434197
260,0.434197
260,0.434197
260,0.434197
260,0.434197
260,0.434197
260,0.434197
260,0.434197
261,0.442073
261,0.442073
261,0.442073
261,0.442073
261,0.442073
261,0.442073
261,0.442073
261,0.442073
261,0.442073
261,0.442073
261,0.442073
261,0.442073
261,0.442073
261,0.442073
261,0.442073
262,0.439459
262,0.439459
262,0.439459
262,0.439459
262,0.439459
262,0.439459
262,0.439459
262,0.439459
262,0.439459
262,0.439459
262,0.439459
262,0.439459
262,0.439459
262,0.439459
262,0.439459
263,0.439146
263,0.439146
263,0.439146
263,0.439146
263,0.439146
263,0.439146
263,0.439146
263,0.439146
263,0.439146
263,0.439146
263,0.439146
263,0.439146
263,0.439146
263,0.439146
263,0.439146
264,0.438789
264,0.438789
264,0.438789
264,0.438789
264,0.438789
264,0.438789
264,0.438789
264,0.438789
264,0.438789
264,0.438789
264,0.438789
264,0.438789
264,0.438789
264,0.438789
264,0.438789
265,0.439467
265,0.439467
265,0.439467
265,0.439467
265,0.439467
265,0.439467
265,0.439467
265,0.439467
265,0.439467
265,0.439467
265,0.439467
265,0.439467
265,0.439467
265,0.439467
265,0.439467
266,0.438891
266,0.438891
266,0.438891
266,0.438891
266,0.438891
266,0.438891
266,0.438891
266,0.438891
266,0.438891
266,0.438891
266,0.438891
266,0.438891
266,0.438891
266,0.438891
266,0.438891
267,0.439079
267,0.439079
267,0.439079
267,0.439079
267,0.439079
267,0.439079
267,0.439079
267,0.439079
267,0.439079
267,0.439079
267,0.439079
267,0.439079
267,0.439079
267,0.439079
267,0.439079
268,0.435509
268,0.435509
268,0.435509
268,0.435509
268,0.435509
268,0.435509
268,0.435509
268,0.435509
268,0.435509
268,0.435509
268,0.435509
268,0.435509
268,0.435509
268,0.435509
268,0.435509
269,0.433773
269,0.433773
269,0.433773
269,0.433773
269,0.433773
269,0.433773
269,0.433773
269,0.433773
269,0.433773
269,0.433773
269,0.433773
269,0.433773
269,0.433773
269,0.433773
269,0.433773
270,0.437183
270,0.437183
270,0.437183
270,0.437183
270,0.437183
270,0.437183
270,0.437183
270,0.437183
270,0.437183
270,0.437183
270,0.437183
270,0.437183
270,0.437183
270,0.437183
270,0.437183
271,0.435392
271,0.435392
271,0.435392
271,0.435392
271,0.435392
271,0.435392
271,0.435392
271,0.435392
271,0.435392
271,0.435392
271,0.435392
271,0.435392
271,0.435392
271,0.435392
271,0.435392
272,0.433997
272,0.433997
272,0.433997
272,0.433997
272,0.433997
272,0.433997
272,0.433997
272,0.433997
272,0.433997
272,0.433997
272,0.433997
272,0.433997
272,0.433997
272,0.433997
272,0.433997
273,0.435494
273,0.435494
273,0.435494
273,0.435494
273,0.435494
273,0.435494
273,0.435494
273,0.435494
273,0.435494
273,0.435494
273,0.435494
273,0.435494
273,0.435494
273,0.435494
273,0.435494
274,0.439181
274,0.439181
274,0.439181
274,0.439181
274,0.439181
274,0.439181
274,0.439181
274,0.439181
274,0.439181
274,0.439181
274,0.439181
274,0.439181
274,0.439181
274,0.439181
274,0.439181
275,0.438958
275,0.438958
275,0.438958
275,0.438958
275,0.438958
275,0.438958
275,0.438958
275,0.438958
275,0.438958
275,0.438958
275,0.438958
275,0.438958
275,0.438958
275,0.438958
275,0.438958
276,0.441862
276,0.441862
276,0.441862
276,0.441862
276,0.441862
276,0.441862
276,0.441862
276,0.441862
276,0.441862
276,0.441862
276,0.441862
276,0.441862
276,0.441862
276,0.441862
276,0.441862
277,0.453069
277,0.453069
277,0.453069
277,0.453069
277,0.453069
277,0.453069
277,0.453069
277,0.453069
277,0.453069
277,0.453069
277,0.453069
277,0.453069
277,0.453069
277,0.453069
277,0.453069
278,0.465088
278,0.465088
278,0.465088
278,0.465088
278,0.465088
278,0.465088
278,0.465088
278,0.465088
278,0.465088
278,0.465088
278,0.465088
278,0.465088
278,0.465088
278,0.465088
278,0.465088
279,0.462545
279,0.462545
279,0.462545
279,0.462545
279,0.462545
279,0.462545
279,0.462545
279,0.462545
279,0.462545
279,0.462545
279,0.462545
279,0.462545
279,0.462545
279,0.462545
279,0.462545
280,0.445494
280,0.445494
280,0.445494
280,0.445494
280,0.445494
280,0.445494
280,0.445494
280,0.445494
280,0.445494
280,0.445494
280,0.445494
280,0.445494
280,0.445494
280,0.445494
280,0.445494
281,0.442684
281,0.442684
281,0.442684
281,0.442684
281,0.442684
281,0.442684
281,0.442684
281,0.442684
281,0.442684
281,0.442684
281,0.442684
281,0.442684
281,0.442684
281,0.442684
281,0.442684
282,0.406573
282,0.406573
282,0.406573
282,0.406573
282,0.406573
282,0.406573
282,0.406573
282,0.406573
282,0.406573
282,0.406573
282,0.406573
282,0.406573
282,0.406573
282,0.406573
282,0.406573
283,0.370662
283,0.370662
283,0.370662
283,0.370662
283,0.370662
283,0.370662
283,0.370662
283,0.370662
283,0.370662
283,0.370662
283,0.370662
283,0.370662
283,0.370662
283,0.370662
283,0.370662
284,0.366269
284,0.366269
284,0.366269
284,0.366269
284,0.366269
284,0.366269
284,0.366269
284,0.366269
284,0.366269
284,0.366269
284,0.366269
284,0.366269
284,0.366269
284,0.366269
284,0.366269
285,0.345104
285,0.345104
285,0.345104
285,0.345104
285,0.345104
285,0.345104
285,0.345104
285,0.345104
285,0.345104
285,0.345104
285,0.345104
285,0.345104
285,0.345104
285,0.345104
285,0.345104
286,0.325828
286,0.325828
286,0.325828
286,0.325828
286,0.325828
286,0.325828
286,0.325828
286,0.325828
286,0.325828
286,0.325828
286,0.325828
286,0.325828
286,0.325828
286,0.325828
286,0.325828
287,0.341397
287,0.341397
287,0.341397
287,0.341397
287,0.341397
287,0.341397
287,0.341397
287,0.341397
287,0.341397
287,0.341397
287,0.341397
287,0.341397
287,0.341397
287,0.341397
287,0.341397
288,0.319609
288,0.319609
288,0.319609
288,0.319609
288,0.319609
288,0.319609
288,0.319609
288,0.319609
288,0.319609
288,0.319609
288,0.319609
288,0.319609
288,0.319609
288,0.319609
288,0.319609
289,0.263085
289,0.263085
289,0.263085
289,0.263085
289,0.263085
289,0.263085
289,0.263085
289,0.263085
289,0.263085
289,0.263085
289,0.263085
289,0.263085
289,0.263085
289,0.263085
289,0.263085
290,0.277341
290,0.277341
290,0.277341
290,0.277341
290,0.277341
290,0.277341
290,0.277341
290,0.277341
290,0.277341
290,0.277341
290,0.277341
290,0.277341
290,0.277341
290,0.277341
290,0.277341
291,0.279465
291,0.279465
291,0.279465
291,0.279465
291,0.279465
291,0.279465
291,0.279465
291,0.279465
291,0.279465
291,0.279465
291,0.279465
291,0.279465
291,0.279465
291,0.279465
291,0.279465
292,0.269143
292,0.269143
292,0.269143
292,0.269143
292,0.269143
292,0.269143
292,0.269143
292,0.269143
292,0.269143
292,0.269143
292,0.269143
292,0.269143
292,0.269143
292,0.269143
292,0.269143
293,0.24525
293,0.24525
293,0.24525
293,0.24525
293,0.24525
293,0.24525
293,0.24525
293,0.24525
293,0.24525
293,0.24525
293,0.24525
293,0.24525
293,0.24525
293,0.24525
293,0.24525
294,0.247845
294,0.247845
294,0.247845
294,0.247845
294,0.247845
294,0.247845
294,0.247845
294,0.247845
294,0.247845
294,0.247845
294,0.247845
294,0.247845
294,0.247845
294,0.247845
294,0.247845
295,0.278003
295,0.278003
295,0.278003
295,0.278003
295,0.278003
295,0.278003
295,0.278003
295,0.278003
295,0.278003
295,0.278003
295,0.278003
295,0.278003
295,0.278003
295,0.278003
295,0.278003
296,0.313307
296,0.313307
296,0.313307
296,0.313307
296,0.313307
296,0.313307
296,0.313307
296,0.313307
296,0.313307
296,0.313307
296,0.313307
296,0.313307
296,0.313307
296,0.313307
296,0.313307
297,0.31426
297,0.31426
297,0.31426
297,0.31426
297,0.31426
297,0.31426
297,0.31426
297,0.31426
297,0.31426
297,0.31426
297,0.31426
297,0.31426
297,0.31426
297,0.31426
297,0.31426
298,0.268481
298,0.268481
298,0.268481
298,0.268481
298,0.268481
298,0.268481
298,0.268481
298,0.268481
298,0.268481
298,0.268481
298,0.268481
298,0.268481
298,0.268481
298,0.268481
298,0.268481
299,0.250843
299,0.250843
299,0.250843
299,0.250843
299,0.250843
299,0.250843
299,0.250843
299,0.250843
299,0.250843
299,0.250843
299,0.250843
299,0.250843
299,0.250843
299,0.250843
299,0.250843
300,0.252696
300,0.252696
300,0.252696
300,0.252696
300,0.252696
300,0.252696
300,0.252696
300,0.252696
300,0.252696
300,0.252696
300,0.252696
300,0.252696
300,0.252696
300,0.252696
300,0.252696
301,0.274555
301,0.274555
301,0.274555
301,0.274555
301,0.274555
301,0.274555
301,0.274555
301,0.274555
301,0.274555
301,0.274555
301,0.274555
301,0.274555
301,0.274555
301,0.274555
301,0.274555
302,0.310274
302,0.310274
302,0.310274
302,0.310274
302,0.310274
302,0.310274
302,0.310274
302,0.310274
302,0.310274
302,0.310274
302,0.310274
302,0.310274
302,0.310274
302,0.310274
302,0.310274
303,0.305627
303,0.305627
303,0.305627
303,0.305627
303,0.305627
303,0.305627
303,0.305627
303,0.305627
303,0.305627
303,0.305627
303,0.305627
303,0.305627
303,0.305627
303,0.305627
303,0.305627
304,0.310733
304,0.310733
304,0.310733
304,0.310733
304,0.310733
304,0.310733
304,0.310733
304,0.310733
304,0.310733
304,0.310733
304,0.310733
304,0.310733
304,0.310733
304,0.310733
304,0.310733
305,0.339673
305,0.339673
305,0.339673
305,0.339673
305,0.339673
305,0.339673
305,0.339673
305,0.339673
305,0.339673
305,0.339673
305,0.339673
305,0.339673
305,0.339673
305,0.339673
305,0.339673
306,0.331208
306,0.331208
306,0.331208
306,0.331208
306,0.331208
306,0.331208
306,0.331208
306,0.331208
306,0.331208
306,0.331208
306,0.331208
306,0.331208
306,0.331208
306,0.331208
306,0.331208
307,0.285704
307,0.285704
307,0.285704
307,0.285704
307,0.285704
307,0.285704
307,0.285704
307,0.285704
307,0.285704
307,0.285704
307,0.285704
307,0.285704
307,0.285704
307,0.285704
307,0.285704
308,0.230802
308,0.230802
308,0.230802
308,0.230802
308,0.230802
308,0.230802
308,0.230802
308,0.230802
308,0.230802
308,0.230802
308,0.230802
308,0.230802
308,0.230802
308,0.230802
308,0.230802
309,0.250815
309,0.250815
309,0.250815
309,0.250815
309,0.250815
309,0.250815
309,0.250815
309,0.250815
309,0.250815
309,0.250815
309,0.250815
309,0.250815
309,0.250815
309,0.250815
309,0.250815
310,0.260126
310,0.260126
310,0.260126
310,0.260126
310,0.260126
310,0.260126
310,0.260126
310,0.260126
310,0.260126
310,0.260126
310,0.260126
310,0.260126
310,0.260126
310,0.260126
310,0.260126
311,0.211683
311,0.211683
311,0.211683
311,0.211683
311,0.211683
311,0.211683
311,0.211683
311,0.211683
311,0.211683
311,0.211683
311,0.211683
311,0.211683
311,0.211683
311,0.211683
311,0.211683
312,0.162095
312,0.162095
312,0.162095
312,0.162095
312,0.162095
312,0.162095
312,0.162095
312,0.162095
312,0.162095
312,0.162095
312,0.162095
312,0.162095
312,0.162095
312,0.162095
312,0.162095
313,0.155257
313,0.155257
313,0.155257
313,0.155257
313,0.155257
313,0.155257
313,0.155257
313,0.155257
313,0.155257
313,0.155257
313,0.155257
313,0.155257
313,0.155257
313,0.155257
313,0.155257
314,0.183327
314,0.183327
314,0.183327
314,0.183327
314,0.183327
314,0.183327
314,0.183327
314,0.183327
314,0.183327
314,0.183327
314,0.183327
314,0.183327
314,0.183327
314,0.183327
314,0.183327
315,0.239937
315,0.239937
315,0.239937
315,0.239937
315,0.239937
315,0.239937
315,0.239937
315,0.239937
315,0.239937
315,0.239937
315,0.239937
315,0.239937
315,0.239937
315,0.239937
315,0.239937
316,0.205726
316,0.205726
316,0.205726
316,0.205726
316,0.205726
316,0.205726
316,0.205726
316,0.205726
316,0.205726
316,0.205726
316,0.205726
316,0.205726
316,0.205726
316,0.205726
316,0.205726
317,0.152627
317,0.152627
317,0.152627
317,0.152627
317,0.152627
317,0.152627
317,0.152627
317,0.152627
317,0.152627
317,0.152627
317,0.152627
317,0.152627
317,0.152627
317,0.152627
317,0.152627
318,0.0863691
318,0.0863691
318,0.0863691
318,0.0863691
318,0.0863691
318,0.0863691
318,0.0863691
318,0.0863691
318,0.0863691
318,0.0863691
318,0.0863691
318,0.0863691
318,0.0863691
318,0.0863691
318,0.0863691
319,0.0115211
319,0.0115211
319,0.0115211
319,0.0115211
319,0.0115211
319,0.0115211
319,0.0115211
319,0.0115211
319,0.0115211
319,0.0115211
319,0.0115211
319,0.0115211
319,0.0115211
319,0.0115211
319,0.0115211
320,0.000889554
320,0.000889554
320,0.000889554
320,0.000889554
320,0.000889554
320,0.000889554
320,0.000889554
320,0.000889554
320,0.000889554
320,0.000889554
320,0.000889554
320,0.000889554
320,0.000889554
320,0.000889554
320,0.000889554
321,0.00090131
321,0.00090131
321,0.00090131
321,0.00090131
321,0.00090131
321,0.00090131
321,0.00090131
321,0.00090131
321,0.00090131
321,0.00090131
321,0.00090131
321,0.00090131
321,0.00090131
321,0.00090131
321,0.00090131
322,0.00159101
322,0.00159101
322,0.00159101
322,0.00159101
322,0.00159101
322,0.00159101
322,0.00159101
322,0.00159101
322,0.00159101
322,0.00159101
322,0.00159101
322,0.00159101
322,0.00159101
322,0.00159101
322,0.00159101
323,0.00243354
323,0.00243354
323,0.00243354
323,0.00243354
323,0.00243354
323,0.00243354
323,0.00243354
323,0.00243354
323,0.00243354
323,0.00243354
323,0.00243354
323,0.00243354
323,0.00243354
323,0.00243354
323,0.00243354
324,0.00324472
324,0.00324472
324,0.00324472
324,0.00324472
324,0.00324472
324,0.00324472
324,0.00324472
324,0.00324472
324,0.00324472
324,0.00324472
324,0.00324472
324,0.00324472
324,0.00324472
324,0.00324472
324,0.00324472
325,0.00262556
325,0.00262556
325,0.00262556
325,0.00262556
325,0.00262556
325,0.00262556
325,0.00262556
325,0.00262556
325,0.00262556
325,0.00262556
325,0.00262556
325,0.00262556
325,0.00262556
325,0.00262556
325,0.00262556
326,0.00241394
326,0.00241394
326,0.00241394
326,0.00241394
326,0.00241394
326,0.00241394
326,0.00241394
326,0.00241394
326,0.00241394
326,0.00241394
326,0.00241394
326,0.00241394
326,0.00241394
326,0.00241394
326,0.00241394
327,0.00183397
327,0.00183397
327,0.00183397
327,0.00183397
327,0.00183397
327,0.00183397
327,0.00183397
327,0.00183397
327,0.00183397
327,0.00183397
327,0.00183397
327,0.00183397
327,0.00183397
327,0.00183397
327,0.00183397
328,0.0352648
328,0.0352648
328,0.0352648
328,0.0352648
328,0.0352648
328,0.0352648
328,0.0352648
328,0.0352648
328,0.0352648
328,0.0352648
328,0.0352648
328,0.0352648
328,0.0352648
328,0.0352648
328,0.0352648
329,0.0979058
329,0.0979058
329,0.0979058
329,0.0979058
329,0.0979058
329,0.0979058
329,0.0979058
329,0.0979058
329,0.0979058
329,0.0979058
329,0.0979058
329,0.0979058
329,0.0979058
329,0.0979058
329,0.0979058
330,0.0839825
330,0.0839825
330,0.0839825
330,0.0839825
330,0.0839825
330,0.0839825
330,0.0839825
330,0.0839825
330,0.0839825
330,0.0839825
330,0.0839825
330,0.0839825
330,0.0839825
330,0.0839825
330,0.0839825
331,0.0420716
331,0.0420716
331,0.0420716
331,0.0420716
331,0.0420716
331,0.0420716
331,0.0420716
331,0.0420716
331,0.0420716
331,0.0420716
331,0.0420716
331,0.0420716
331,0.0420716
331,0.0420716
331,0.0420716
332,0.0787118
332,0.0787118
332,0.0787118
332,0.0787118
332,0.0787118
332,0.0787118
332,0.0787118
332,0.0787118
332,0.0787118
332,0.0787118
332,0.0787118
332,0.0787118
332,0.0787118
332,0.0787118
332,0.0787118
333,0.0866434
333,0.0866434
333,0.0866434
333,0.0866434
333,0.0866434
333,0.0866434
333,0.0866434
333,0.0866434
333,0.0866434
333,0.0866434
333,0.0866434
333,0.0866434
333,0.0866434
333,0.0866434
333,0.0866434
334,0.0411507
334,0.0411507
334,0.0411507
334,0.0411507
334,0.0411507
334,0.0411507
334,0.0411507
334,0.0411507
334,0.0411507
334,0.0411507
334,0.0411507
334,0.0411507
334,0.0411507
334,0.0411507
334,0.0411507
335,0.00709292
335,0.00709292
335,0.00709292
335,0.00709292
335,0.00709292
335,0.00709292
335,0.00709292
335,0.00709292
335,0.00709292
335,0.00709292
335,0.00709292
335,0.00709292
335,0.00709292
335,0.00709292
335,0.00709292
336,0.00997711
336,0.00997711
336,0.00997711
336,0.00997711
336,0.00997711
336,0.00997711
336,0.00997711
336,0.00997711
336,0.00997711
336,0.00997711
336,0.00997711
336,0.00997711
336,0.00997711
336,0.00997711
336,0.00997711
337,0.0252524
337,0.0252524
337,0.0252524
337,0.0252524
337,0.0252524
337,0.0252524
337,0.0252524
337,0.0252524
337,0.0252524
337,0.0252524
337,0.0252524
337,0.0252524
337,0.0252524
337,0.0252524
337,0.0252524
338,0.092255
338,0.092255
338,0.092255
338,0.092255
338,0.092255
338,0.092255
338,0.092255
338,0.092255
338,0.092255
338,0.092255
338,0.092255
338,0.092255
338,0.092255
338,0.092255
338,0.092255
339,0.0857656
339,0.0857656
339,0.0857656
339,0.0857656
339,0.0857656
339,0.0857656
339,0.0857656
339,0.0857656
339,0.0857656
339,0.0857656
339,0.0857656
339,0.0857656
339,0.0857656
339,0.0857656
339,0.0857656
340,0.0572842
340,0.0572842
340,0.0572842
340,0.0572842
340,0.0572842
340,0.0572842
340,0.0572842
340,0.0572842
340,0.0572842
340,0.0572842
340,0.0572842
340,0.0572842
340,0.0572842
340,0.0572842
340,0.0572842
341,0.0212396
341,0.0212396
341,0.0212396
341,0.0212396
341,0.0212396
341,0.0212396
341,0.0212396
341,0.0212396
341,0.0212396
341,0.0212396
341,0.0212396
341,0.0212396
341,0.0212396
341,0.0212396
341,0.0212396
342,0.0015048
342,0.0015048
342,0.0015048
342,0.0015048
342,0.0015048
342,0.0015048
342,0.0015048
342,0.0015048
342,0.0015048
342,0.0015048
342,0.0015048
342,0.0015048
342,0.0015048
342,0.0015048
342,0.0015048
343,0.00267258
343,0.00267258
343,0.00267258
343,0.00267258
343,0.00267258
343,0.00267258
343,0.00267258
343,0.00267258
343,0.00267258
343,0.00267258
343,0.00267258
343,0.00267258
343,0.00267258
343,0.00267258
343,0.00267258
344,0.00265299
344,0.00265299
344,0.00265299
344,0.00265299
344,0.00265299
344,0.00265299
344,0.00265299
344,0.00265299
344,0.00265299
344,0.00265299
344,0.00265299
344,0.00265299
344,0.00265299
344,0.00265299
344,0.00265299
345,0.00260596
345,0.00260596
345,0.00260596
345,0.00260596
345,0.00260596
345,0.00260596
345,0.00260596
345,0.00260596
345,0.00260596
345,0.00260596
345,0.00260596
345,0.00260596
345,0.00260596
345,0.00260596
345,0.00260596
346,0.00284892
346,0.00284892
346,0.00284892
346,0.00284892
346,0.00284892
346,0.00284892
346,0.00284892
346,0.00284892
346,0.00284892
346,0.00284892
346,0.00284892
346,0.00284892
346,0.00284892
346,0.00284892
346,0.00284892
347,0.00250799
347,0.00250799
347,0.00250799
347,0.00250799
347,0.00250799
347,0.00250799
347,0.00250799
347,0.00250799
347,0.00250799
347,0.00250799
347,0.00250799
347,0.00250799
347,0.00250799
347,0.00250799
347,0.00250799
348,0.00256678
348,0.00256678
348,0.00256678
348,0.00256678
348,0.00256678
348,0.00256678
348,0.00256678
348,0.00256678
348,0.00256678
348,0.00256678
348,0.00256678
348,0.00256678
348,0.00256678
348,0.00256678
348,0.00256678
349,0.00201031
349,0.00201031
349,0.00201031
349,0.00201031
349,0.00201031
349,0.00201031
349,0.00201031
349,0.00201031
349,0.00201031
349,0.00201031
349,0.00201031
349,0.00201031
349,0.00201031
349,0.00201031
349,0.00201031
350,0.00227287
350,0.00227287
350,0.00227287
350,0.00227287
350,0.00227287
350,0.00227287
350,0.00227287
350,0.00227287
350,0.00227287
350,0.00227287
350,0.00227287
350,0.00227287
350,0.00227287
350,0.00227287
350,0.00227287
351,0.0532635
351,0.0532635
351,0.0532635
351,0.0532635
351,0.0532635
351,0.0532635
351,0.0532635
351,0.0532635
351,0.0532635
351,0.0532635
351,0.0532635
351,0.0532635
351,0.0532635
351,0.0532635
351,0.0532635
352,0.0592984
352,0.0592984
352,0.0592984
352,0.0592984
352,0.0592984
352,0.0592984
352,0.0592984
352,0.0592984
352,0.0592984
352,0.0592984
352,0.0592984
352,0.0592984
352,0.0592984
352,0.0592984
352,0.0592984
353,0.0982859
353,0.0982859
353,0.0982859
353,0.0982859
353,0.0982859
353,0.0982859
353,0.0982859
353,0.0982859
353,0.0982859
353,0.0982859
353,0.0982859
353,0.0982859
353,0.0982859
353,0.0982859
353,0.0982859
354,0.111414
354,0.111414
354,0.111414
354,0.111414
354,0.111414
354,0.111414
354,0.111414
354,0.111414
354,0.111414
354,0.111414
354,0.111414
354,0.111414
354,0.111414
354,0.111414
354,0.111414
355,0.112754
355,0.112754
355,0.112754
355,0.112754
355,0.112754
355,0.112754
355,0.112754
355,0.112754
355,0.112754
355,0.112754
355,0.112754
355,0.112754
355,0.112754
355,0.112754
355,0.112754
356,0.145695
356,0.145695
356,0.145695
356,0.145695
356,0.145695
356,0.145695
356,0.145695
356,0.145695
356,0.145695
356,0.145695
356,0.145695
356,0.145695
356,0.145695
356,0.145695
356,0.145695
357,0.175066
357,0.175066
357,0.175066
357,0.175066
357,0.175066
357,0.175066
357,0.175066
357,0.175066
357,0.175066
357,0.175066
357,0.175066
357,0.175066
357,0.175066
357,0.175066
357,0.175066
358,0.196611
358,0.196611
358,0.196611
358,0.196611
358,0.196611
358,0.196611
358,0.196611
358,0.196611
358,0.196611
358,0.196611
358,0.196611
358,0.196611
358,0.196611
358,0.196611
358,0.196611
359,0.199252
359,0.199252
359,0.199252
359,0.199252
359,0.199252
359,0.199252
359,0.199252
359,0.199252
359,0.199252
359,0.199252
359,0.199252
359,0.199252
359,0.199252
359,0.199252
359,0.199252
360,0.232099
360,0.232099
360,0.232099
360,0.232099
360,0.232099
360,0.232099
360,0.232099
360,0.232099
360,0.232099
360,0.232099
360,0.232099
360,0.232099
360,0.232099
360,0.232099
360,0.232099
361,0.242065
361,0.242065
361,0.242065
361,0.242065
361,0.242065
361,0.242065
361,0.242065
361,0.242065
361,0.242065
361,0.242065
361,0.242065
361,0.242065
361,0.242065
361,0.242065
361,0.242065
362,0.285484
362,0.285484
362,0.285484
362,0.285484
362,0.285484
362,0.285484
362,0.285484
362,0.285484
362,0.285484
362,0.285484
362,0.285484
362,0.285484
362,0.285484
362,0.285484
362,0.285484
363,0.316913
363,0.316913
363,0.316913
363,0.316913
363,0.316913
363,0.316913
363,0.316913
363,0.316913
363,0.316913
363,0.316913
363,0.316913
363,0.316913
363,0.316913
363,0.316913
363,0.316913
364,0.309451
364,0.309451
364,0.309451
364,0.309451
364,0.309451
364,0.309451
364,0.309451
364,0.309451
364,0.309451
364,0.309451
364,0.309451
364,0.309451
364,0.309451
364,0.309451
364,0.309451
365,0.282616
365,0.282616
365,0.282616
365,0.282616
365,0.282616
365,0.282616
365,0.282616
365,0.282616
365,0.282616
365,0.282616
365,0.282616
365,0.282616
365,0.282616
365,0.282616
365,0.282616
366,0.311818
366,0.311818
366,0.311818
366,0.311818
366,0.311818
366,0.311818
366,0.311818
366,0.311818
366,0.311818
366,0.311818
366,0.311818
366,0.311818
366,0.311818
366,0.311818
366,0.311818
367,0.336373
367,0.336373
367,0.336373
367,0.336373
367,0.336373
367,0.336373
367,0.336373
367,0.336373
367,0.336373
367,0.336373
367,0.336373
367,0.336373
367,0.336373
367,0.336373
367,0.336373
368,0.33794
368,0.33794
368,0.33794
368,0.33794
368,0.33794
368,0.33794
368,0.33794
368,0.33794
368,0.33794
368,0.33794
368,0.33794
368,0.33794
368,0.33794
368,0.33794
368,0.33794
369,0.373625
369,0.373625
369,0.373625
369,0.373625
369,0.373625
369,0.373625
369,0.373625
369,0.373625
369,0.373625
369,0.373625
369,0.373625
369,0.373625
369,0.373625
369,0.373625
369,0.373625
370,0.381631
370,0.381631
370,0.381631
370,0.381631
370,0.381631
370,0.381631
370,0.381631
370,0.381631
370,0.381631
370,0.381631
370,0.381631
370,0.381631
370,0.381631
370,0.381631
370,0.381631
371,0.416354
371,0.416354
371,0.416354
371,0.416354
371,0.416354
371,0.416354
371,0.416354
371,0.416354
371,0.416354
371,0.416354
371,0.416354
371,0.416354
371,0.416354
371,0.416354
371,0.416354
372,0.457642
372,0.457642
372,0.457642
372,0.457642
372,0.457642
372,0.457642
372,0.457642
372,0.457642
372,0.457642
372,0.457642
372,0.457642
372,0.457642
372,0.457642
372,0.457642
372,0.457642
373,0.44502
373,0.44502
373,0.44502
373,0.44502
373,0.44502
373,0.44502
373,0.44502
373,0.44502
373,0.44502
373,0.44502
373,0.44502
373,0.44502
373,0.44502
373,0.44502
373,0.44502
374,0.443433
374,0.443433
374,0.443433
374,0.443433
374,0.443433
374,0.443433
374,0.443433
374,0.443433
374,0.443433
374,0.443433
374,0.443433
374,0.443433
374,0.443433
374,0.443433
374,0.443433
375,0.457419
375,0.457419
375,0.457419
375,0.457419
375,0.457419
375,0.457419
375,0.457419
375,0.457419
375,0.457419
375,0.457419
375,0.457419
375,0.457419
375,0.457419
375,0.457419
375,0.457419
376,0.459139
376,0.459139
376,0.459139
376,0.459139
376,0.459139
376,0.459139
376,0.459139
376,0.459139
376,0.459139
376,0.459139
376,0.459139
376,0.459139
376,0.459139
376,0.459139
376,0.459139
377,0.462694
377,0.462694
377,0.462694
377,0.462694
377,0.462694
377,0.462694
377,0.462694
377,0.462694
377,0.462694
377,0.462694
377,0.462694
377,0.462694
377,0.462694
377,0.462694
377,0.462694
378,0.456055
378,0.456055
378,0.456055
378,0.456055
378,0.456055
378,0.456055
378,0.456055
378,0.456055
378,0.456055
378,0.456055
378,0.456055
378,0.456055
378,0.456055
378,0.456055
378,0.456055
379,0.469187
379,0.469187
379,0.469187
379,0.469187
379,0.469187
379,0.469187
379,0.469187
379,0.469187
379,0.469187
379,0.469187
379,0.469187
379,0.469187
379,0.469187
379,0.469187
379,0.469187
380,0.468011
380,0.468011
380,0.468011
380,0.468011
380,0.468011
380,0.468011
380,0.468011
380,0.468011
380,0.468011
380,0.468011
380,0.468011
380,0.468011
380,0.468011
380,0.468011
380,0.468011
381,0.477471
381,0.477471
381,0.477471
381,0.477471
381,0.477471
381,0.477471
381,0.477471
381,0.477471
381,0.477471
381,0.477471
381,0.477471
381,0.477471
381,0.477471
381,0.477471
381,0.477471
382,0.483526
382,0.483526
382,0.483526
382,0.483526
382,0.483526
382,0.483526
382,0.483526
46