0,0.0484552
0,0.0484552
0,0.0484552
0,0.0484552
0,0.0484552
0,0.0484552
0,0.0484552
0,0.0484552
0,0.0484552
0,0.0484552
0,0.0484552
0,0.0484552
0,0.0484552
0,0.0484552
0,0.0484552
0,0.0484552
0,0.0484552
0,0.0484552
0,0.0484552
0,0.0484552
1.33333,0.0910363
1.33333,0.0910363
1.33333,0.0910363
1.33333,0.0910363
1.33333,0.0910363
1.33333,0.0910363
1.33333,0.0910363
1.33333,0.0910363
1.33333,0.0910363
1.33333,0.0910363
1.33333,0.0910363
1.33333,0.0910363
1.33333,0.0910363
1.33333,0.0910363
1.33333,0.0910363
1.33333,0.0910363
1.33333,0.0910363
1.33333,0.0910363
1.33333,0.0910363
1.33333,0.0910363
2.66667,0.101911
2.66667,0.101911
2.66667,0.101911
2.66667,0.101911
2.66667,0.101911
2.66667,0.101911
2.66667,0.101911
2.66667,0.101911
2.66667,0.101911
2.66667,0.101911
2.66667,0.101911
2.66667,0.101911
2.66667,0.101911
2.66667,0.101911
2.66667,0.101911
2.66667,0.101911
2.66667,0.101911
2.66667,0.101911
2.66667,0.101911
2.66667,0.101911
4,0.101025
4,0.101025
4,0.101025
4,0.101025
4,0.101025
4,0.101025
4,0.101025
4,0.101025
4,0.101025
4,0.101025
4,0.101025
4,0.101025
4,0.101025
4,0.101025
4,0.101025
4,0.101025
4,0.101025
4,0.101025
4,0.101025
4,0.101025
5.33333,0.109674
5.33333,0.109674
5.33333,0.109674
5.33333,0.109674
5.33333,0.109674
5.33333,0.109674
5.33333,0.109674
5.33333,0.109674
5.33333,0.109674
5.33333,0.109674
5.33333,0.109674
5.33333,0.109674
5.33333,0.109674
5.33333,0.109674
5.33333,0.109674
5.33333,0.109674
5.33333,0.109674
5.33333,0.109674
5.33333,0.109674
5.33333,0.109674
6.66667,0.142615
6.66667,0.142615
6.66667,0.142615
6.66667,0.142615
6.66667,0.142615
6.66667,0.142615
6.66667,0.142615
6.66667,0.142615
6.66667,0.142615
6.66667,0.142615
6.66667,0.142615
6.66667,0.142615
6.66667,0.142615
6.66667,0.142615
6.66667,0.142615
6.66667,0.142615
6.66667,0.142615
6.66667,0.142615
6.66667,0.142615
6.66667,0.142615
8,0.173683
8,0.173683
8,0.173683
8,0.173683
8,0.173683
8,0.173683
8,0.173683
8,0.173683
8,0.173683
8,0.173683
8,0.173683
8,0.173683
8,0.173683
8,0.173683
8,0.173683
8,0.173683
8,0.173683
8,0.173683
8,0.173683
8,0.173683
9.33333,0.179686
9.33333,0.179686
9.33333,0.179686
9.33333,0.179686
9.33333,0.179686
9.33333,0.179686
9.33333,0.179686
9.33333,0.179686
9.33333,0.179686
9.33333,0.179686
9.33333,0.179686
9.33333,0.179686
9.33333,0.179686
9.33333,0.179686
9.33333,0.179686
9.33333,0.179686
9.33333,0.179686
9.33333,0.179686
9.33333,0.179686
9.33333,0.179686
10.6667,0.173835
10.6667,0.173835
10.6667,0.173835
10.6667,0.173835
10.6667,0.173835
10.6667,0.173835
10.6667,0.173835
10.6667,0.173835
10.6667,0.173835
10.6667,0.173835
10.6667,0.173835
10.6667,0.173835
10.6667,0.173835
10.6667,0.173835
10.6667,0.173835
10.6667,0.173835
10.6667,0.173835
10.6667,0.173835
10.6667,0.173835
10.6667,0.173835
12,0.165978
12,0.165978
12,0.165978
12,0.165978
12,0.165978
12,0.165978
12,0.165978
12,0.165978
12,0.165978
12,0.165978
12,0.165978
12,0.165978
12,0.165978
12,0.165978
12,0.165978
12,0.165978
12,0.165978
12,0.165978
12,0.165978
12,0.165978
13.3333,0.161323
13.3333,0.161323
13.3333,0.161323
13.3333,0.161323
13.3333,0.161323
13.3333,0.161323
13.3333,0.161323
13.3333,0.161323
13.3333,0.161323
13.3333,0.161323
13.3333,0.161323
13.3333,0.161323
13.3333,0.161323
13.3333,0.161323
13.3333,0.161323
13.3333,0.161323
13.3333,0.161323
13.3333,0.161323
13.3333,0.161323
13.3333,0.161323
14.6667,0.159316
14.6667,0.159316
14.6667,0.159316
14.6667,0.159316
14.6667,0.159316
14.6667,0.159316
14.6667,0.159316
14.6667,0.159316
14.6667,0.159316
14.6667,0.159316
14.6667,0.159316
14.6667,0.159316
14.6667,0.159316
14.6667,0.159316
14.6667,0.159316
14.6667,0.159316
14.6667,0.159316
14.6667,0.159316
14.6667,0.159316
14.6667,0.159316
16,0.159497
16,0.159497
16,0.159497
16,0.159497
16,0.159497
16,0.159497
16,0.159497
16,0.159497
16,0.159497
16,0.159497
16,0.159497
16,0.159497
16,0.159497
16,0.159497
16,0.159497
16,0.159497
16,0.159497
16,0.159497
16,0.159497
16,0.159497
17.3333,0.16057
17.3333,0.16057
17.3333,0.16057
17.3333,0.16057
17.3333,0.16057
17.3333,0.16057
17.3333,0.16057
17.3333,0.16057
17.3333,0.16057
17.3333,0.16057
17.3333,0.16057
17.3333,0.16057
17.3333,0.16057
17.3333,0.16057
17.3333,0.16057
17.3333,0.16057
17.3333,0.16057
17.3333,0.16057
17.3333,0.16057
17.3333,0.16057
18.6667,0.161123
18.6667,0.161123
18.6667,0.161123
18.6667,0.161123
18.6667,0.161123
18.6667,0.161123
18.6667,0.161123
18.6667,0.161123
18.6667,0.161123
18.6667,0.161123
18.6667,0.161123
18.6667,0.161123
18.6667,0.161123
18.6667,0.161123
18.6667,0.161123
18.6667,0.161123
18.6667,0.161123
18.6667,0.161123
18.6667,0.161123
18.6667,0.161123
20,0.156942
20,0.156942
20,0.156942
20,0.156942
20,0.156942
20,0.156942
20,0.156942
20,0.156942
20,0.156942
20,0.156942
20,0.156942
20,0.156942
20,0.156942
20,0.156942
20,0.156942
20,0.156942
20,0.156942
20,0.156942
20,0.156942
20,0.156942
21.3333,0.157475
21.3333,0.157475
21.3333,0.157475
21.3333,0.157475
21.3333,0.157475
21.3333,0.157475
21.3333,0.157475
21.3333,0.157475
21.3333,0.157475
21.3333,0.157475
21.3333,0.157475
21.3333,0.157475
21.3333,0.157475
21.3333,0.157475
21.3333,0.157475
21.3333,0.157475
21.3333,0.157475
21.3333,0.157475
21.3333,0.157475
21.3333,0.157475
22.6667,0.159195
22.6667,0.159195
22.6667,0.159195
22.6667,0.159195
22.6667,0.159195
22.6667,0.159195
22.6667,0.159195
22.6667,0.159195
22.6667,0.159195
22.6667,0.159195
22.6667,0.159195
22.6667,0.159195
22.6667,0.159195
22.6667,0.159195
22.6667,0.159195
22.6667,0.159195
22.6667,0.159195
22.6667,0.159195
22.6667,0.159195
22.6667,0.159195
24,0.164325
24,0.164325
24,0.164325
24,0.164325
24,0.164325
24,0.164325
24,0.164325
24,0.164325
24,0.164325
24,0.164325
24,0.164325
24,0.164325
24,0.164325
24,0.164325
24,0.164325
24,0.164325
24,0.164325
24,0.164325
24,0.164325
24,0.164325
25.3333,0.162596
25.3333,0.162596
25.3333,0.162596
25.3333,0.162596
25.3333,0.162596
25.3333,0.162596
25.3333,0.162596
25.3333,0.162596
25.3333,0.162596
25.3333,0.162596
25.3333,0.162596
25.3333,0.162596
25.3333,0.162596
25.3333,0.162596
25.3333,0.162596
25.3333,0.162596
25.3333,0.162596
25.3333,0.162596
25.3333,0.162596
25.3333,0.162596
26.6667,0.17063
26.6667,0.17063
26.6667,0.17063
26.6667,0.17063
26.6667,0.17063
26.6667,0.17063
26.6667,0.17063
26.6667,0.17063
26.6667,0.17063
26.6667,0.17063
26.6667,0.17063
26.6667,0.17063
26.6667,0.17063
26.6667,0.17063
26.6667,0.17063
26.6667,0.17063
26.6667,0.17063
26.6667,0.17063
26.6667,0.17063
26.6667,0.17063
28,0.186313
28,0.186313
28,0.186313
28,0.186313
28,0.186313
28,0.186313
28,0.186313
28,0.186313
28,0.186313
28,0.186313
28,0.186313
28,0.186313
28,0.186313
28,0.186313
28,0.186313
28,0.186313
28,0.186313
28,0.186313
28,0.186313
28,0.186313
29.3333,0.207901
29.3333,0.207901
29.3333,0.207901
29.3333,0.207901
29.3333,0.207901
29.3333,0.207901
29.3333,0.207901
29.3333,0.207901
29.3333,0.207901
29.3333,0.207901
29.3333,0.207901
29.3333,0.207901
29.3333,0.207901
29.3333,0.207901
29.3333,0.207901
29.3333,0.207901
29.3333,0.207901
29.3333,0.207901
29.3333,0.207901
29.3333,0.207901
30.6667,0.208602
30.6667,0.208602
30.6667,0.208602
30.6667,0.208602
30.6667,0.208602
30.6667,0.208602
30.6667,0.208602
30.6667,0.208602
30.6667,0.208602
30.6667,0.208602
30.6667,0.208602
30.6667,0.208602
30.6667,0.208602
30.6667,0.208602
30.6667,0.208602
30.6667,0.208602
30.6667,0.208602
30.6667,0.208602
30.6667,0.208602
30.6667,0.208602
32,0.208379
32,0.208379
32,0.208379
32,0.208379
32,0.208379
32,0.208379
32,0.208379
32,0.208379
32,0.208379
32,0.208379
32,0.208379
32,0.208379
32,0.208379
32,0.208379
32,0.208379
32,0.208379
32,0.208379
32,0.208379
32,0.208379
32,0.208379
33.3333,0.212357
33.3333,0.212357
33.3333,0.212357
33.3333,0.212357
33.3333,0.212357
33.3333,0.212357
33.3333,0.212357
33.3333,0.212357
33.3333,0.212357
33.3333,0.212357
33.3333,0.212357
33.3333,0.212357
33.3333,0.212357
33.3333,0.212357
33.3333,0.212357
33.3333,0.212357
33.3333,0.212357
33.3333,0.212357
33.3333,0.212357
33.3333,0.212357
34.6667,0.264288
34.6667,0.264288
34.6667,0.264288
34.6667,0.264288
34.6667,0.264288
34.6667,0.264288
34.6667,0.264288
34.6667,0.264288
34.6667,0.264288
34.6667,0.264288
34.6667,0.264288
34.6667,0.264288
34.6667,0.264288
34.6667,0.264288
34.6667,0.264288
34.6667,0.264288
34.6667,0.264288
34.6667,0.264288
34.6667,0.264288
34.6667,0.264288
36,0.283223
36,0.283223
36,0.283223
36,0.283223
36,0.283223
36,0.283223
36,0.283223
36,0.283223
36,0.283223
36,0.283223
36,0.283223
36,0.283223
36,0.283223
36,0.283223
36,0.283223
36,0.283223
36,0.283223
36,0.283223
36,0.283223
36,0.283223
37.3333,0.283478
37.3333,0.283478
37.3333,0.283478
37.3333,0.283478
37.3333,0.283478
37.3333,0.283478
37.3333,0.283478
37.3333,0.283478
37.3333,0.283478
37.3333,0.283478
37.3333,0.283478
37.3333,0.283478
37.3333,0.283478
37.3333,0.283478
37.3333,0.283478
37.3333,0.283478
37.3333,0.283478
37.3333,0.283478
37.3333,0.283478
37.3333,0.283478
38.6667,0.302997
38.6667,0.302997
38.6667,0.302997
38.6667,0.302997
38.6667,0.302997
38.6667,0.302997
38.6667,0.302997
38.6667,0.302997
38.6667,0.302997
38.6667,0.302997
38.6667,0.302997
38.6667,0.302997
38.6667,0.302997
38.6667,0.302997
38.6667,0.302997
38.6667,0.302997
38.6667,0.302997
38.6667,0.302997
38.6667,0.302997
38.6667,0.302997
40,0.334359
40,0.334359
40,0.334359
40,0.334359
40,0.334359
40,0.334359
40,0.334359
40,0.334359
40,0.334359
40,0.334359
40,0.334359
40,0.334359
40,0.334359
40,0.334359
40,0.334359
40,0.334359
40,0.334359
40,0.334359
40,0.334359
40,0.334359
41.3333,0.371254
41.3333,0.371254
41.3333,0.371254
41.3333,0.371254
41.3333,0.371254
41.3333,0.371254
41.3333,0.371254
41.3333,0.371254
41.3333,0.371254
41.3333,0.371254
41.3333,0.371254
41.3333,0.371254
41.3333,0.371254
41.3333,0.371254
41.3333,0.371254
41.3333,0.371254
41.3333,0.371254
41.3333,0.371254
41.3333,0.371254
41.3333,0.371254
42.6667,0.396099
42.6667,0.396099
42.6667,0.396099
42.6667,0.396099
42.6667,0.396099
42.6667,0.396099
42.6667,0.396099
42.6667,0.396099
42.6667,0.396099
42.6667,0.396099
42.6667,0.396099
42.6667,0.396099
42.6667,0.396099
42.6667,0.396099
42.6667,0.396099
42.6667,0.396099
42.6667,0.396099
42.6667,0.396099
42.6667,0.396099
42.6667,0.396099
44,0.414364
44,0.414364
44,0.414364
44,0.414364
44,0.414364
44,0.414364
44,0.414364
44,0.414364
44,0.414364
44,0.414364
44,0.414364
44,0.414364
44,0.414364
44,0.414364
44,0.414364
44,0.414364
44,0.414364
44,0.414364
44,0.414364
44,0.414364
45.3333,0.424235
45.3333,0.424235
45.3333,0.424235
45.3333,0.424235
45.3333,0.424235
45.3333,0.424235
45.3333,0.424235
45.3333,0.424235
45.3333,0.424235
45.3333,0.424235
45.3333,0.424235
45.3333,0.424235
45.3333,0.424235
45.3333,0.424235
45.3333,0.424235
45.3333,0.424235
45.3333,0.424235
45.3333,0.424235
45.3333,0.424235
45.3333,0.424235
46.6667,0.428456
46.6667,0.428456
46.6667,0.428456
46.6667,0.428456
46.6667,0.428456
46.6667,0.428456
46.6667,0.428456
46.6667,0.428456
46.6667,0.428456
46.6667,0.428456
46.6667,0.428456
46.6667,0.428456
46.6667,0.428456
46.6667,0.428456
46.6667,0.428456
46.6667,0.428456
46.6667,0.428456
46.6667,0.428456
46.6667,0.428456
46.6667,0.428456
48,0.418157
48,0.418157
48,0.418157
48,0.418157
48,0.418157
48,0.418157
48,0.418157
48,0.418157
48,0.418157
48,0.418157
48,0.418157
48,0.418157
48,0.418157
48,0.418157
48,0.418157
48,0.418157
48,0.418157
48,0.418157
48,0.418157
48,0.418157
49.3333,0.413086
49.3333,0.413086
49.3333,0.413086
49.3333,0.413086
49.3333,0.413086
49.3333,0.413086
49.3333,0.413086
49.3333,0.413086
49.3333,0.413086
49.3333,0.413086
49.3333,0.413086
49.3333,0.413086
49.3333,0.413086
49.3333,0.413086
49.3333,0.413086
49.3333,0.413086
49.3333,0.413086
49.3333,0.413086
49.3333,0.413086
49.3333,0.413086
50.6667,0.402886
50.6667,0.402886
50.6667,0.402886
50.6667,0.402886
50.6667,0.402886
50.6667,0.402886
50.6667,0.402886
50.6667,0.402886
50.6667,0.402886
50.6667,0.402886
50.6667,0.402886
50.6667,0.402886
50.6667,0.402886
50.6667,0.402886
50.6667,0.402886
50.6667,0.402886
50.6667,0.402886
50.6667,0.402886
50.6667,0.402886
50.6667,0.402886
52,0.389652
52,0.389652
52,0.389652
52,0.389652
52,0.389652
52,0.389652
52,0.389652
52,0.389652
52,0.389652
52,0.389652
52,0.389652
52,0.389652
52,0.389652
52,0.389652
52,0.389652
52,0.389652
52,0.389652
52,0.389652
52,0.389652
52,0.389652
53.3333,0.417193
53.3333,0.417193
53.3333,0.417193
53.3333,0.417193
53.3333,0.417193
53.3333,0.417193
53.3333,0.417193
53.3333,0.417193
53.3333,0.417193
53.3333,0.417193
53.3333,0.417193
53.3333,0.417193
53.3333,0.417193
53.3333,0.417193
53.3333,0.417193
53.3333,0.417193
53.3333,0.417193
53.3333,0.417193
53.3333,0.417193
53.3333,0.417193
54.6667,0.436904
54.6667,0.436904
54.6667,0.436904
54.6667,0.436904
54.6667,0.436904
54.6667,0.436904
54.6667,0.436904
54.6667,0.436904
54.6667,0.436904
54.6667,0.436904
54.6667,0.436904
54.6667,0.436904
54.6667,0.436904
54.6667,0.436904
54.6667,0.436904
54.6667,0.436904
54.6667,0.436904
54.6667,0.436904
54.6667,0.436904
54.6667,0.436904
56,0.442845
56,0.442845
56,0.442845
56,0.442845
56,0.442845
56,0.442845
56,0.442845
56,0.442845
56,0.442845
56,0.442845
56,0.442845
56,0.442845
56,0.442845
56,0.442845
56,0.442845
56,0.442845
56,0.442845
56,0.442845
56,0.442845
56,0.442845
57.3333,0.445114
57.3333,0.445114
57.3333,0.445114
57.3333,0.445114
57.3333,0.445114
57.3333,0.445114
57.3333,0.445114
57.3333,0.445114
57.3333,0.445114
57.3333,0.445114
57.3333,0.445114
57.3333,0.445114
57.3333,0.445114
57.3333,0.445114
57.3333,0.445114
57.3333,0.445114
57.3333,0.445114
57.3333,0.445114
57.3333,0.445114
57.3333,0.445114
58.6667,0.443817
58.6667,0.443817
58.6667,0.443817
58.6667,0.443817
58.6667,0.443817
58.6667,0.443817
58.6667,0.443817
58.6667,0.443817
58.6667,0.443817
58.6667,0.443817
58.6667,0.443817
58.6667,0.443817
58.6667,0.443817
58.6667,0.443817
58.6667,0.443817
58.6667,0.443817
58.6667,0.443817
58.6667,0.443817
58.6667,0.443817
58.6667,0.443817
60,0.450334
60,0.450334
60,0.450334
60,0.450334
60,0.450334
60,0.450334
60,0.450334
60,0.450334
60,0.450334
60,0.450334
60,0.450334
60,0.450334
60,0.450334
60,0.450334
60,0.450334
60,0.450334
60,0.450334
60,0.450334
60,0.450334
60,0.450334
61.3333,0.438354
61.3333,0.438354
61.3333,0.438354
61.3333,0.438354
61.3333,0.438354
61.3333,0.438354
61.3333,0.438354
61.3333,0.438354
61.3333,0.438354
61.3333,0.438354
61.3333,0.438354
61.3333,0.438354
61.3333,0.438354
61.3333,0.438354
61.3333,0.438354
61.3333,0.438354
61.3333,0.438354
61.3333,0.438354
61.3333,0.438354
61.3333,0.438354
62.6667,0.441509
62.6667,0.441509
62.6667,0.441509
62.6667,0.441509
62.6667,0.441509
62.6667,0.441509
62.6667,0.441509
62.6667,0.441509
62.6667,0.441509
62.6667,0.441509
62.6667,0.441509
62.6667,0.441509
62.6667,0.441509
62.6667,0.441509
62.6667,0.441509
62.6667,0.441509
62.6667,0.441509
62.6667,0.441509
62.6667,0.441509
62.6667,0.441509
64,0.441003
64,0.441003
64,0.441003
64,0.441003
64,0.441003
64,0.441003
64,0.441003
64,0.441003
64,0.441003
64,0.441003
64,0.441003
64,0.441003
64,0.441003
64,0.441003
64,0.441003
64,0.441003
64,0.441003
64,0.441003
64,0.441003
64,0.441003
65.3333,0.444511
65.3333,0.444511
65.3333,0.444511
65.3333,0.444511
65.3333,0.444511
65.3333,0.444511
65.3333,0.444511
65.3333,0.444511
65.3333,0.444511
65.3333,0.444511
65.3333,0.444511
65.3333,0.444511
65.3333,0.444511
65.3333,0.444511
65.3333,0.444511
65.3333,0.444511
65.3333,0.444511
65.3333,0.444511
65.3333,0.444511
65.3333,0.444511
66.6667,0.442159
66.6667,0.442159
66.6667,0.442159
66.6667,0.442159
66.6667,0.442159
66.6667,0.442159
66.6667,0.442159
66.6667,0.442159
66.6667,0.442159
66.6667,0.442159
66.6667,0.442159
66.6667,0.442159
66.6667,0.442159
66.6667,0.442159
66.6667,0.442159
66.6667,0.442159
66.6667,0.442159
66.6667,0.442159
66.6667,0.442159
66.6667,0.442159
68,0.43806
68,0.43806
68,0.43806
68,0.43806
68,0.43806
68,0.43806
68,0.43806
68,0.43806
68,0.43806
68,0.43806
68,0.43806
68,0.43806
68,0.43806
68,0.43806
68,0.43806
68,0.43806
68,0.43806
68,0.43806
68,0.43806
68,0.43806
69.3333,0.43681
69.3333,0.43681
69.3333,0.43681
69.3333,0.43681
69.3333,0.43681
69.3333,0.43681
69.3333,0.43681
69.3333,0.43681
69.3333,0.43681
69.3333,0.43681
69.3333,0.43681
69.3333,0.43681
69.3333,0.43681
69.3333,0.43681
69.3333,0.43681
69.3333,0.43681
69.3333,0.43681
69.3333,0.43681
69.3333,0.43681
69.3333,0.43681
70.6667,0.432496
70.6667,0.432496
70.6667,0.432496
70.6667,0.432496
70.6667,0.432496
70.6667,0.432496
70.6667,0.432496
70.6667,0.432496
70.6667,0.432496
70.6667,0.432496
70.6667,0.432496
70.6667,0.432496
70.6667,0.432496
70.6667,0.432496
70.6667,0.432496
70.6667,0.432496
70.6667,0.432496
70.6667,0.432496
70.6667,0.432496
70.6667,0.432496
72,0.438264
72,0.438264
72,0.438264
72,0.438264
72,0.438264
72,0.438264
72,0.438264
72,0.438264
72,0.438264
72,0.438264
72,0.438264
72,0.438264
72,0.438264
72,0.438264
72,0.438264
72,0.438264
72,0.438264
72,0.438264
72,0.438264
72,0.438264
73.3333,0.439001
73.3333,0.439001
73.3333,0.439001
73.3333,0.439001
73.3333,0.439001
73.3333,0.439001
73.3333,0.439001
73.3333,0.439001
73.3333,0.439001
73.3333,0.439001
73.3333,0.439001
73.3333,0.439001
73.3333,0.439001
73.3333,0.439001
73.3333,0.439001
73.3333,0.439001
73.3333,0.439001
73.3333,0.439001
73.3333,0.439001
73.3333,0.439001
74.6667,0.435827
74.6667,0.435827
74.6667,0.435827
74.6667,0.435827
74.6667,0.435827
74.6667,0.435827
74.6667,0.435827
74.6667,0.435827
74.6667,0.435827
74.6667,0.435827
74.6667,0.435827
74.6667,0.435827
74.6667,0.435827
74.6667,0.435827
74.6667,0.435827
74.6667,0.435827
74.6667,0.435827
74.6667,0.435827
74.6667,0.435827
74.6667,0.435827
76,0.438903
76,0.438903
76,0.438903
76,0.438903
76,0.438903
76,0.438903
76,0.438903
76,0.438903
76,0.438903
76,0.438903
76,0.438903
76,0.438903
76,0.438903
76,0.438903
76,0.438903
76,0.438903
76,0.438903
76,0.438903
76,0.438903
76,0.438903
77.3333,0.438746
77.3333,0.438746
77.3333,0.438746
77.3333,0.438746
77.3333,0.438746
77.3333,0.438746
77.3333,0.438746
77.3333,0.438746
77.3333,0.438746
77.3333,0.438746
77.3333,0.438746
77.3333,0.438746
77.3333,0.438746
77.3333,0.438746
77.3333,0.438746
77.3333,0.438746
77.3333,0.438746
77.3333,0.438746
77.3333,0.438746
77.3333,0.438746
78.6667,0.436418
78.6667,0.436418
78.6667,0.436418
78.6667,0.436418
78.6667,0.436418
78.6667,0.436418
78.6667,0.436418
78.6667,0.436418
78.6667,0.436418
78.6667,0.436418
78.6667,0.436418
78.6667,0.436418
78.6667,0.436418
78.6667,0.436418
78.6667,0.436418
78.6667,0.436418
78.6667,0.436418
78.6667,0.436418
78.6667,0.436418
78.6667,0.436418
80,0.431496
80,0.431496
80,0.431496
80,0.431496
80,0.431496
80,0.431496
80,0.431496
80,0.431496
80,0.431496
80,0.431496
80,0.431496
80,0.431496
80,0.431496
80,0.431496
80,0.431496
80,0.431496
80,0.431496
80,0.431496
80,0.431496
80,0.431496
81.3333,0.431003
81.3333,0.431003
81.3333,0.431003
81.3333,0.431003
81.3333,0.431003
81.3333,0.431003
81.3333,0.431003
81.3333,0.431003
81.3333,0.431003
81.3333,0.431003
81.3333,0.431003
81.3333,0.431003
81.3333,0.431003
81.3333,0.431003
81.3333,0.431003
81.3333,0.431003
81.3333,0.431003
81.3333,0.431003
81.3333,0.431003
81.3333,0.431003
82.6667,0.435517
82.6667,0.435517
82.6667,0.435517
82.6667,0.435517
82.6667,0.435517
82.6667,0.435517
82.6667,0.435517
82.6667,0.435517
82.6667,0.435517
82.6667,0.435517
82.6667,0.435517
82.6667,0.435517
82.6667,0.435517
82.6667,0.435517
82.6667,0.435517
82.6667,0.435517
82.6667,0.435517
82.6667,0.435517
82.6667,0.435517
82.6667,0.435517
84,0.430724
84,0.430724
84,0.430724
84,0.430724
84,0.430724
84,0.430724
84,0.430724
84,0.430724
84,0.430724
84,0.430724
84,0.430724
84,0.430724
84,0.430724
84,0.430724
84,0.430724
84,0.430724
84,0.430724
84,0.430724
84,0.430724
84,0.430724
85.3333,0.435885
85.3333,0.435885
85.3333,0.435885
85.3333,0.435885
85.3333,0.435885
85.3333,0.435885
85.3333,0.435885
85.3333,0.435885
85.3333,0.435885
85.3333,0.435885
85.3333,0.435885
85.3333,0.435885
85.3333,0.435885
85.3333,0.435885
85.3333,0.435885
85.3333,0.435885
85.3333,0.435885
85.3333,0.435885
85.3333,0.435885
85.3333,0.435885
86.6667,0.440227
86.6667,0.440227
86.6667,0.440227
86.6667,0.440227
86.6667,0.440227
86.6667,0.440227
86.6667,0.440227
86.6667,0.440227
86.6667,0.440227
86.6667,0.440227
86.6667,0.440227
86.6667,0.440227
86.6667,0.440227
86.6667,0.440227
86.6667,0.440227
86.6667,0.440227
86.6667,0.440227
86.6667,0.440227
86.6667,0.440227
86.6667,0.440227
88,0.432739
88,0.432739
88,0.432739
88,0.432739
88,0.432739
88,0.432739
88,0.432739
88,0.432739
88,0.432739
88,0.432739
88,0.432739
88,0.432739
88,0.432739
88,0.432739
88,0.432739
88,0.432739
88,0.432739
88,0.432739
88,0.432739
88,0.432739
89.3333,0.43192
89.3333,0.43192
89.3333,0.43192
89.3333,0.43192
89.3333,0.43192
89.3333,0.43192
89.3333,0.43192
89.3333,0.43192
89.3333,0.43192
89.3333,0.43192
89.3333,0.43192
89.3333,0.43192
89.3333,0.43192
89.3333,0.43192
89.3333,0.43192
89.3333,0.43192
89.3333,0.43192
89.3333,0.43192
89.3333,0.43192
89.3333,0.43192
90.6667,0.432731
90.6667,0.432731
90.6667,0.432731
90.6667,0.432731
90.6667,0.432731
90.6667,0.432731
90.6667,0.432731
90.6667,0.432731
90.6667,0.432731
90.6667,0.432731
90.6667,0.432731
90.6667,0.432731
90.6667,0.432731
90.6667,0.432731
90.6667,0.432731
90.6667,0.432731
90.6667,0.432731
90.6667,0.432731
90.6667,0.432731
90.6667,0.432731
92,0.423432
92,0.423432
92,0.423432
92,0.423432
92,0.423432
92,0.423432
92,0.423432
92,0.423432
92,0.423432
92,0.423432
92,0.423432
92,0.423432
92,0.423432
92,0.423432
92,0.423432
92,0.423432
92,0.423432
92,0.423432
92,0.423432
92,0.423432
93.3333,0.421096
93.3333,0.421096
93.3333,0.421096
93.3333,0.421096
93.3333,0.421096
93.3333,0.421096
93.3333,0.421096
93.3333,0.421096
93.3333,0.421096
93.3333,0.421096
93.3333,0.421096
93.3333,0.421096
93.3333,0.421096
93.3333,0.421096
93.3333,0.421096
93.3333,0.421096
93.3333,0.421096
93.3333,0.421096
93.3333,0.421096
93.3333,0.421096
94.6667,0.421386
94.6667,0.421386
94.6667,0.421386
94.6667,0.421386
94.6667,0.421386
94.6667,0.421386
94.6667,0.421386
94.6667,0.421386
94.6667,0.421386
94.6667,0.421386
94.6667,0.421386
94.6667,0.421386
94.6667,0.421386
94.6667,0.421386
94.6667,0.421386
94.6667,0.421386
94.6667,0.421386
94.6667,0.421386
94.6667,0.421386
94.6667,0.421386
96,0.439036
96,0.439036
96,0.439036
96,0.439036
96,0.439036
96,0.439036
96,0.439036
96,0.439036
96,0.439036
96,0.439036
96,0.439036
96,0.439036
96,0.439036
96,0.439036
96,0.439036
96,0.439036
96,0.439036
96,0.439036
96,0.439036
96,0.439036
97.3333,0.429329
97.3333,0.429329
97.3333,0.429329
97.3333,0.429329
97.3333,0.429329
97.3333,0.429329
97.3333,0.429329
97.3333,0.429329
97.3333,0.429329
97.3333,0.429329
97.3333,0.429329
97.3333,0.429329
97.3333,0.429329
97.3333,0.429329
97.3333,0.429329
97.3333,0.429329
97.3333,0.429329
97.3333,0.429329
97.3333,0.429329
97.3333,0.429329
98.6667,0.385173
98.6667,0.385173
98.6667,0.385173
98.6667,0.385173
98.6667,0.385173
98.6667,0.385173
98.6667,0.385173
98.6667,0.385173
98.6667,0.385173
98.6667,0.385173
98.6667,0.385173
98.6667,0.385173
98.6667,0.385173
98.6667,0.385173
98.6667,0.385173
98.6667,0.385173
98.6667,0.385173
98.6667,0.385173
98.6667,0.385173
98.6667,0.385173
100,0.350167
100,0.350167
100,0.350167
100,0.350167
100,0.350167
100,0.350167
100,0.350167
100,0.350167
100,0.350167
100,0.350167
100,0.350167
100,0.350167
100,0.350167
100,0.350167
100,0.350167
100,0.350167
100,0.350167
100,0.350167
100,0.350167
100,0.350167
101.333,0.320047
101.333,0.320047
101.333,0.320047
101.333,0.320047
101.333,0.320047
101.333,0.320047
101.333,0.320047
101.333,0.320047
101.333,0.320047
101.333,0.320047
101.333,0.320047
101.333,0.320047
101.333,0.320047
101.333,0.320047
101.333,0.320047
101.333,0.320047
101.333,0.320047
101.333,0.320047
101.333,0.320047
101.333,0.320047
102.667,0.289411
102.667,0.289411
102.667,0.289411
102.667,0.289411
102.667,0.289411
102.667,0.289411
102.667,0.289411
102.667,0.289411
102.667,0.289411
102.667,0.289411
102.667,0.289411
102.667,0.289411
102.667,0.289411
102.667,0.289411
102.667,0.289411
102.667,0.289411
102.667,0.289411
102.667,0.289411
102.667,0.289411
102.667,0.289411
104,0.307664
104,0.307664
104,0.307664
104,0.307664
104,0.307664
104,0.307664
104,0.307664
104,0.307664
104,0.307664
104,0.307664
104,0.307664
104,0.307664
104,0.307664
104,0.307664
104,0.307664
104,0.307664
104,0.307664
104,0.307664
104,0.307664
104,0.307664
105.333,0.335805
105.333,0.335805
105.333,0.335805
105.333,0.335805
105.333,0.335805
105.333,0.335805
105.333,0.335805
105.333,0.335805
105.333,0.335805
105.333,0.335805
105.333,0.335805
105.333,0.335805
105.333,0.335805
105.333,0.335805
105.333,0.335805
105.333,0.335805
105.333,0.335805
105.333,0.335805
105.333,0.335805
105.333,0.335805
106.667,0.339876
106.667,0.339876
106.667,0.339876
106.667,0.339876
106.667,0.339876
106.667,0.339876
106.667,0.339876
106.667,0.339876
106.667,0.339876
106.667,0.339876
106.667,0.339876
106.667,0.339876
106.667,0.339876
106.667,0.339876
106.667,0.339876
106.667,0.339876
106.667,0.339876
106.667,0.339876
106.667,0.339876
106.667,0.339876
108,0.344026
108,0.344026
108,0.344026
108,0.344026
108,0.344026
108,0.344026
108,0.344026
108,0.344026
108,0.344026
108,0.344026
108,0.344026
108,0.344026
108,0.344026
108,0.344026
108,0.344026
108,0.344026
108,0.344026
108,0.344026
108,0.344026
108,0.344026
109.333,0.374624
109.333,0.374624
109.333,0.374624
109.333,0.374624
109.333,0.374624
109.333,0.374624
109.333,0.374624
109.333,0.374624
109.333,0.374624
109.333,0.374624
109.333,0.374624
109.333,0.374624
109.333,0.374624
109.333,0.374624
109.333,0.374624
109.333,0.374624
109.333,0.374624
109.333,0.374624
109.333,0.374624
109.333,0.374624
110.667,0.361802
110.667,0.361802
110.667,0.361802
110.667,0.361802
110.667,0.361802
110.667,0.361802
110.667,0.361802
110.667,0.361802
110.667,0.361802
110.667,0.361802
110.667,0.361802
110.667,0.361802
110.667,0.361802
110.667,0.361802
110.667,0.361802
110.667,0.361802
110.667,0.361802
110.667,0.361802
110.667,0.361802
110.667,0.361802
112,0.34028
112,0.34028
112,0.34028
112,0.34028
112,0.34028
112,0.34028
112,0.34028
112,0.34028
112,0.34028
112,0.34028
112,0.34028
112,0.34028
112,0.34028
112,0.34028
112,0.34028
112,0.34028
112,0.34028
112,0.34028
112,0.34028
112,0.34028
113.333,0.373323
113.333,0.373323
113.333,0.373323
113.333,0.373323
113.333,0.373323
113.333,0.373323
113.333,0.373323
113.333,0.373323
113.333,0.373323
113.333,0.373323
113.333,0.373323
113.333,0.373323
113.333,0.373323
113.333,0.373323
113.333,0.373323
113.333,0.373323
113.333,0.373323
113.333,0.373323
113.333,0.373323
113.333,0.373323
114.667,0.310983
114.667,0.310983
114.667,0.310983
114.667,0.310983
114.667,0.310983
114.667,0.310983
114.667,0.310983
114.667,0.310983
114.667,0.310983
114.667,0.310983
114.667,0.310983
114.667,0.310983
114.667,0.310983
114.667,0.310983
114.667,0.310983
114.667,0.310983
114.667,0.310983
114.667,0.310983
114.667,0.310983
114.667,0.310983
116,0.247856
116,0.247856
116,0.247856
116,0.247856
116,0.247856
116,0.247856
116,0.247856
116,0.247856
116,0.247856
116,0.247856
116,0.247856
116,0.247856
116,0.247856
116,0.247856
116,0.247856
116,0.247856
116,0.247856
116,0.247856
116,0.247856
116,0.247856
117.333,0.202148
117.333,0.202148
117.333,0.202148
117.333,0.202148
117.333,0.202148
117.333,0.202148
117.333,0.202148
117.333,0.202148
117.333,0.202148
117.333,0.202148
117.333,0.202148
117.333,0.202148
117.333,0.202148
117.333,0.202148
117.333,0.202148
117.333,0.202148
117.333,0.202148
117.333,0.202148
117.333,0.202148
117.333,0.202148
118.667,0.20687
118.667,0.20687
118.667,0.20687
118.667,0.20687
118.667,0.20687
118.667,0.20687
118.667,0.20687
118.667,0.20687
118.667,0.20687
118.667,0.20687
118.667,0.20687
118.667,0.20687
118.667,0.20687
118.667,0.20687
118.667,0.20687
118.667,0.20687
118.667,0.20687
118.667,0.20687
118.667,0.20687
118.667,0.20687
120,0.180752
120,0.180752
120,0.180752
120,0.180752
120,0.180752
120,0.180752
120,0.180752
120,0.180752
120,0.180752
120,0.180752
120,0.180752
120,0.180752
120,0.180752
120,0.180752
120,0.180752
120,0.180752
120,0.180752
120,0.180752
120,0.180752
120,0.180752
121.333,0.190647
121.333,0.190647
121.333,0.190647
121.333,0.190647
121.333,0.190647
121.333,0.190647
121.333,0.190647
121.333,0.190647
121.333,0.190647
121.333,0.190647
121.333,0.190647
121.333,0.190647
121.333,0.190647
121.333,0.190647
121.333,0.190647
121.333,0.190647
121.333,0.190647
121.333,0.190647
121.333,0.190647
121.333,0.190647
122.667,0.185678
122.667,0.185678
122.667,0.185678
122.667,0.185678
122.667,0.185678
122.667,0.185678
122.667,0.185678
122.667,0.185678
122.667,0.185678
122.667,0.185678
122.667,0.185678
122.667,0.185678
122.667,0.185678
122.667,0.185678
122.667,0.185678
122.667,0.185678
122.667,0.185678
122.667,0.185678
122.667,0.185678
122.667,0.185678
124,0.123546
124,0.123546
124,0.123546
124,0.123546
124,0.123546
124,0.123546
124,0.123546
124,0.123546
124,0.123546
124,0.123546
124,0.123546
124,0.123546
124,0.123546
124,0.123546
124,0.123546
124,0.123546
124,0.123546
124,0.123546
124,0.123546
124,0.123546
125.333,0.171265
125.333,0.171265
125.333,0.171265
125.333,0.171265
125.333,0.171265
125.333,0.171265
125.333,0.171265
125.333,0.171265
125.333,0.171265
125.333,0.171265
125.333,0.171265
125.333,0.171265
125.333,0.171265
125.333,0.171265
125.333,0.171265
125.333,0.171265
125.333,0.171265
125.333,0.171265
125.333,0.171265
125.333,0.171265
126.667,0.204339
126.667,0.204339
126.667,0.204339
126.667,0.204339
126.667,0.204339
126.667,0.204339
126.667,0.204339
126.667,0.204339
126.667,0.204339
126.667,0.204339
126.667,0.204339
126.667,0.204339
126.667,0.204339
126.667,0.204339
126.667,0.204339
126.667,0.204339
126.667,0.204339
126.667,0.204339
126.667,0.204339
126.667,0.204339
128,0.157239
128,0.157239
128,0.157239
128,0.157239
128,0.157239
128,0.157239
128,0.157239
128,0.157239
128,0.157239
128,0.157239
128,0.157239
128,0.157239
128,0.157239
128,0.157239
128,0.157239
128,0.157239
128,0.157239
128,0.157239
128,0.157239
128,0.157239
129.333,0.106844
129.333,0.106844
129.333,0.106844
129.333,0.106844
129.333,0.106844
129.333,0.106844
129.333,0.106844
129.333,0.106844
129.333,0.106844
129.333,0.106844
129.333,0.106844
129.333,0.106844
129.333,0.106844
129.333,0.106844
129.333,0.106844
129.333,0.106844
129.333,0.106844
129.333,0.106844
129.333,0.106844
129.333,0.106844
130.667,0.0294454
130.667,0.0294454
130.667,0.0294454
130.667,0.0294454
130.667,0.0294454
130.667,0.0294454
130.667,0.0294454
130.667,0.0294454
130.667,0.0294454
130.667,0.0294454
130.667,0.0294454
130.667,0.0294454
130.667,0.0294454
130.667,0.0294454
130.667,0.0294454
130.667,0.0294454
130.667,0.0294454
130.667,0.0294454
130.667,0.0294454
130.667,0.0294454
132,0.0011717
132,0.0011717
132,0.0011717
132,0.0011717
132,0.0011717
132,0.0011717
132,0.0011717
132,0.0011717
132,0.0011717
132,0.0011717
132,0.0011717
132,0.0011717
132,0.0011717
132,0.0011717
132,0.0011717
132,0.0011717
132,0.0011717
132,0.0011717
132,0.0011717
132,0.0011717
133.333,0.00447912
133.333,0.00447912
133.333,0.00447912
133.333,0.00447912
133.333,0.00447912
133.333,0.00447912
133.333,0.00447912
133.333,0.00447912
133.333,0.00447912
133.333,0.00447912
133.333,0.00447912
133.333,0.00447912
133.333,0.00447912
133.333,0.00447912
133.333,0.00447912
133.333,0.00447912
133.333,0.00447912
133.333,0.00447912
133.333,0.00447912
133.333,0.00447912
134.667,0.209257
134.667,0.209257
134.667,0.209257
134.667,0.209257
134.667,0.209257
134.667,0.209257
134.667,0.209257
134.667,0.209257
134.667,0.209257
134.667,0.209257
134.667,0.209257
134.667,0.209257
134.667,0.209257
134.667,0.209257
134.667,0.209257
134.667,0.209257
134.667,0.209257
134.667,0.209257
134.667,0.209257
134.667,0.209257
136,0.135244
136,0.135244
136,0.135244
136,0.135244
136,0.135244
136,0.135244
136,0.135244
136,0.135244
136,0.135244
136,0.135244
136,0.135244
136,0.135244
136,0.135244
136,0.135244
136,0.135244
136,0.135244
136,0.135244
136,0.135244
136,0.135244
136,0.135244
137.333,0.0336777
137.333,0.0336777
137.333,0.0336777
137.333,0.0336777
137.333,0.0336777
137.333,0.0336777
137.333,0.0336777
137.333,0.0336777
137.333,0.0336777
137.333,0.0336777
137.333,0.0336777
137.333,0.0336777
137.333,0.0336777
137.333,0.0336777
137.333,0.0336777
137.333,0.0336777
137.333,0.0336777
137.333,0.0336777
137.333,0.0336777
137.333,0.0336777
138.667,0.00561947
138.667,0.00561947
138.667,0.00561947
138.667,0.00561947
138.667,0.00561947
138.667,0.00561947
138.667,0.00561947
138.667,0.00561947
138.667,0.00561947
138.667,0.00561947
138.667,0.00561947
138.667,0.00561947
138.667,0.00561947
138.667,0.00561947
138.667,0.00561947
138.667,0.00561947
138.667,0.00561947
138.667,0.00561947
138.667,0.00561947
138.667,0.00561947
140,0.00608972
140,0.00608972
140,0.00608972
140,0.00608972
140,0.00608972
140,0.00608972
140,0.00608972
140,0.00608972
140,0.00608972
140,0.00608972
140,0.00608972
140,0.00608972
140,0.00608972
140,0.00608972
140,0.00608972
140,0.00608972
140,0.00608972
140,0.00608972
140,0.00608972
140,0.00608972
141.333,0.0726574
141.333,0.0726574
141.333,0.0726574
141.333,0.0726574
141.333,0.0726574
141.333,0.0726574
141.333,0.0726574
141.333,0.0726574
141.333,0.0726574
141.333,0.0726574
141.333,0.0726574
141.333,0.0726574
141.333,0.0726574
141.333,0.0726574
141.333,0.0726574
141.333,0.0726574
141.333,0.0726574
141.333,0.0726574
141.333,0.0726574
141.333,0.0726574
142.667,0.184224
142.667,0.184224
142.667,0.184224
142.667,0.184224
142.667,0.184224
142.667,0.184224
142.667,0.184224
142.667,0.184224
142.667,0.184224
142.667,0.184224
142.667,0.184224
142.667,0.184224
142.667,0.184224
142.667,0.184224
142.667,0.184224
142.667,0.184224
142.667,0.184224
142.667,0.184224
142.667,0.184224
142.667,0.184224
144,0.206541
144,0.206541
144,0.206541
144,0.206541
144,0.206541
144,0.206541
144,0.206541
144,0.206541
144,0.206541
144,0.206541
144,0.206541
144,0.206541
144,0.206541
144,0.206541
144,0.206541
144,0.206541
144,0.206541
144,0.206541
144,0.206541
144,0.206541
145.333,0.10001
145.333,0.10001
145.333,0.10001
145.333,0.10001
145.333,0.10001
145.333,0.10001
145.333,0.10001
145.333,0.10001
145.333,0.10001
145.333,0.10001
145.333,0.10001
145.333,0.10001
145.333,0.10001
145.333,0.10001
145.333,0.10001
145.333,0.10001
145.333,0.10001
145.333,0.10001
145.333,0.10001
145.333,0.10001
146.667,0.00923255
146.667,0.00923255
146.667,0.00923255
146.667,0.00923255
146.667,0.00923255
146.667,0.00923255
146.667,0.00923255
146.667,0.00923255
146.667,0.00923255
146.667,0.00923255
146.667,0.00923255
146.667,0.00923255
146.667,0.00923255
146.667,0.00923255
146.667,0.00923255
146.667,0.00923255
146.667,0.00923255
146.667,0.00923255
146.667,0.00923255
146.667,0.00923255
148,0.00135588
148,0.00135588
148,0.00135588
148,0.00135588
148,0.00135588
148,0.00135588
148,0.00135588
148,0.00135588
148,0.00135588
148,0.00135588
148,0.00135588
148,0.00135588
148,0.00135588
148,0.00135588
148,0.00135588
148,0.00135588
148,0.00135588
148,0.00135588
148,0.00135588
148,0.00135588
149.333,0.00182221
149.333,0.00182221
149.333,0.00182221
149.333,0.00182221
149.333,0.00182221
149.333,0.00182221
149.333,0.00182221
149.333,0.00182221
149.333,0.00182221
149.333,0.00182221
149.333,0.00182221
149.333,0.00182221
149.333,0.00182221
149.333,0.00182221
149.333,0.00182221
149.333,0.00182221
149.333,0.00182221
149.333,0.00182221
149.333,0.00182221
149.333,0.00182221
150.667,0.00188883
150.667,0.00188883
150.667,0.00188883
150.667,0.00188883
150.667,0.00188883
150.667,0.00188883
150.667,0.00188883
150.667,0.00188883
150.667,0.00188883
150.667,0.00188883
150.667,0.00188883
150.667,0.00188883
150.667,0.00188883
150.667,0.00188883
150.667,0.00188883
150.667,0.00188883
150.667,0.00188883
150.667,0.00188883
150.667,0.00188883
150.667,0.00188883
152,0.0582874
152,0.0582874
152,0.0582874
152,0.0582874
152,0.0582874
152,0.0582874
152,0.0582874
152,0.0582874
152,0.0582874
152,0.0582874
152,0.0582874
152,0.0582874
152,0.0582874
152,0.0582874
152,0.0582874
152,0.0582874
152,0.0582874
152,0.0582874
152,0.0582874
152,0.0582874
153.333,0.0699926
153.333,0.0699926
153.333,0.0699926
153.333,0.0699926
153.333,0.0699926
153.333,0.0699926
153.333,0.0699926
153.333,0.0699926
153.333,0.0699926
153.333,0.0699926
153.333,0.0699926
153.333,0.0699926
153.333,0.0699926
153.333,0.0699926
153.333,0.0699926
153.333,0.0699926
153.333,0.0699926
153.333,0.0699926
153.333,0.0699926
153.333,0.0699926
154.667,0.0318476
154.667,0.0318476
154.667,0.0318476
154.667,0.0318476
154.667,0.0318476
154.667,0.0318476
154.667,0.0318476
154.667,0.0318476
154.667,0.0318476
154.667,0.0318476
154.667,0.0318476
154.667,0.0318476
154.667,0.0318476
154.667,0.0318476
154.667,0.0318476
154.667,0.0318476
154.667,0.0318476
154.667,0.0318476
154.667,0.0318476
154.667,0.0318476
156,0.013167
156,0.013167
156,0.013167
156,0.013167
156,0.013167
156,0.013167
156,0.013167
156,0.013167
156,0.013167
156,0.013167
156,0.013167
156,0.013167
156,0.013167
156,0.013167
156,0.013167
156,0.013167
156,0.013167
156,0.013167
156,0.013167
156,0.013167
157.333,0.00586244
157.333,0.00586244
157.333,0.00586244
157.333,0.00586244
157.333,0.00586244
157.333,0.00586244
157.333,0.00586244
157.333,0.00586244
157.333,0.00586244
157.333,0.00586244
157.333,0.00586244
157.333,0.00586244
157.333,0.00586244
157.333,0.00586244
157.333,0.00586244
157.333,0.00586244
157.333,0.00586244
157.333,0.00586244
157.333,0.00586244
157.333,0.00586244
158.667,0.00503558
158.667,0.00503558
158.667,0.00503558
158.667,0.00503558
158.667,0.00503558
158.667,0.00503558
158.667,0.00503558
158.667,0.00503558
158.667,0.00503558
158.667,0.00503558
158.667,0.00503558
158.667,0.00503558
158.667,0.00503558
158.667,0.00503558
158.667,0.00503558
158.667,0.00503558
158.667,0.00503558
158.667,0.00503558
158.667,0.00503558
158.667,0.00503558
160,0.0649766
160,0.0649766
160,0.0649766
160,0.0649766
160,0.0649766
160,0.0649766
160,0.0649766
160,0.0649766
160,0.0649766
160,0.0649766
160,0.0649766
160,0.0649766
160,0.0649766
160,0.0649766
160,0.0649766
160,0.0649766
160,0.0649766
160,0.0649766
160,0.0649766
160,0.0649766
161.333,0.0196995
161.333,0.0196995
161.333,0.0196995
161.333,0.0196995
161.333,0.0196995
161.333,0.0196995
161.333,0.0196995
161.333,0.0196995
161.333,0.0196995
161.333,0.0196995
161.333,0.0196995
161.333,0.0196995
161.333,0.0196995
161.333,0.0196995
161.333,0.0196995
161.333,0.0196995
161.333,0.0196995
161.333,0.0196995
161.333,0.0196995
161.333,0.0196995
162.667,0.0404453
162.667,0.0404453
162.667,0.0404453
162.667,0.0404453
162.667,0.0404453
162.667,0.0404453
162.667,0.0404453
162.667,0.0404453
162.667,0.0404453
162.667,0.0404453
162.667,0.0404453
162.667,0.0404453
162.667,0.0404453
162.667,0.0404453
162.667,0.0404453
162.667,0.0404453
162.667,0.0404453
162.667,0.0404453
162.667,0.0404453
162.667,0.0404453
164,0.0413976
164,0.0413976
164,0.0413976
164,0.0413976
164,0.0413976
164,0.0413976
164,0.0413976
164,0.0413976
164,0.0413976
164,0.0413976
164,0.0413976
164,0.0413976
164,0.0413976
164,0.0413976
164,0.0413976
164,0.0413976
164,0.0413976
164,0.0413976
164,0.0413976
164,0.0413976
165.333,0.00622688
165.333,0.00622688
165.333,0.00622688
165.333,0.00622688
165.333,0.00622688
165.333,0.00622688
165.333,0.00622688
165.333,0.00622688
165.333,0.00622688
165.333,0.00622688
165.333,0.00622688
165.333,0.00622688
165.333,0.00622688
165.333,0.00622688
165.333,0.00622688
165.333,0.00622688
165.333,0.00622688
165.333,0.00622688
165.333,0.00622688
165.333,0.00622688
166.667,0.0110861
166.667,0.0110861
166.667,0.0110861
166.667,0.0110861
166.667,0.0110861
166.667,0.0110861
166.667,0.0110861
166.667,0.0110861
166.667,0.0110861
166.667,0.0110861
166.667,0.0110861
166.667,0.0110861
166.667,0.0110861
166.667,0.0110861
166.667,0.0110861
166.667,0.0110861
166.667,0.0110861
166.667,0.0110861
166.667,0.0110861
166.667,0.0110861
168,0.0592279
168,0.0592279
168,0.0592279
168,0.0592279
168,0.0592279
168,0.0592279
168,0.0592279
168,0.0592279
168,0.0592279
168,0.0592279
168,0.0592279
168,0.0592279
168,0.0592279
168,0.0592279
168,0.0592279
168,0.0592279
168,0.0592279
168,0.0592279
168,0.0592279
168,0.0592279
169.333,0.0719442
169.333,0.0719442
169.333,0.0719442
169.333,0.0719442
169.333,0.0719442
169.333,0.0719442
169.333,0.0719442
169.333,0.0719442
169.333,0.0719442
169.333,0.0719442
169.333,0.0719442
169.333,0.0719442
169.333,0.0719442
169.333,0.0719442
169.333,0.0719442
169.333,0.0719442
169.333,0.0719442
169.333,0.0719442
169.333,0.0719442
169.333,0.0719442
170.667,0.0111371
170.667,0.0111371
170.667,0.0111371
170.667,0.0111371
170.667,0.0111371
170.667,0.0111371
170.667,0.0111371
170.667,0.0111371
170.667,0.0111371
170.667,0.0111371
170.667,0.0111371
170.667,0.0111371
170.667,0.0111371
170.667,0.0111371
170.667,0.0111371
170.667,0.0111371
170.667,0.0111371
170.667,0.0111371
170.667,0.0111371
170.667,0.0111371
172,0.00184573
172,0.00184573
172,0.00184573
172,0.00184573
172,0.00184573
172,0.00184573
172,0.00184573
172,0.00184573
172,0.00184573
172,0.00184573
172,0.00184573
172,0.00184573
172,0.00184573
172,0.00184573
172,0.00184573
172,0.00184573
172,0.00184573
172,0.00184573
172,0.00184573
172,0.00184573
173.333,0.00174776
173.333,0.00174776
173.333,0.00174776
173.333,0.00174776
173.333,0.00174776
173.333,0.00174776
173.333,0.00174776
173.333,0.00174776
173.333,0.00174776
173.333,0.00174776
173.333,0.00174776
173.333,0.00174776
173.333,0.00174776
173.333,0.00174776
173.333,0.00174776
173.333,0.00174776
173.333,0.00174776
173.333,0.00174776
173.333,0.00174776
173.333,0.00174776
174.667,0.00187708
174.667,0.00187708
174.667,0.00187708
174.667,0.00187708
174.667,0.00187708
174.667,0.00187708
174.667,0.00187708
174.667,0.00187708
174.667,0.00187708
174.667,0.00187708
174.667,0.00187708
174.667,0.00187708
174.667,0.00187708
174.667,0.00187708
174.667,0.00187708
174.667,0.00187708
174.667,0.00187708
174.667,0.00187708
174.667,0.00187708
174.667,0.00187708
176,0.0717404
176,0.0717404
176,0.0717404
176,0.0717404
176,0.0717404
176,0.0717404
176,0.0717404
176,0.0717404
176,0.0717404
176,0.0717404
176,0.0717404
176,0.0717404
176,0.0717404
176,0.0717404
176,0.0717404
176,0.0717404
176,0.0717404
176,0.0717404
176,0.0717404
176,0.0717404
177.333,0.142842
177.333,0.142842
177.333,0.142842
177.333,0.142842
177.333,0.142842
177.333,0.142842
177.333,0.142842
177.333,0.142842
177.333,0.142842
177.333,0.142842
177.333,0.142842
177.333,0.142842
177.333,0.142842
177.333,0.142842
177.333,0.142842
177.333,0.142842
177.333,0.142842
177.333,0.142842
177.333,0.142842
177.333,0.142842
178.667,0.111774
178.667,0.111774
178.667,0.111774
178.667,0.111774
178.667,0.111774
178.667,0.111774
178.667,0.111774
178.667,0.111774
178.667,0.111774
178.667,0.111774
178.667,0.111774
178.667,0.111774
178.667,0.111774
178.667,0.111774
178.667,0.111774
178.667,0.111774
178.667,0.111774
178.667,0.111774
178.667,0.111774
178.667,0.111774
180,0.0376003
180,0.0376003
180,0.0376003
180,0.0376003
180,0.0376003
180,0.0376003
180,0.0376003
180,0.0376003
180,0.0376003
180,0.0376003
180,0.0376003
180,0.0376003
180,0.0376003
180,0.0376003
180,0.0376003
180,0.0376003
180,0.0376003
180,0.0376003
180,0.0376003
180,0.0376003
181.333,0.0362405
181.333,0.0362405
181.333,0.0362405
181.333,0.0362405
181.333,0.0362405
181.333,0.0362405
181.333,0.0362405
181.333,0.0362405
181.333,0.0362405
181.333,0.0362405
181.333,0.0362405
181.333,0.0362405
181.333,0.0362405
181.333,0.0362405
181.333,0.0362405
181.333,0.0362405
181.333,0.0362405
181.333,0.0362405
181.333,0.0362405
181.333,0.0362405
182.667,0.0785277
182.667,0.0785277
182.667,0.0785277
182.667,0.0785277
182.667,0.0785277
182.667,0.0785277
182.667,0.0785277
182.667,0.0785277
182.667,0.0785277
182.667,0.0785277
182.667,0.0785277
182.667,0.0785277
182.667,0.0785277
182.667,0.0785277
182.667,0.0785277
182.667,0.0785277
182.667,0.0785277
182.667,0.0785277
182.667,0.0785277
182.667,0.0785277
184,0.0918514
184,0.0918514
184,0.0918514
184,0.0918514
184,0.0918514
184,0.0918514
184,0.0918514
184,0.0918514
184,0.0918514
184,0.0918514
184,0.0918514
184,0.0918514
184,0.0918514
184,0.0918514
184,0.0918514
184,0.0918514
184,0.0918514
184,0.0918514
184,0.0918514
184,0.0918514
185.333,0.0969771
185.333,0.0969771
185.333,0.0969771
185.333,0.0969771
185.333,0.0969771
185.333,0.0969771
185.333,0.0969771
185.333,0.0969771
185.333,0.0969771
185.333,0.0969771
185.333,0.0969771
185.333,0.0969771
185.333,0.0969771
185.333,0.0969771
185.333,0.0969771
185.333,0.0969771
185.333,0.0969771
185.333,0.0969771
185.333,0.0969771
185.333,0.0969771
186.667,0.0981801
186.667,0.0981801
186.667,0.0981801
186.667,0.0981801
186.667,0.0981801
186.667,0.0981801
186.667,0.0981801
186.667,0.0981801
186.667,0.0981801
186.667,0.0981801
186.667,0.0981801
186.667,0.0981801
186.667,0.0981801
186.667,0.0981801
186.667,0.0981801
186.667,0.0981801
186.667,0.0981801
186.667,0.0981801
186.667,0.0981801
186.667,0.0981801
188,0.099536
188,0.099536
188,0.099536
188,0.099536
188,0.099536
188,0.099536
188,0.099536
188,0.099536
188,0.099536
188,0.099536
188,0.099536
188,0.099536
188,0.099536
188,0.099536
188,0.099536
188,0.099536
188,0.099536
188,0.099536
188,0.099536
188,0.099536
189.333,0.101695
189.333,0.101695
189.333,0.101695
189.333,0.101695
189.333,0.101695
189.333,0.101695
189.333,0.101695
189.333,0.101695
189.333,0.101695
189.333,0.101695
189.333,0.101695
189.333,0.101695
189.333,0.101695
189.333,0.101695
189.333,0.101695
189.333,0.101695
189.333,0.101695
189.333,0.101695
189.333,0.101695
189.333,0.101695
190.667,0.100853
190.667,0.100853
190.667,0.100853
190.667,0.100853
190.667,0.100853
190.667,0.100853
190.667,0.100853
190.667,0.100853
190.667,0.100853
190.667,0.100853
190.667,0.100853
190.667,0.100853
190.667,0.100853
190.667,0.100853
190.667,0.100853
190.667,0.100853
190.667,0.100853
190.667,0.100853
190.667,0.100853
190.667,0.100853
192,0.106821
192,0.106821
192,0.106821
192,0.106821
192,0.106821
192,0.106821
192,0.106821
192,0.106821
192,0.106821
192,0.106821
192,0.106821
192,0.106821
192,0.106821
192,0.106821
192,0.106821
192,0.106821
192,0.106821
192,0.106821
192,0.106821
192,0.106821
193.333,0.10686
193.333,0.10686
193.333,0.10686
193.333,0.10686
193.333,0.10686
193.333,0.10686
193.333,0.10686
193.333,0.10686
193.333,0.10686
193.333,0.10686
193.333,0.10686
193.333,0.10686
193.333,0.10686
193.333,0.10686
193.333,0.10686
193.333,0.10686
193.333,0.10686
193.333,0.10686
193.333,0.10686
193.333,0.10686
194.667,0.104689
194.667,0.104689
194.667,0.104689
194.667,0.104689
194.667,0.104689
194.667,0.104689
194.667,0.104689
194.667,0.104689
194.667,0.104689
194.667,0.104689
194.667,0.104689
194.667,0.104689
194.667,0.104689
194.667,0.104689
194.667,0.104689
194.667,0.104689
194.667,0.104689
194.667,0.104689
194.667,0.104689
194.667,0.104689
196,0.111955
196,0.111955
196,0.111955
196,0.111955
196,0.111955
196,0.111955
196,0.111955
196,0.111955
196,0.111955
196,0.111955
196,0.111955
196,0.111955
196,0.111955
196,0.111955
196,0.111955
196,0.111955
196,0.111955
196,0.111955
196,0.111955
196,0.111955
197.333,0.146835
197.333,0.146835
197.333,0.146835
197.333,0.146835
197.333,0.146835
197.333,0.146835
197.333,0.146835
197.333,0.146835
197.333,0.146835
197.333,0.146835
197.333,0.146835
197.333,0.146835
197.333,0.146835
197.333,0.146835
197.333,0.146835
197.333,0.146835
197.333,0.146835
197.333,0.146835
197.333,0.146835
197.333,0.146835
198.667,0.18578
198.667,0.18578
198.667,0.18578
198.667,0.18578
198.667,0.18578
198.667,0.18578
198.667,0.18578
198.667,0.18578
198.667,0.18578
198.667,0.18578
198.667,0.18578
198.667,0.18578
198.667,0.18578
198.667,0.18578
198.667,0.18578
198.667,0.18578
198.667,0.18578
198.667,0.18578
198.667,0.18578
198.667,0.18578
200,0.271553
200,0.271553
200,0.271553
200,0.271553
200,0.271553
200,0.271553
200,0.271553
200,0.271553
200,0.271553
200,0.271553
200,0.271553
200,0.271553
200,0.271553
200,0.271553
200,0.271553
200,0.271553
200,0.271553
200,0.271553
200,0.271553
200,0.271553
201.333,0.316744
201.333,0.316744
201.333,0.316744
201.333,0.316744
201.333,0.316744
201.333,0.316744
201.333,0.316744
201.333,0.316744
201.333,0.316744
201.333,0.316744
201.333,0.316744
201.333,0.316744
201.333,0.316744
201.333,0.316744
201.333,0.316744
201.333,0.316744
201.333,0.316744
201.333,0.316744
201.333,0.316744
201.333,0.316744
202.667,0.31172
202.667,0.31172
202.667,0.31172
202.667,0.31172
202.667,0.31172
202.667,0.31172
202.667,0.31172
202.667,0.31172
202.667,0.31172
202.667,0.31172
202.667,0.31172
202.667,0.31172
202.667,0.31172
202.667,0.31172
202.667,0.31172
202.667,0.31172
202.667,0.31172
202.667,0.31172
202.667,0.31172
202.667,0.31172
204,0.322352
204,0.322352
204,0.322352
204,0.322352
204,0.322352
204,0.322352
204,0.322352
204,0.322352
204,0.322352
204,0.322352
204,0.322352
204,0.322352
204,0.322352
204,0.322352
204,0.322352
204,0.322352
204,0.322352
204,0.322352
204,0.322352
204,0.322352
205.333,0.355351
205.333,0.355351
205.333,0.355351
205.333,0.355351
205.333,0.355351
205.333,0.355351
205.333,0.355351
205.333,0.355351
205.333,0.355351
205.333,0.355351
205.333,0.355351
205.333,0.355351
205.333,0.355351
205.333,0.355351
205.333,0.355351
205.333,0.355351
205.333,0.355351
205.333,0.355351
205.333,0.355351
205.333,0.355351
206.667,0.368812
206.667,0.368812
206.667,0.368812
206.667,0.368812
206.667,0.368812
206.667,0.368812
206.667,0.368812
206.667,0.368812
206.667,0.368812
206.667,0.368812
206.667,0.368812
206.667,0.368812
206.667,0.368812
206.667,0.368812
206.667,0.368812
206.667,0.368812
206.667,0.368812
206.667,0.368812
206.667,0.368812
206.667,0.368812
208,0.348302
208,0.348302
208,0.348302
208,0.348302
208,0.348302
208,0.348302
208,0.348302
208,0.348302
208,0.348302
208,0.348302
208,0.348302
208,0.348302
208,0.348302
208,0.348302
208,0.348302
208,0.348302
208,0.348302
208,0.348302
208,0.348302
208,0.348302
209.333,0.355108
209.333,0.355108
209.333,0.355108
209.333,0.355108
209.333,0.355108
209.333,0.355108
209.333,0.355108
209.333,0.355108
209.333,0.355108
209.333,0.355108
209.333,0.355108
209.333,0.355108
209.333,0.355108
209.333,0.355108
209.333,0.355108
209.333,0.355108
209.333,0.355108
209.333,0.355108
209.333,0.355108
209.333,0.355108
210.667,0.368275
210.667,0.368275
210.667,0.368275
210.667,0.368275
210.667,0.368275
210.667,0.368275
210.667,0.368275
210.667,0.368275
210.667,0.368275
210.667,0.368275
210.667,0.368275
210.667,0.368275
210.667,0.368275
210.667,0.368275
210.667,0.368275
210.667,0.368275
210.667,0.368275
210.667,0.368275
210.667,0.368275
210.667,0.368275
212,0.376991
212,0.376991
212,0.376991
212,0.376991
212,0.376991
212,0.376991
212,0.376991
212,0.376991
212,0.376991
212,0.376991
212,0.376991
212,0.376991
212,0.376991
212,0.376991
212,0.376991
212,0.376991
212,0.376991
212,0.376991
212,0.376991
212,0.376991
213.333,0.401953
213.333,0.401953
213.333,0.401953
213.333,0.401953
213.333,0.401953
213.333,0.401953
213.333,0.401953
213.333,0.401953
213.333,0.401953
213.333,0.401953
213.333,0.401953
213.333,0.401953
213.333,0.401953
213.333,0.401953
213.333,0.401953
213.333,0.401953
213.333,0.401953
213.333,0.401953
213.333,0.401953
213.333,0.401953
214.667,0.411511
214.667,0.411511
214.667,0.411511
214.667,0.411511
214.667,0.411511
214.667,0.411511
214.667,0.411511
214.667,0.411511
214.667,0.411511
214.667,0.411511
214.667,0.411511
214.667,0.411511
214.667,0.411511
214.667,0.411511
214.667,0.411511
214.667,0.411511
214.667,0.411511
214.667,0.411511
214.667,0.411511
214.667,0.411511
216,0.413459
216,0.413459
216,0.413459
216,0.413459
216,0.413459
216,0.413459
216,0.413459
216,0.413459
216,0.413459
216,0.413459
216,0.413459
216,0.413459
216,0.413459
216,0.413459
216,0.413459
216,0.413459
216,0.413459
216,0.413459
216,0.413459
216,0.413459
217.333,0.412737
217.333,0.412737
217.333,0.412737
217.333,0.412737
217.333,0.412737
217.333,0.412737
217.333,0.412737
217.333,0.412737
217.333,0.412737
217.333,0.412737
217.333,0.412737
217.333,0.412737
217.333,0.412737
217.333,0.412737
217.333,0.412737
217.333,0.412737
217.333,0.412737
217.333,0.412737
217.333,0.412737
217.333,0.412737
218.667,0.419764
218.667,0.419764
218.667,0.419764
218.667,0.419764
218.667,0.419764
218.667,0.419764
218.667,0.419764
218.667,0.419764
218.667,0.419764
218.667,0.419764
218.667,0.419764
218.667,0.419764
218.667,0.419764
218.667,0.419764
218.667,0.419764
218.667,0.419764
218.667,0.419764
218.667,0.419764
218.667,0.419764
218.667,0.419764
220,0.408748
220,0.408748
220,0.408748
220,0.408748
220,0.408748
220,0.408748
220,0.408748
220,0.408748
220,0.408748
220,0.408748
220,0.408748
220,0.408748
220,0.408748
220,0.408748
220,0.408748
220,0.408748
220,0.408748
220,0.408748
220,0.408748
220,0.408748
221.333,0.400413
221.333,0.400413
221.333,0.400413
221.333,0.400413
221.333,0.400413
221.333,0.400413
221.333,0.400413
221.333,0.400413
221.333,0.400413
221.333,0.400413
221.333,0.400413
221.333,0.400413
221.333,0.400413
221.333,0.400413
221.333,0.400413
221.333,0.400413
221.333,0.400413
221.333,0.400413
221.333,0.400413
221.333,0.400413
222.667,0.404226
222.667,0.404226
222.667,0.404226
222.667,0.404226
222.667,0.404226
222.667,0.404226
222.667,0.404226
222.667,0.404226
222.667,0.404226
222.667,0.404226
222.667,0.404226
222.667,0.404226
222.667,0.404226
222.667,0.404226
222.667,0.404226
222.667,0.404226
222.667,0.404226
222.667,0.404226
222.667,0.404226
222.667,0.404226
224,0.401467
224,0.401467
224,0.401467
224,0.401467
224,0.401467
224,0.401467
224,0.401467
224,0.401467
224,0.401467
224,0.401467
224,0.401467
224,0.401467
224,0.401467
224,0.401467
224,0.401467
224,0.401467
224,0.401467
224,0.401467
224,0.401467
224,0.401467
225.333,0.412761
225.333,0.412761
225.333,0.412761
225.333,0.412761
225.333,0.412761
225.333,0.412761
225.333,0.412761
225.333,0.412761
225.333,0.412761
225.333,0.412761
225.333,0.412761
225.333,0.412761
225.333,0.412761
225.333,0.412761
225.333,0.412761
225.333,0.412761
225.333,0.412761
225.333,0.412761
225.333,0.412761
225.333,0.412761
226.667,0.41088
226.667,0.41088
226.667,0.41088
226.667,0.41088
226.667,0.41088
226.667,0.41088
226.667,0.41088
226.667,0.41088
226.667,0.41088
226.667,0.41088
226.667,0.41088
226.667,0.41088
226.667,0.41088
226.667,0.41088
226.667,0.41088
226.667,0.41088
226.667,0.41088
226.667,0.41088
226.667,0.41088
226.667,0.41088
228,0.414136
228,0.414136
228,0.414136
228,0.414136
228,0.414136
228,0.414136
228,0.414136
228,0.414136
228,0.414136
228,0.414136
228,0.414136
228,0.414136
228,0.414136
228,0.414136
228,0.414136
228,0.414136
228,0.414136
228,0.414136
228,0.414136
228,0.414136
229.333,0.419584
229.333,0.419584
229.333,0.419584
229.333,0.419584
229.333,0.419584
229.333,0.419584
229.333,0.419584
229.333,0.419584
229.333,0.419584
229.333,0.419584
229.333,0.419584
229.333,0.419584
229.333,0.419584
229.333,0.419584
229.333,0.419584
229.333,0.419584
229.333,0.419584
229.333,0.419584
229.333,0.419584
229.333,0.419584
230.667,0.416178
230.667,0.416178
230.667,0.416178
230.667,0.416178
230.667,0.416178
230.667,0.416178
230.667,0.416178
230.667,0.416178
230.667,0.416178
230.667,0.416178
230.667,0.416178
230.667,0.416178
230.667,0.416178
230.667,0.416178
230.667,0.416178
230.667,0.416178
230.667,0.416178
230.667,0.416178
230.667,0.416178
230.667,0.416178
232,0.41251
232,0.41251
232,0.41251
232,0.41251
232,0.41251
232,0.41251
232,0.41251
232,0.41251
232,0.41251
232,0.41251
232,0.41251
232,0.41251
232,0.41251
232,0.41251
232,0.41251
232,0.41251
232,0.41251
232,0.41251
232,0.41251
232,0.41251
233.333,0.41311
233.333,0.41311
233.333,0.41311
233.333,0.41311
233.333,0.41311
233.333,0.41311
233.333,0.41311
233.333,0.41311
233.333,0.41311
233.333,0.41311
233.333,0.41311
233.333,0.41311
233.333,0.41311
233.333,0.41311
233.333,0.41311
233.333,0.41311
233.333,0.41311
233.333,0.41311
233.333,0.41311
233.333,0.41311
234.667,0.411875
234.667,0.411875
234.667,0.411875
234.667,0.411875
234.667,0.411875
234.667,0.411875
234.667,0.411875
234.667,0.411875
234.667,0.411875
234.667,0.411875
234.667,0.411875
234.667,0.411875
234.667,0.411875
234.667,0.411875
234.667,0.411875
234.667,0.411875
234.667,0.411875
234.667,0.411875
234.667,0.411875
234.667,0.411875
236,0.410155
236,0.410155
236,0.410155
236,0.410155
236,0.410155
236,0.410155
236,0.410155
236,0.410155
236,0.410155
236,0.410155
236,0.410155
236,0.410155
236,0.410155
236,0.410155
236,0.410155
236,0.410155
236,0.410155
236,0.410155
236,0.410155
236,0.410155
237.333,0.417522
237.333,0.417522
237.333,0.417522
237.333,0.417522
237.333,0.417522
237.333,0.417522
237.333,0.417522
237.333,0.417522
237.333,0.417522
237.333,0.417522
237.333,0.417522
237.333,0.417522
237.333,0.417522
237.333,0.417522
237.333,0.417522
237.333,0.417522
237.333,0.417522
237.333,0.417522
237.333,0.417522
237.333,0.417522
238.667,0.41695
238.667,0.41695
238.667,0.41695
238.667,0.41695
238.667,0.41695
238.667,0.41695
238.667,0.41695
238.667,0.41695
238.667,0.41695
238.667,0.41695
238.667,0.41695
238.667,0.41695
238.667,0.41695
238.667,0.41695
238.667,0.41695
238.667,0.41695
238.667,0.41695
238.667,0.41695
238.667,0.41695
238.667,0.41695
240,0.412906
240,0.412906
240,0.412906
240,0.412906
240,0.412906
240,0.412906
240,0.412906
240,0.412906
240,0.412906
240,0.412906
240,0.412906
240,0.412906
240,0.412906
240,0.412906
240,0.412906
240,0.412906
240,0.412906
240,0.412906
240,0.412906
240,0.412906
241.333,0.4157
241.333,0.4157
241.333,0.4157
241.333,0.4157
241.333,0.4157
241.333,0.4157
241.333,0.4157
241.333,0.4157
241.333,0.4157
241.333,0.4157
241.333,0.4157
241.333,0.4157
241.333,0.4157
241.333,0.4157
241.333,0.4157
241.333,0.4157
241.333,0.4157
241.333,0.4157
241.333,0.4157
241.333,0.4157
242.667,0.415633
242.667,0.415633
242.667,0.415633
242.667,0.415633
242.667,0.415633
242.667,0.415633
242.667,0.415633
242.667,0.415633
242.667,0.415633
242.667,0.415633
242.667,0.415633
242.667,0.415633
242.667,0.415633
242.667,0.415633
242.667,0.415633
242.667,0.415633
242.667,0.415633
242.667,0.415633
242.667,0.415633
242.667,0.415633
244,0.415912
244,0.415912
244,0.415912
244,0.415912
244,0.415912
244,0.415912
244,0.415912
244,0.415912
244,0.415912
244,0.415912
244,0.415912
244,0.415912
244,0.415912
244,0.415912
244,0.415912
244,0.415912
244,0.415912
244,0.415912
244,0.415912
244,0.415912
245.333,0.415892
245.333,0.415892
245.333,0.415892
245.333,0.415892
245.333,0.415892
245.333,0.415892
245.333,0.415892
245.333,0.415892
245.333,0.415892
245.333,0.415892
245.333,0.415892
245.333,0.415892
245.333,0.415892
245.333,0.415892
245.333,0.415892
245.333,0.415892
245.333,0.415892
245.333,0.415892
245.333,0.415892
245.333,0.415892
246.667,0.41485
246.667,0.41485
246.667,0.41485
246.667,0.41485
246.667,0.41485
246.667,0.41485
246.667,0.41485
246.667,0.41485
246.667,0.41485
246.667,0.41485
246.667,0.41485
246.667,0.41485
246.667,0.41485
246.667,0.41485
246.667,0.41485
246.667,0.41485
246.667,0.41485
246.667,0.41485
246.667,0.41485
246.667,0.41485
248,0.417471
248,0.417471
248,0.417471
248,0.417471
248,0.417471
248,0.417471
248,0.417471
248,0.417471
248,0.417471
248,0.417471
248,0.417471
248,0.417471
248,0.417471
248,0.417471
248,0.417471
248,0.417471
248,0.417471
248,0.417471
248,0.417471
248,0.417471
249.333,0.418149
249.333,0.418149
249.333,0.418149
249.333,0.418149
249.333,0.418149
249.333,0.418149
249.333,0.418149
249.333,0.418149
249.333,0.418149
249.333,0.418149
249.333,0.418149
249.333,0.418149
249.333,0.418149
249.333,0.418149
249.333,0.418149
249.333,0.418149
249.333,0.418149
249.333,0.418149
249.333,0.418149
249.333,0.418149
250.667,0.413984
250.667,0.413984
250.667,0.413984
250.667,0.413984
250.667,0.413984
250.667,0.413984
250.667,0.413984
250.667,0.413984
250.667,0.413984
250.667,0.413984
250.667,0.413984
250.667,0.413984
250.667,0.413984
250.667,0.413984
250.667,0.413984
250.667,0.413984
250.667,0.413984
250.667,0.413984
250.667,0.413984
250.667,0.413984
252,0.413411
252,0.413411
252,0.413411
252,0.413411
252,0.413411
252,0.413411
252,0.413411
252,0.413411
252,0.413411
252,0.413411
252,0.413411
252,0.413411
252,0.413411
252,0.413411
252,0.413411
252,0.413411
252,0.413411
252,0.413411
252,0.413411
252,0.413411
253.333,0.431602
253.333,0.431602
253.333,0.431602
253.333,0.431602
253.333,0.431602
253.333,0.431602
253.333,0.431602
253.333,0.431602
253.333,0.431602
253.333,0.431602
253.333,0.431602
253.333,0.431602
253.333,0.431602
253.333,0.431602
253.333,0.431602
253.333,0.431602
253.333,0.431602
253.333,0.431602
253.333,0.431602
253.333,0.431602
254.667,0.441932
254.667,0.441932
254.667,0.441932
254.667,0.441932
254.667,0.441932
254.667,0.441932
254.667,0.441932
254.667,0.441932
254.667,0.441932
254.667,0.441932
254.667,0.441932
254.667,0.441932
254.667,0.441932
254.667,0.441932
254.667,0.441932
254.667,0.441932
254.667,0.441932
254.667,0.441932
254.667,0.441932
254.667,0.441932
256,0.446305
256,0.446305
256,0.446305
256,0.446305
256,0.446305
256,0.446305
256,0.446305
256,0.446305
256,0.446305
256,0.446305
256,0.446305
256,0.446305
256,0.446305
256,0.446305
256,0.446305
256,0.446305
256,0.446305
256,0.446305
256,0.446305
256,0.446305
257.333,0.445349
257.333,0.445349
257.333,0.445349
257.333,0.445349
257.333,0.445349
257.333,0.445349
257.333,0.445349
257.333,0.445349
257.333,0.445349
257.333,0.445349
257.333,0.445349
257.333,0.445349
257.333,0.445349
257.333,0.445349
257.333,0.445349
257.333,0.445349
257.333,0.445349
257.333,0.445349
257.333,0.445349
257.333,0.445349
258.667,0.44446
258.667,0.44446
258.667,0.44446
258.667,0.44446
258.667,0.44446
258.667,0.44446
258.667,0.44446
258.667,0.44446
258.667,0.44446
258.667,0.44446
258.667,0.44446
258.667,0.44446
258.667,0.44446
258.667,0.44446
258.667,0.44446
258.667,0.44446
258.667,0.44446
258.667,0.44446
258.667,0.44446
258.667,0.44446
260,0.434197
260,0.434197
260,0.434197
260,0.434197
260,0.434197
260,0.434197
260,0.434197
260,0.434197
260,0.434197
260,0.434197
260,0.434197
260,0.434197
260,0.434197
260,0.434197
260,0.434197
260,0.434197
260,0.434197
260,0.434197
260,0.434197
260,0.434197
261.333,0.438915
261.333,0.438915
261.333,0.438915
261.333,0.438915
261.333,0.438915
261.333,0.438915
261.333,0.438915
261.333,0.438915
261.333,0.438915
261.333,0.438915
261.333,0.438915
261.333,0.438915
261.333,0.438915
261.333,0.438915
261.333,0.438915
261.333,0.438915
261.333,0.438915
261.333,0.438915
261.333,0.438915
261.333,0.438915
262.667,0.440631
262.667,0.440631
262.667,0.440631
262.667,0.440631
262.667,0.440631
262.667,0.440631
262.667,0.440631
262.667,0.440631
262.667,0.440631
262.667,0.440631
262.667,0.440631
262.667,0.440631
262.667,0.440631
262.667,0.440631
262.667,0.440631
262.667,0.440631
262.667,0.440631
262.667,0.440631
262.667,0.440631
262.667,0.440631
264,0.438789
264,0.438789
264,0.438789
264,0.438789
264,0.438789
264,0.438789
264,0.438789
264,0.438789
264,0.438789
264,0.438789
264,0.438789
264,0.438789
264,0.438789
264,0.438789
264,0.438789
264,0.438789
264,0.438789
264,0.438789
264,0.438789
264,0.438789
265.333,0.43536
265.333,0.43536
265.333,0.43536
265.333,0.43536
265.333,0.43536
265.333,0.43536
265.333,0.43536
265.333,0.43536
265.333,0.43536
265.333,0.43536
265.333,0.43536
265.333,0.43536
265.333,0.43536
265.333,0.43536
265.333,0.43536
265.333,0.43536
265.333,0.43536
265.333,0.43536
265.333,0.43536
265.333,0.43536
266.667,0.438848
266.667,0.438848
266.667,0.438848
266.667,0.438848
266.667,0.438848
266.667,0.438848
266.667,0.438848
266.667,0.438848
266.667,0.438848
266.667,0.438848
266.667,0.438848
266.667,0.438848
266.667,0.438848
266.667,0.438848
266.667,0.438848
266.667,0.438848
266.667,0.438848
266.667,0.438848
266.667,0.438848
266.667,0.438848
268,0.435509
268,0.435509
268,0.435509
268,0.435509
268,0.435509
268,0.435509
268,0.435509
268,0.435509
268,0.435509
268,0.435509
268,0.435509
268,0.435509
268,0.435509
268,0.435509
268,0.435509
268,0.435509
268,0.435509
268,0.435509
268,0.435509
268,0.435509
269.333,0.434146
269.333,0.434146
269.333,0.434146
269.333,0.434146
269.333,0.434146
269.333,0.434146
269.333,0.434146
269.333,0.434146
269.333,0.434146
269.333,0.434146
269.333,0.434146
269.333,0.434146
269.333,0.434146
269.333,0.434146
269.333,0.434146
269.333,0.434146
269.333,0.434146
269.333,0.434146
269.333,0.434146
269.333,0.434146
270.667,0.438241
270.667,0.438241
270.667,0.438241
270.667,0.438241
270.667,0.438241
270.667,0.438241
270.667,0.438241
270.667,0.438241
270.667,0.438241
270.667,0.438241
270.667,0.438241
270.667,0.438241
270.667,0.438241
270.667,0.438241
270.667,0.438241
270.667,0.438241
270.667,0.438241
270.667,0.438241
270.667,0.438241
270.667,0.438241
272,0.433997
272,0.433997
272,0.433997
272,0.433997
272,0.433997
272,0.433997
272,0.433997
272,0.433997
272,0.433997
272,0.433997
272,0.433997
272,0.433997
272,0.433997
272,0.433997
272,0.433997
272,0.433997
272,0.433997
272,0.433997
272,0.433997
272,0.433997
273.333,0.437543
273.333,0.437543
273.333,0.437543
273.333,0.437543
273.333,0.437543
273.333,0.437543
273.333,0.437543
273.333,0.437543
273.333,0.437543
273.333,0.437543
273.333,0.437543
273.333,0.437543
273.333,0.437543
273.333,0.437543
273.333,0.437543
273.333,0.437543
273.333,0.437543
273.333,0.437543
273.333,0.437543
273.333,0.437543
274.667,0.435113
274.667,0.435113
274.667,0.435113
274.667,0.435113
274.667,0.435113
274.667,0.435113
274.667,0.435113
274.667,0.435113
274.667,0.435113
274.667,0.435113
274.667,0.435113
274.667,0.435113
274.667,0.435113
274.667,0.435113
274.667,0.435113
274.667,0.435113
274.667,0.435113
274.667,0.435113
274.667,0.435113
274.667,0.435113
276,0.441862
276,0.441862
276,0.441862
276,0.441862
276,0.441862
276,0.441862
276,0.441862
276,0.441862
276,0.441862
276,0.441862
276,0.441862
276,0.441862
276,0.441862
276,0.441862
276,0.441862
276,0.441862
276,0.441862
276,0.441862
276,0.441862
276,0.441862
277.333,0.451717
277.333,0.451717
277.333,0.451717
277.333,0.451717
277.333,0.451717
277.333,0.451717
277.333,0.451717
277.333,0.451717
277.333,0.451717
277.333,0.451717
277.333,0.451717
277.333,0.451717
277.333,0.451717
277.333,0.451717
277.333,0.451717
277.333,0.451717
277.333,0.451717
277.333,0.451717
277.333,0.451717
277.333,0.451717
278.667,0.467533
278.667,0.467533
278.667,0.467533
278.667,0.467533
278.667,0.467533
278.667,0.467533
278.667,0.467533
278.667,0.467533
278.667,0.467533
278.667,0.467533
278.667,0.467533
278.667,0.467533
278.667,0.467533
278.667,0.467533
278.667,0.467533
278.667,0.467533
278.667,0.467533
278.667,0.467533
278.667,0.467533
278.667,0.467533
280,0.445494
280,0.445494
280,0.445494
280,0.445494
280,0.445494
280,0.445494
280,0.445494
280,0.445494
280,0.445494
280,0.445494
280,0.445494
280,0.445494
280,0.445494
280,0.445494
280,0.445494
280,0.445494
280,0.445494
280,0.445494
280,0.445494
280,0.445494
281.333,0.432555
281.333,0.432555
281.333,0.432555
281.333,0.432555
281.333,0.432555
281.333,0.432555
281.333,0.432555
281.333,0.432555
281.333,0.432555
281.333,0.432555
281.333,0.432555
281.333,0.432555
281.333,0.432555
281.333,0.432555
281.333,0.432555
281.333,0.432555
281.333,0.432555
281.333,0.432555
281.333,0.432555
281.333,0.432555
282.667,0.391314
282.667,0.391314
282.667,0.391314
282.667,0.391314
282.667,0.391314
282.667,0.391314
282.667,0.391314
282.667,0.391314
282.667,0.391314
282.667,0.391314
282.667,0.391314
282.667,0.391314
282.667,0.391314
282.667,0.391314
282.667,0.391314
282.667,0.391314
282.667,0.391314
282.667,0.391314
282.667,0.391314
282.667,0.391314
284,0.366269
284,0.366269
284,0.366269
284,0.366269
284,0.366269
284,0.366269
284,0.366269
284,0.366269
284,0.366269
284,0.366269
284,0.366269
284,0.366269
284,0.366269
284,0.366269
284,0.366269
284,0.366269
284,0.366269
284,0.366269
284,0.366269
284,0.366269
285.333,0.343842
285.333,0.343842
285.333,0.343842
285.333,0.343842
285.333,0.343842
285.333,0.343842
285.333,0.343842
285.333,0.343842
285.333,0.343842
285.333,0.343842
285.333,0.343842
285.333,0.343842
285.333,0.343842
285.333,0.343842
285.333,0.343842
285.333,0.343842
285.333,0.343842
285.333,0.343842
285.333,0.343842
285.333,0.343842
286.667,0.334582
286.667,0.334582
286.667,0.334582
286.667,0.334582
286.667,0.334582
286.667,0.334582
286.667,0.334582
286.667,0.334582
286.667,0.334582
286.667,0.334582
286.667,0.334582
286.667,0.334582
286.667,0.334582
286.667,0.334582
286.667,0.334582
286.667,0.334582
286.667,0.334582
286.667,0.334582
286.667,0.334582
286.667,0.334582
288,0.319609
288,0.319609
288,0.319609
288,0.319609
288,0.319609
288,0.319609
288,0.319609
288,0.319609
288,0.319609
288,0.319609
288,0.319609
288,0.319609
288,0.319609
288,0.319609
288,0.319609
288,0.319609
288,0.319609
288,0.319609
288,0.319609
288,0.319609
289.333,0.261893
289.333,0.261893
289.333,0.261893
289.333,0.261893
289.333,0.261893
289.333,0.261893
289.333,0.261893
289.333,0.261893
289.333,0.261893
289.333,0.261893
289.333,0.261893
289.333,0.261893
289.333,0.261893
289.333,0.261893
289.333,0.261893
289.333,0.261893
289.333,0.261893
289.333,0.261893
289.333,0.261893
289.333,0.261893
290.667,0.273548
290.667,0.273548
290.667,0.273548
290.667,0.273548
290.667,0.273548
290.667,0.273548
290.667,0.273548
290.667,0.273548
290.667,0.273548
290.667,0.273548
290.667,0.273548
290.667,0.273548
290.667,0.273548
290.667,0.273548
290.667,0.273548
290.667,0.273548
290.667,0.273548
290.667,0.273548
290.667,0.273548
290.667,0.273548
292,0.269143
292,0.269143
292,0.269143
292,0.269143
292,0.269143
292,0.269143
292,0.269143
292,0.269143
292,0.269143
292,0.269143
292,0.269143
292,0.269143
292,0.269143
292,0.269143
292,0.269143
292,0.269143
292,0.269143
292,0.269143
292,0.269143
292,0.269143
293.333,0.237288
293.333,0.237288
293.333,0.237288
293.333,0.237288
293.333,0.237288
293.333,0.237288
293.333,0.237288
293.333,0.237288
293.333,0.237288
293.333,0.237288
293.333,0.237288
293.333,0.237288
293.333,0.237288
293.333,0.237288
293.333,0.237288
293.333,0.237288
293.333,0.237288
293.333,0.237288
293.333,0.237288
293.333,0.237288
294.667,0.272035
294.667,0.272035
294.667,0.272035
294.667,0.272035
294.667,0.272035
294.667,0.272035
294.667,0.272035
294.667,0.272035
294.667,0.272035
294.667,0.272035
294.667,0.272035
294.667,0.272035
294.667,0.272035
294.667,0.272035
294.667,0.272035
294.667,0.272035
294.667,0.272035
294.667,0.272035
294.667,0.272035
294.667,0.272035
296,0.313307
296,0.313307
296,0.313307
296,0.313307
296,0.313307
296,0.313307
296,0.313307
296,0.313307
296,0.313307
296,0.313307
296,0.313307
296,0.313307
296,0.313307
296,0.313307
296,0.313307
296,0.313307
296,0.313307
296,0.313307
296,0.313307
296,0.313307
297.333,0.316909
297.333,0.316909
297.333,0.316909
297.333,0.316909
297.333,0.316909
297.333,0.316909
297.333,0.316909
297.333,0.316909
297.333,0.316909
297.333,0.316909
297.333,0.316909
297.333,0.316909
297.333,0.316909
297.333,0.316909
297.333,0.316909
297.333,0.316909
297.333,0.316909
297.333,0.316909
297.333,0.316909
297.333,0.316909
298.667,0.25571
298.667,0.25571
298.667,0.25571
298.667,0.25571
298.667,0.25571
298.667,0.25571
298.667,0.25571
298.667,0.25571
298.667,0.25571
298.667,0.25571
298.667,0.25571
298.667,0.25571
298.667,0.25571
298.667,0.25571
298.667,0.25571
298.667,0.25571
298.667,0.25571
298.667,0.25571
298.667,0.25571
298.667,0.25571
300,0.252696
300,0.252696
300,0.252696
300,0.252696
300,0.252696
300,0.252696
300,0.252696
300,0.252696
300,0.252696
300,0.252696
300,0.252696
300,0.252696
300,0.252696
300,0.252696
300,0.252696
300,0.252696
300,0.252696
300,0.252696
300,0.252696
300,0.252696
301.333,0.277466
301.333,0.277466
301.333,0.277466
301.333,0.277466
301.333,0.277466
301.333,0.277466
301.333,0.277466
301.333,0.277466
301.333,0.277466
301.333,0.277466
301.333,0.277466
301.333,0.277466
301.333,0.277466
301.333,0.277466
301.333,0.277466
301.333,0.277466
301.333,0.277466
301.333,0.277466
301.333,0.277466
301.333,0.277466
302.667,0.305372
302.667,0.305372
302.667,0.305372
302.667,0.305372
302.667,0.305372
302.667,0.305372
302.667,0.305372
302.667,0.305372
302.667,0.305372
302.667,0.305372
302.667,0.305372
302.667,0.305372
302.667,0.305372
302.667,0.305372
302.667,0.305372
302.667,0.305372
302.667,0.305372
302.667,0.305372
302.667,0.305372
302.667,0.305372
304,0.310733
304,0.310733
304,0.310733
304,0.310733
304,0.310733
304,0.310733
304,0.310733
304,0.310733
304,0.310733
304,0.310733
304,0.310733
304,0.310733
304,0.310733
304,0.310733
304,0.310733
304,0.310733
304,0.310733
304,0.310733
304,0.310733
304,0.310733
305.333,0.327148
305.333,0.327148
305.333,0.327148
305.333,0.327148
305.333,0.327148
305.333,0.327148
305.333,0.327148
305.333,0.327148
305.333,0.327148
305.333,0.327148
305.333,0.327148
305.333,0.327148
305.333,0.327148
305.333,0.327148
305.333,0.327148
305.333,0.327148
305.333,0.327148
305.333,0.327148
305.333,0.327148
305.333,0.327148
306.667,0.295203
306.667,0.295203
306.667,0.295203
306.667,0.295203
306.667,0.295203
306.667,0.295203
306.667,0.295203
306.667,0.295203
306.667,0.295203
306.667,0.295203
306.667,0.295203
306.667,0.295203
306.667,0.295203
306.667,0.295203
306.667,0.295203
306.667,0.295203
306.667,0.295203
306.667,0.295203
306.667,0.295203
306.667,0.295203
308,0.230802
308,0.230802
308,0.230802
308,0.230802
308,0.230802
308,0.230802
308,0.230802
308,0.230802
308,0.230802
308,0.230802
308,0.230802
308,0.230802
308,0.230802
308,0.230802
308,0.230802
308,0.230802
308,0.230802
308,0.230802
308,0.230802
308,0.230802
309.333,0.240912
309.333,0.240912
309.333,0.240912
309.333,0.240912
309.333,0.240912
309.333,0.240912
309.333,0.240912
309.333,0.240912
309.333,0.240912
309.333,0.240912
309.333,0.240912
309.333,0.240912
309.333,0.240912
309.333,0.240912
309.333,0.240912
309.333,0.240912
309.333,0.240912
309.333,0.240912
309.333,0.240912
309.333,0.240912
310.667,0.227005
310.667,0.227005
310.667,0.227005
310.667,0.227005
310.667,0.227005
310.667,0.227005
310.667,0.227005
310.667,0.227005
310.667,0.227005
310.667,0.227005
310.667,0.227005
310.667,0.227005
310.667,0.227005
310.667,0.227005
310.667,0.227005
310.667,0.227005
310.667,0.227005
310.667,0.227005
310.667,0.227005
310.667,0.227005
312,0.162095
312,0.162095
312,0.162095
312,0.162095
312,0.162095
312,0.162095
312,0.162095
312,0.162095
312,0.162095
312,0.162095
312,0.162095
312,0.162095
312,0.162095
312,0.162095
312,0.162095
312,0.162095
312,0.162095
312,0.162095
312,0.162095
312,0.162095
313.333,0.160672
313.333,0.160672
313.333,0.160672
313.333,0.160672
313.333,0.160672
313.333,0.160672
313.333,0.160672
313.333,0.160672
313.333,0.160672
313.333,0.160672
313.333,0.160672
313.333,0.160672
313.333,0.160672
313.333,0.160672
313.333,0.160672
313.333,0.160672
313.333,0.160672
313.333,0.160672
313.333,0.160672
313.333,0.160672
314.667,0.238263
314.667,0.238263
314.667,0.238263
314.667,0.238263
314.667,0.238263
314.667,0.238263
314.667,0.238263
314.667,0.238263
314.667,0.238263
314.667,0.238263
314.667,0.238263
314.667,0.238263
314.667,0.238263
314.667,0.238263
314.667,0.238263
314.667,0.238263
314.667,0.238263
314.667,0.238263
314.667,0.238263
314.667,0.238263
316,0.205726
316,0.205726
316,0.205726
316,0.205726
316,0.205726
316,0.205726
316,0.205726
316,0.205726
316,0.205726
316,0.205726
316,0.205726
316,0.205726
316,0.205726
316,0.205726
316,0.205726
316,0.205726
316,0.205726
316,0.205726
316,0.205726
316,0.205726
317.333,0.130404
317.333,0.130404
317.333,0.130404
317.333,0.130404
317.333,0.130404
317.333,0.130404
317.333,0.130404
317.333,0.130404
317.333,0.130404
317.333,0.130404
317.333,0.130404
317.333,0.130404
317.333,0.130404
317.333,0.130404
317.333,0.130404
317.333,0.130404
317.333,0.130404
317.333,0.130404
317.333,0.130404
317.333,0.130404
318.667,0.0351198
318.667,0.0351198
318.667,0.0351198
318.667,0.0351198
318.667,0.0351198
318.667,0.0351198
318.667,0.0351198
318.667,0.0351198
318.667,0.0351198
318.667,0.0351198
318.667,0.0351198
318.667,0.0351198
318.667,0.0351198
318.667,0.0351198
318.667,0.0351198
318.667,0.0351198
318.667,0.0351198
318.667,0.0351198
318.667,0.0351198
318.667,0.0351198
320,0.000889554
320,0.000889554
320,0.000889554
320,0.000889554
320,0.000889554
320,0.000889554
320,0.000889554
320,0.000889554
320,0.000889554
320,0.000889554
320,0.000889554
320,0.000889554
320,0.000889554
320,0.000889554
320,0.000889554
320,0.000889554
320,0.000889554
320,0.000889554
320,0.000889554
320,0.000889554
321.333,0.00163803
321.333,0.00163803
321.333,0.00163803
321.333,0.00163803
321.333,0.00163803
321.333,0.00163803
321.333,0.00163803
321.333,0.00163803
321.333,0.00163803
321.333,0.00163803
321.333,0.00163803
321.333,0.00163803
321.333,0.00163803
321.333,0.00163803
321.333,0.00163803
321.333,0.00163803
321.333,0.00163803
321.333,0.00163803
321.333,0.00163803
321.333,0.00163803
322.667,0.00216706
322.667,0.00216706
322.667,0.00216706
322.667,0.00216706
322.667,0.00216706
322.667,0.00216706
322.667,0.00216706
322.667,0.00216706
322.667,0.00216706
322.667,0.00216706
322.667,0.00216706
322.667,0.00216706
322.667,0.00216706
322.667,0.00216706
322.667,0.00216706
322.667,0.00216706
322.667,0.00216706
322.667,0.00216706
322.667,0.00216706
322.667,0.00216706
324,0.00324472
324,0.00324472
324,0.00324472
324,0.00324472
324,0.00324472
324,0.00324472
324,0.00324472
324,0.00324472
324,0.00324472
324,0.00324472
324,0.00324472
324,0.00324472
324,0.00324472
324,0.00324472
324,0.00324472
324,0.00324472
324,0.00324472
324,0.00324472
324,0.00324472
324,0.00324472
325.333,0.00265691
325.333,0.00265691
325.333,0.00265691
325.333,0.00265691
325.333,0.00265691
325.333,0.00265691
325.333,0.00265691
325.333,0.00265691
325.333,0.00265691
325.333,0.00265691
325.333,0.00265691
325.333,0.00265691
325.333,0.00265691
325.333,0.00265691
325.333,0.00265691
325.333,0.00265691
325.333,0.00265691
325.333,0.00265691
325.333,0.00265691
325.333,0.00265691
326.667,0.001881
326.667,0.001881
326.667,0.001881
326.667,0.001881
326.667,0.001881
326.667,0.001881
326.667,0.001881
326.667,0.001881
326.667,0.001881
326.667,0.001881
326.667,0.001881
326.667,0.001881
326.667,0.001881
326.667,0.001881
326.667,0.001881
326.667,0.001881
326.667,0.001881
326.667,0.001881
326.667,0.001881
326.667,0.001881
328,0.0352648
328,0.0352648
328,0.0352648
328,0.0352648
328,0.0352648
328,0.0352648
328,0.0352648
328,0.0352648
328,0.0352648
328,0.0352648
328,0.0352648
328,0.0352648
328,0.0352648
328,0.0352648
328,0.0352648
328,0.0352648
328,0.0352648
328,0.0352648
328,0.0352648
328,0.0352648
329.333,0.100684
329.333,0.100684
329.333,0.100684
329.333,0.100684
329.333,0.100684
329.333,0.100684
329.333,0.100684
329.333,0.100684
329.333,0.100684
329.333,0.100684
329.333,0.100684
329.333,0.100684
329.333,0.100684
329.333,0.100684
329.333,0.100684
329.333,0.100684
329.333,0.100684
329.333,0.100684
329.333,0.100684
329.333,0.100684
330.667,0.0662973
330.667,0.0662973
330.667,0.0662973
330.667,0.0662973
330.667,0.0662973
330.667,0.0662973
330.667,0.0662973
330.667,0.0662973
330.667,0.0662973
330.667,0.0662973
330.667,0.0662973
330.667,0.0662973
330.667,0.0662973
330.667,0.0662973
330.667,0.0662973
330.667,0.0662973
330.667,0.0662973
330.667,0.0662973
330.667,0.0662973
330.667,0.0662973
332,0.0787118
332,0.0787118
332,0.0787118
332,0.0787118
332,0.0787118
332,0.0787118
332,0.0787118
332,0.0787118
332,0.0787118
332,0.0787118
332,0.0787118
332,0.0787118
332,0.0787118
332,0.0787118
332,0.0787118
332,0.0787118
332,0.0787118
332,0.0787118
332,0.0787118
332,0.0787118
333.333,0.0764233
333.333,0.0764233
333.333,0.0764233
333.333,0.0764233
333.333,0.0764233
333.333,0.0764233
333.333,0.0764233
333.333,0.0764233
333.333,0.0764233
333.333,0.0764233
333.333,0.0764233
333.333,0.0764233
333.333,0.0764233
333.333,0.0764233
333.333,0.0764233
333.333,0.0764233
333.333,0.0764233
333.333,0.0764233
333.333,0.0764233
333.333,0.0764233
334.667,0.0108902
334.667,0.0108902
334.667,0.0108902
334.667,0.0108902
334.667,0.0108902
334.667,0.0108902
334.667,0.0108902
334.667,0.0108902
334.667,0.0108902
334.667,0.0108902
334.667,0.0108902
334.667,0.0108902
334.667,0.0108902
334.667,0.0108902
334.667,0.0108902
334.667,0.0108902
334.667,0.0108902
334.667,0.0108902
334.667,0.0108902
334.667,0.0108902
336,0.00997711
336,0.00997711
336,0.00997711
336,0.00997711
336,0.00997711
336,0.00997711
336,0.00997711
336,0.00997711
336,0.00997711
336,0.00997711
336,0.00997711
336,0.00997711
336,0.00997711
336,0.00997711
336,0.00997711
336,0.00997711
336,0.00997711
336,0.00997711
336,0.00997711
336,0.00997711
337.333,0.0355195
337.333,0.0355195
337.333,0.0355195
337.333,0.0355195
337.333,0.0355195
337.333,0.0355195
337.333,0.0355195
337.333,0.0355195
337.333,0.0355195
337.333,0.0355195
337.333,0.0355195
337.333,0.0355195
337.333,0.0355195
337.333,0.0355195
337.333,0.0355195
337.333,0.0355195
337.333,0.0355195
337.333,0.0355195
337.333,0.0355195
337.333,0.0355195
338.667,0.0971809
338.667,0.0971809
338.667,0.0971809
338.667,0.0971809
338.667,0.0971809
338.667,0.0971809
338.667,0.0971809
338.667,0.0971809
338.667,0.0971809
338.667,0.0971809
338.667,0.0971809
338.667,0.0971809
338.667,0.0971809
338.667,0.0971809
338.667,0.0971809
338.667,0.0971809
338.667,0.0971809
338.667,0.0971809
338.667,0.0971809
338.667,0.0971809
340,0.0572842
340,0.0572842
340,0.0572842
340,0.0572842
340,0.0572842
340,0.0572842
340,0.0572842
340,0.0572842
340,0.0572842
340,0.0572842
340,0.0572842
340,0.0572842
340,0.0572842
340,0.0572842
340,0.0572842
340,0.0572842
340,0.0572842
340,0.0572842
340,0.0572842
340,0.0572842
341.333,0.00511788
341.333,0.00511788
341.333,0.00511788
341.333,0.00511788
341.333,0.00511788
341.333,0.00511788
341.333,0.00511788
341.333,0.00511788
341.333,0.00511788
341.333,0.00511788
341.333,0.00511788
341.333,0.00511788
341.333,0.00511788
341.333,0.00511788
341.333,0.00511788
341.333,0.00511788
341.333,0.00511788
341.333,0.00511788
341.333,0.00511788
341.333,0.00511788
342.667,0.00284501
342.667,0.00284501
342.667,0.00284501
342.667,0.00284501
342.667,0.00284501
342.667,0.00284501
342.667,0.00284501
342.667,0.00284501
342.667,0.00284501
342.667,0.00284501
342.667,0.00284501
342.667,0.00284501
342.667,0.00284501
342.667,0.00284501
342.667,0.00284501
342.667,0.00284501
342.667,0.00284501
342.667,0.00284501
342.667,0.00284501
342.667,0.00284501
344,0.00265299
344,0.00265299
344,0.00265299
344,0.00265299
344,0.00265299
344,0.00265299
344,0.00265299
344,0.00265299
344,0.00265299
344,0.00265299
344,0.00265299
344,0.00265299
344,0.00265299
344,0.00265299
344,0.00265299
344,0.00265299
344,0.00265299
344,0.00265299
344,0.00265299
344,0.00265299
345.333,0.00251975
345.333,0.00251975
345.333,0.00251975
345.333,0.00251975
345.333,0.00251975
345.333,0.00251975
345.333,0.00251975
345.333,0.00251975
345.333,0.00251975
345.333,0.00251975
345.333,0.00251975
345.333,0.00251975
345.333,0.00251975
345.333,0.00251975
345.333,0.00251975
345.333,0.00251975
345.333,0.00251975
345.333,0.00251975
345.333,0.00251975
345.333,0.00251975
346.667,0.00239043
346.667,0.00239043
346.667,0.00239043
346.667,0.00239043
346.667,0.00239043
346.667,0.00239043
346.667,0.00239043
346.667,0.00239043
346.667,0.00239043
346.667,0.00239043
346.667,0.00239043
346.667,0.00239043
346.667,0.00239043
346.667,0.00239043
346.667,0.00239043
346.667,0.00239043
346.667,0.00239043
346.667,0.00239043
346.667,0.00239043
346.667,0.00239043
348,0.00256678
348,0.00256678
348,0.00256678
348,0.00256678
348,0.00256678
348,0.00256678
348,0.00256678
348,0.00256678
348,0.00256678
348,0.00256678
348,0.00256678
348,0.00256678
348,0.00256678
348,0.00256678
348,0.00256678
348,0.00256678
348,0.00256678
348,0.00256678
348,0.00256678
348,0.00256678
349.333,0.00204558
349.333,0.00204558
349.333,0.00204558
349.333,0.00204558
349.333,0.00204558
349.333,0.00204558
349.333,0.00204558
349.333,0.00204558
349.333,0.00204558
349.333,0.00204558
349.333,0.00204558
349.333,0.00204558
349.333,0.00204558
349.333,0.00204558
349.333,0.00204558
349.333,0.00204558
349.333,0.00204558
349.333,0.00204558
349.333,0.00204558
349.333,0.00204558
350.667,0.0353941
350.667,0.0353941
350.667,0.0353941
350.667,0.0353941
350.667,0.0353941
350.667,0.0353941
350.667,0.0353941
350.667,0.0353941
350.667,0.0353941
350.667,0.0353941
350.667,0.0353941
350.667,0.0353941
350.667,0.0353941
350.667,0.0353941
350.667,0.0353941
350.667,0.0353941
350.667,0.0353941
350.667,0.0353941
350.667,0.0353941
350.667,0.0353941
352,0.0592984
352,0.0592984
352,0.0592984
352,0.0592984
352,0.0592984
352,0.0592984
352,0.0592984
352,0.0592984
352,0.0592984
352,0.0592984
352,0.0592984
352,0.0592984
352,0.0592984
352,0.0592984
352,0.0592984
352,0.0592984
352,0.0592984
352,0.0592984
352,0.0592984
352,0.0592984
353.333,0.10559
353.333,0.10559
353.333,0.10559
353.333,0.10559
353.333,0.10559
353.333,0.10559
353.333,0.10559
353.333,0.10559
353.333,0.10559
353.333,0.10559
353.333,0.10559
353.333,0.10559
353.333,0.10559
353.333,0.10559
353.333,0.10559
353.333,0.10559
353.333,0.10559
353.333,0.10559
353.333,0.10559
353.333,0.10559
354.667,0.111845
354.667,0.111845
354.667,0.111845
354.667,0.111845
354.667,0.111845
354.667,0.111845
354.667,0.111845
354.667,0.111845
354.667,0.111845
354.667,0.111845
354.667,0.111845
354.667,0.111845
354.667,0.111845
354.667,0.111845
354.667,0.111845
354.667,0.111845
354.667,0.111845
354.667,0.111845
354.667,0.111845
354.667,0.111845
356,0.145695
356,0.145695
356,0.145695
356,0.145695
356,0.145695
356,0.145695
356,0.145695
356,0.145695
356,0.145695
356,0.145695
356,0.145695
356,0.145695
356,0.145695
356,0.145695
356,0.145695
356,0.145695
356,0.145695
356,0.145695
356,0.145695
356,0.145695
357.333,0.190827
357.333,0.190827
357.333,0.190827
357.333,0.190827
357.333,0.190827
357.333,0.190827
357.333,0.190827
357.333,0.190827
357.333,0.190827
357.333,0.190827
357.333,0.190827
357.333,0.190827
357.333,0.190827
357.333,0.190827
357.333,0.190827
357.333,0.190827
357.333,0.190827
357.333,0.190827
357.333,0.190827
357.333,0.190827
358.667,0.197869
358.667,0.197869
358.667,0.197869
358.667,0.197869
358.667,0.197869
358.667,0.197869
358.667,0.197869
358.667,0.197869
358.667,0.197869
358.667,0.197869
358.667,0.197869
358.667,0.197869
358.667,0.197869
358.667,0.197869
358.667,0.197869
358.667,0.197869
358.667,0.197869
358.667,0.197869
358.667,0.197869
358.667,0.197869
360,0.232099
360,0.232099
360,0.232099
360,0.232099
360,0.232099
360,0.232099
360,0.232099
360,0.232099
360,0.232099
360,0.232099
360,0.232099
360,0.232099
360,0.232099
360,0.232099
360,0.232099
360,0.232099
360,0.232099
360,0.232099
360,0.232099
360,0.232099
361.333,0.267462
361.333,0.267462
361.333,0.267462
361.333,0.267462
361.333,0.267462
361.333,0.267462
361.333,0.267462
361.333,0.267462
361.333,0.267462
361.333,0.267462
361.333,0.267462
361.333,0.267462
361.333,0.267462
361.333,0.267462
361.333,0.267462
361.333,0.267462
361.333,0.267462
361.333,0.267462
361.333,0.267462
361.333,0.267462
362.667,0.310529
362.667,0.310529
362.667,0.310529
362.667,0.310529
362.667,0.310529
362.667,0.310529
362.667,0.310529
362.667,0.310529
362.667,0.310529
362.667,0.310529
362.667,0.310529
362.667,0.310529
362.667,0.310529
362.667,0.310529
362.667,0.310529
362.667,0.310529
362.667,0.310529
362.667,0.310529
362.667,0.310529
362.667,0.310529
364,0.309451
364,0.309451
364,0.309451
364,0.309451
364,0.309451
364,0.309451
364,0.309451
364,0.309451
364,0.309451
364,0.309451
364,0.309451
364,0.309451
364,0.309451
364,0.309451
364,0.309451
364,0.309451
364,0.309451
364,0.309451
364,0.309451
364,0.309451
365.333,0.287734
365.333,0.287734
365.333,0.287734
365.333,0.287734
365.333,0.287734
365.333,0.287734
365.333,0.287734
365.333,0.287734
365.333,0.287734
365.333,0.287734
365.333,0.287734
365.333,0.287734
365.333,0.287734
365.333,0.287734
365.333,0.287734
365.333,0.287734
365.333,0.287734
365.333,0.287734
365.333,0.287734
365.333,0.287734
366.667,0.330107
366.667,0.330107
366.667,0.330107
366.667,0.330107
366.667,0.330107
366.667,0.330107
366.667,0.330107
366.667,0.330107
366.667,0.330107
366.667,0.330107
366.667,0.330107
366.667,0.330107
366.667,0.330107
366.667,0.330107
366.667,0.330107
366.667,0.330107
366.667,0.330107
366.667,0.330107
366.667,0.330107
366.667,0.330107
368,0.33794
368,0.33794
368,0.33794
368,0.33794
368,0.33794
368,0.33794
368,0.33794
368,0.33794
368,0.33794
368,0.33794
368,0.33794
368,0.33794
368,0.33794
368,0.33794
368,0.33794
368,0.33794
368,0.33794
368,0.33794
368,0.33794
368,0.33794
369.333,0.382305
369.333,0.382305
369.333,0.382305
369.333,0.382305
369.333,0.382305
369.333,0.382305
369.333,0.382305
369.333,0.382305
369.333,0.382305
369.333,0.382305
369.333,0.382305
369.333,0.382305
369.333,0.382305
369.333,0.382305
369.333,0.382305
369.333,0.382305
369.333,0.382305
369.333,0.382305
369.333,0.382305
369.333,0.382305
370.667,0.400225
370.667,0.400225
370.667,0.400225
370.667,0.400225
370.667,0.400225
370.667,0.400225
370.667,0.400225
370.667,0.400225
370.667,0.400225
370.667,0.400225
370.667,0.400225
370.667,0.400225
370.667,0.400225
370.667,0.400225
370.667,0.400225
370.667,0.400225
370.667,0.400225
370.667,0.400225
370.667,0.400225
370.667,0.400225
372,0.457642
372,0.457642
372,0.457642
372,0.457642
372,0.457642
372,0.457642
372,0.457642
372,0.457642
372,0.457642
372,0.457642
372,0.457642
372,0.457642
372,0.457642
372,0.457642
372,0.457642
372,0.457642
372,0.457642
372,0.457642
372,0.457642
372,0.457642
373.333,0.438476
373.333,0.438476
373.333,0.438476
373.333,0.438476
373.333,0.438476
373.333,0.438476
373.333,0.438476
373.333,0.438476
373.333,0.438476
373.333,0.438476
373.333,0.438476
373.333,0.438476
373.333,0.438476
373.333,0.438476
373.333,0.438476
373.333,0.438476
373.333,0.438476
373.333,0.438476
373.333,0.438476
373.333,0.438476
374.667,0.452924
374.667,0.452924
374.667,0.452924
374.667,0.452924
374.667,0.452924
374.667,0.452924
374.667,0.452924
374.667,0.452924
374.667,0.452924
374.667,0.452924
374.667,0.452924
374.667,0.452924
374.667,0.452924
374.667,0.452924
374.667,0.452924
374.667,0.452924
374.667,0.452924
374.667,0.452924
374.667,0.452924
374.667,0.452924
376,0.459139
376,0.459139
376,0.459139
376,0.459139
376,0.459139
376,0.459139
376,0.459139
376,0.459139
376,0.459139
376,0.459139
376,0.459139
376,0.459139
376,0.459139
376,0.459139
376,0.459139
376,0.459139
376,0.459139
376,0.459139
376,0.459139
376,0.459139
377.333,0.461804
377.333,0.461804
377.333,0.461804
377.333,0.461804
377.333,0.461804
377.333,0.461804
377.333,0.461804
377.333,0.461804
377.333,0.461804
377.333,0.461804
377.333,0.461804
377.333,0.461804
377.333,0.461804
377.333,0.461804
377.333,0.461804
377.333,0.461804
377.333,0.461804
377.333,0.461804
377.333,0.461804
377.333,0.461804
378.667,0.46452
378.667,0.46452
378.667,0.46452
378.667,0.46452
378.667,0.46452
378.667,0.46452
378.667,0.46452
378.667,0.46452
378.667,0.46452
378.667,0.46452
378.667,0.46452
378.667,0.46452
378.667,0.46452
378.667,0.46452
378.667,0.46452
378.667,0.46452
378.667,0.46452
378.667,0.46452
378.667,0.46452
378.667,0.46452
380,0.468011
380,0.468011
380,0.468011
380,0.468011
380,0.468011
380,0.468011
380,0.468011
380,0.468011
380,0.468011
380,0.468011
380,0.468011
380,0.468011
380,0.468011
380,0.468011
380,0.468011
380,0.468011
380,0.468011
380,0.468011
380,0.468011
380,0.468011
381.333,0.482001
381.333,0.482001
381.333,0.482001
381.333,0.482001
381.333,0.482001
381.333,0.482001
381.333,0.482001
381.333,0.482001
381.333,0.482001
381.333,0.482001
381.333,0.482001
381.333,0.482001
381.333,0.482001
381.333,0.482001
381.333,0.482001
381.333,0.482001
381.333,0.482001
35