0,0.0484552
0,0.0484552
0,0.0484552
0,0.0484552
0,0.0484552
0,0.0484552
0,0.0484552
0,0.0484552
0,0.0484552
0,0.0484552
0,0.0484552
0,0.0484552
0,0.0484552
0,0.0484552
0,0.0484552
0,0.0484552
0,0.0484552
0,0.0484552
0,0.0484552
1.26667,0.0906757
1.26667,0.0906757
1.26667,0.0906757
1.26667,0.0906757
1.26667,0.0906757
1.26667,0.0906757
1.26667,0.0906757
1.26667,0.0906757
1.26667,0.0906757
1.26667,0.0906757
1.26667,0.0906757
1.26667,0.0906757
1.26667,0.0906757
1.26667,0.0906757
1.26667,0.0906757
1.26667,0.0906757
1.26667,0.0906757
1.26667,0.0906757
1.26667,0.0906757
2.53333,0.101315
2.53333,0.101315
2.53333,0.101315
2.53333,0.101315
2.53333,0.101315
2.53333,0.101315
2.53333,0.101315
2.53333,0.101315
2.53333,0.101315
2.53333,0.101315
2.53333,0.101315
2.53333,0.101315
2.53333,0.101315
2.53333,0.101315
2.53333,0.101315
2.53333,0.101315
2.53333,0.101315
2.53333,0.101315
2.53333,0.101315
3.8,0.101354
3.8,0.101354
3.8,0.101354
3.8,0.101354
3.8,0.101354
3.8,0.101354
3.8,0.101354
3.8,0.101354
3.8,0.101354
3.8,0.101354
3.8,0.101354
3.8,0.101354
3.8,0.101354
3.8,0.101354
3.8,0.101354
3.8,0.101354
3.8,0.101354
3.8,0.101354
3.8,0.101354
5.06667,0.104419
5.06667,0.104419
5.06667,0.104419
5.06667,0.104419
5.06667,0.104419
5.06667,0.104419
5.06667,0.104419
5.06667,0.104419
5.06667,0.104419
5.06667,0.104419
5.06667,0.104419
5.06667,0.104419
5.06667,0.104419
5.06667,0.104419
5.06667,0.104419
5.06667,0.104419
5.06667,0.104419
5.06667,0.104419
5.06667,0.104419
6.33333,0.140342
6.33333,0.140342
6.33333,0.140342
6.33333,0.140342
6.33333,0.140342
6.33333,0.140342
6.33333,0.140342
6.33333,0.140342
6.33333,0.140342
6.33333,0.140342
6.33333,0.140342
6.33333,0.140342
6.33333,0.140342
6.33333,0.140342
6.33333,0.140342
6.33333,0.140342
6.33333,0.140342
6.33333,0.140342
6.33333,0.140342
7.6,0.169223
7.6,0.169223
7.6,0.169223
7.6,0.169223
7.6,0.169223
7.6,0.169223
7.6,0.169223
7.6,0.169223
7.6,0.169223
7.6,0.169223
7.6,0.169223
7.6,0.169223
7.6,0.169223
7.6,0.169223
7.6,0.169223
7.6,0.169223
7.6,0.169223
7.6,0.169223
7.6,0.169223
8.86667,0.17748
8.86667,0.17748
8.86667,0.17748
8.86667,0.17748
8.86667,0.17748
8.86667,0.17748
8.86667,0.17748
8.86667,0.17748
8.86667,0.17748
8.86667,0.17748
8.86667,0.17748
8.86667,0.17748
8.86667,0.17748
8.86667,0.17748
8.86667,0.17748
8.86667,0.17748
8.86667,0.17748
8.86667,0.17748
8.86667,0.17748
10.1333,0.17855
10.1333,0.17855
10.1333,0.17855
10.1333,0.17855
10.1333,0.17855
10.1333,0.17855
10.1333,0.17855
10.1333,0.17855
10.1333,0.17855
10.1333,0.17855
10.1333,0.17855
10.1333,0.17855
10.1333,0.17855
10.1333,0.17855
10.1333,0.17855
10.1333,0.17855
10.1333,0.17855
10.1333,0.17855
10.1333,0.17855
11.4,0.168847
11.4,0.168847
11.4,0.168847
11.4,0.168847
11.4,0.168847
11.4,0.168847
11.4,0.168847
11.4,0.168847
11.4,0.168847
11.4,0.168847
11.4,0.168847
11.4,0.168847
11.4,0.168847
11.4,0.168847
11.4,0.168847
11.4,0.168847
11.4,0.168847
11.4,0.168847
11.4,0.168847
12.6667,0.161868
12.6667,0.161868
12.6667,0.161868
12.6667,0.161868
12.6667,0.161868
12.6667,0.161868
12.6667,0.161868
12.6667,0.161868
12.6667,0.161868
12.6667,0.161868
12.6667,0.161868
12.6667,0.161868
12.6667,0.161868
12.6667,0.161868
12.6667,0.161868
12.6667,0.161868
12.6667,0.161868
12.6667,0.161868
12.6667,0.161868
13.9333,0.161107
13.9333,0.161107
13.9333,0.161107
13.9333,0.161107
13.9333,0.161107
13.9333,0.161107
13.9333,0.161107
13.9333,0.161107
13.9333,0.161107
13.9333,0.161107
13.9333,0.161107
13.9333,0.161107
13.9333,0.161107
13.9333,0.161107
13.9333,0.161107
13.9333,0.161107
13.9333,0.161107
13.9333,0.161107
13.9333,0.161107
15.2,0.159524
15.2,0.159524
15.2,0.159524
15.2,0.159524
15.2,0.159524
15.2,0.159524
15.2,0.159524
15.2,0.159524
15.2,0.159524
15.2,0.159524
15.2,0.159524
15.2,0.159524
15.2,0.159524
15.2,0.159524
15.2,0.159524
15.2,0.159524
15.2,0.159524
15.2,0.159524
15.2,0.159524
16.4667,0.160378
16.4667,0.160378
16.4667,0.160378
16.4667,0.160378
16.4667,0.160378
16.4667,0.160378
16.4667,0.160378
16.4667,0.160378
16.4667,0.160378
16.4667,0.160378
16.4667,0.160378
16.4667,0.160378
16.4667,0.160378
16.4667,0.160378
16.4667,0.160378
16.4667,0.160378
16.4667,0.160378
16.4667,0.160378
16.4667,0.160378
17.7333,0.160841
17.7333,0.160841
17.7333,0.160841
17.7333,0.160841
17.7333,0.160841
17.7333,0.160841
17.7333,0.160841
17.7333,0.160841
17.7333,0.160841
17.7333,0.160841
17.7333,0.160841
17.7333,0.160841
17.7333,0.160841
17.7333,0.160841
17.7333,0.160841
17.7333,0.160841
17.7333,0.160841
17.7333,0.160841
17.7333,0.160841
19,0.162761
19,0.162761
19,0.162761
19,0.162761
19,0.162761
19,0.162761
19,0.162761
19,0.162761
19,0.162761
19,0.162761
19,0.162761
19,0.162761
19,0.162761
19,0.162761
19,0.162761
19,0.162761
19,0.162761
19,0.162761
19,0.162761
20.2667,0.15771
20.2667,0.15771
20.2667,0.15771
20.2667,0.15771
20.2667,0.15771
20.2667,0.15771
20.2667,0.15771
20.2667,0.15771
20.2667,0.15771
20.2667,0.15771
20.2667,0.15771
20.2667,0.15771
20.2667,0.15771
20.2667,0.15771
20.2667,0.15771
20.2667,0.15771
20.2667,0.15771
20.2667,0.15771
20.2667,0.15771
21.5333,0.158207
21.5333,0.158207
21.5333,0.158207
21.5333,0.158207
21.5333,0.158207
21.5333,0.158207
21.5333,0.158207
21.5333,0.158207
21.5333,0.158207
21.5333,0.158207
21.5333,0.158207
21.5333,0.158207
21.5333,0.158207
21.5333,0.158207
21.5333,0.158207
21.5333,0.158207
21.5333,0.158207
21.5333,0.158207
21.5333,0.158207
22.8,0.161828
22.8,0.161828
22.8,0.161828
22.8,0.161828
22.8,0.161828
22.8,0.161828
22.8,0.161828
22.8,0.161828
22.8,0.161828
22.8,0.161828
22.8,0.161828
22.8,0.161828
22.8,0.161828
22.8,0.161828
22.8,0.161828
22.8,0.161828
22.8,0.161828
22.8,0.161828
22.8,0.161828
24.0667,0.164313
24.0667,0.164313
24.0667,0.164313
24.0667,0.164313
24.0667,0.164313
24.0667,0.164313
24.0667,0.164313
24.0667,0.164313
24.0667,0.164313
24.0667,0.164313
24.0667,0.164313
24.0667,0.164313
24.0667,0.164313
24.0667,0.164313
24.0667,0.164313
24.0667,0.164313
24.0667,0.164313
24.0667,0.164313
24.0667,0.164313
25.3333,0.162596
25.3333,0.162596
25.3333,0.162596
25.3333,0.162596
25.3333,0.162596
25.3333,0.162596
25.3333,0.162596
25.3333,0.162596
25.3333,0.162596
25.3333,0.162596
25.3333,0.162596
25.3333,0.162596
25.3333,0.162596
25.3333,0.162596
25.3333,0.162596
25.3333,0.162596
25.3333,0.162596
25.3333,0.162596
25.3333,0.162596
26.6,0.170148
26.6,0.170148
26.6,0.170148
26.6,0.170148
26.6,0.170148
26.6,0.170148
26.6,0.170148
26.6,0.170148
26.6,0.170148
26.6,0.170148
26.6,0.170148
26.6,0.170148
26.6,0.170148
26.6,0.170148
26.6,0.170148
26.6,0.170148
26.6,0.170148
26.6,0.170148
26.6,0.170148
27.8667,0.187465
27.8667,0.187465
27.8667,0.187465
27.8667,0.187465
27.8667,0.187465
27.8667,0.187465
27.8667,0.187465
27.8667,0.187465
27.8667,0.187465
27.8667,0.187465
27.8667,0.187465
27.8667,0.187465
27.8667,0.187465
27.8667,0.187465
27.8667,0.187465
27.8667,0.187465
27.8667,0.187465
27.8667,0.187465
27.8667,0.187465
29.1333,0.20747
29.1333,0.20747
29.1333,0.20747
29.1333,0.20747
29.1333,0.20747
29.1333,0.20747
29.1333,0.20747
29.1333,0.20747
29.1333,0.20747
29.1333,0.20747
29.1333,0.20747
29.1333,0.20747
29.1333,0.20747
29.1333,0.20747
29.1333,0.20747
29.1333,0.20747
29.1333,0.20747
29.1333,0.20747
29.1333,0.20747
30.4,0.208575
30.4,0.208575
30.4,0.208575
30.4,0.208575
30.4,0.208575
30.4,0.208575
30.4,0.208575
30.4,0.208575
30.4,0.208575
30.4,0.208575
30.4,0.208575
30.4,0.208575
30.4,0.208575
30.4,0.208575
30.4,0.208575
30.4,0.208575
30.4,0.208575
30.4,0.208575
30.4,0.208575
31.6667,0.207489
31.6667,0.207489
31.6667,0.207489
31.6667,0.207489
31.6667,0.207489
31.6667,0.207489
31.6667,0.207489
31.6667,0.207489
31.6667,0.207489
31.6667,0.207489
31.6667,0.207489
31.6667,0.207489
31.6667,0.207489
31.6667,0.207489
31.6667,0.207489
31.6667,0.207489
31.6667,0.207489
31.6667,0.207489
31.6667,0.207489
32.9333,0.203383
32.9333,0.203383
32.9333,0.203383
32.9333,0.203383
32.9333,0.203383
32.9333,0.203383
32.9333,0.203383
32.9333,0.203383
32.9333,0.203383
32.9333,0.203383
32.9333,0.203383
32.9333,0.203383
32.9333,0.203383
32.9333,0.203383
32.9333,0.203383
32.9333,0.203383
32.9333,0.203383
32.9333,0.203383
32.9333,0.203383
34.2,0.257297
34.2,0.257297
34.2,0.257297
34.2,0.257297
34.2,0.257297
34.2,0.257297
34.2,0.257297
34.2,0.257297
34.2,0.257297
34.2,0.257297
34.2,0.257297
34.2,0.257297
34.2,0.257297
34.2,0.257297
34.2,0.257297
34.2,0.257297
34.2,0.257297
34.2,0.257297
34.2,0.257297
35.4667,0.277694
35.4667,0.277694
35.4667,0.277694
35.4667,0.277694
35.4667,0.277694
35.4667,0.277694
35.4667,0.277694
35.4667,0.277694
35.4667,0.277694
35.4667,0.277694
35.4667,0.277694
35.4667,0.277694
35.4667,0.277694
35.4667,0.277694
35.4667,0.277694
35.4667,0.277694
35.4667,0.277694
35.4667,0.277694
35.4667,0.277694
36.7333,0.285382
36.7333,0.285382
36.7333,0.285382
36.7333,0.285382
36.7333,0.285382
36.7333,0.285382
36.7333,0.285382
36.7333,0.285382
36.7333,0.285382
36.7333,0.285382
36.7333,0.285382
36.7333,0.285382
36.7333,0.285382
36.7333,0.285382
36.7333,0.285382
36.7333,0.285382
36.7333,0.285382
36.7333,0.285382
36.7333,0.285382
38,0.275237
38,0.275237
38,0.275237
38,0.275237
38,0.275237
38,0.275237
38,0.275237
38,0.275237
38,0.275237
38,0.275237
38,0.275237
38,0.275237
38,0.275237
38,0.275237
38,0.275237
38,0.275237
38,0.275237
38,0.275237
38,0.275237
39.2667,0.323085
39.2667,0.323085
39.2667,0.323085
39.2667,0.323085
39.2667,0.323085
39.2667,0.323085
39.2667,0.323085
39.2667,0.323085
39.2667,0.323085
39.2667,0.323085
39.2667,0.323085
39.2667,0.323085
39.2667,0.323085
39.2667,0.323085
39.2667,0.323085
39.2667,0.323085
39.2667,0.323085
39.2667,0.323085
39.2667,0.323085
40.5333,0.349622
40.5333,0.349622
40.5333,0.349622
40.5333,0.349622
40.5333,0.349622
40.5333,0.349622
40.5333,0.349622
40.5333,0.349622
40.5333,0.349622
40.5333,0.349622
40.5333,0.349622
40.5333,0.349622
40.5333,0.349622
40.5333,0.349622
40.5333,0.349622
40.5333,0.349622
40.5333,0.349622
40.5333,0.349622
40.5333,0.349622
41.8,0.385244
41.8,0.385244
41.8,0.385244
41.8,0.385244
41.8,0.385244
41.8,0.385244
41.8,0.385244
41.8,0.385244
41.8,0.385244
41.8,0.385244
41.8,0.385244
41.8,0.385244
41.8,0.385244
41.8,0.385244
41.8,0.385244
41.8,0.385244
41.8,0.385244
41.8,0.385244
41.8,0.385244
43.0667,0.396851
43.0667,0.396851
43.0667,0.396851
43.0667,0.396851
43.0667,0.396851
43.0667,0.396851
43.0667,0.396851
43.0667,0.396851
43.0667,0.396851
43.0667,0.396851
43.0667,0.396851
43.0667,0.396851
43.0667,0.396851
43.0667,0.396851
43.0667,0.396851
43.0667,0.396851
43.0667,0.396851
43.0667,0.396851
43.0667,0.396851
44.3333,0.419043
44.3333,0.419043
44.3333,0.419043
44.3333,0.419043
44.3333,0.419043
44.3333,0.419043
44.3333,0.419043
44.3333,0.419043
44.3333,0.419043
44.3333,0.419043
44.3333,0.419043
44.3333,0.419043
44.3333,0.419043
44.3333,0.419043
44.3333,0.419043
44.3333,0.419043
44.3333,0.419043
44.3333,0.419043
44.3333,0.419043
45.6,0.42641
45.6,0.42641
45.6,0.42641
45.6,0.42641
45.6,0.42641
45.6,0.42641
45.6,0.42641
45.6,0.42641
45.6,0.42641
45.6,0.42641
45.6,0.42641
45.6,0.42641
45.6,0.42641
45.6,0.42641
45.6,0.42641
45.6,0.42641
45.6,0.42641
45.6,0.42641
45.6,0.42641
46.8667,0.427821
46.8667,0.427821
46.8667,0.427821
46.8667,0.427821
46.8667,0.427821
46.8667,0.427821
46.8667,0.427821
46.8667,0.427821
46.8667,0.427821
46.8667,0.427821
46.8667,0.427821
46.8667,0.427821
46.8667,0.427821
46.8667,0.427821
46.8667,0.427821
46.8667,0.427821
46.8667,0.427821
46.8667,0.427821
46.8667,0.427821
48.1333,0.419388
48.1333,0.419388
48.1333,0.419388
48.1333,0.419388
48.1333,0.419388
48.1333,0.419388
48.1333,0.419388
48.1333,0.419388
48.1333,0.419388
48.1333,0.419388
48.1333,0.419388
48.1333,0.419388
48.1333,0.419388
48.1333,0.419388
48.1333,0.419388
48.1333,0.419388
48.1333,0.419388
48.1333,0.419388
48.1333,0.419388
49.4,0.413192
49.4,0.413192
49.4,0.413192
49.4,0.413192
49.4,0.413192
49.4,0.413192
49.4,0.413192
49.4,0.413192
49.4,0.413192
49.4,0.413192
49.4,0.413192
49.4,0.413192
49.4,0.413192
49.4,0.413192
49.4,0.413192
49.4,0.413192
49.4,0.413192
49.4,0.413192
49.4,0.413192
50.6667,0.402886
50.6667,0.402886
50.6667,0.402886
50.6667,0.402886
50.6667,0.402886
50.6667,0.402886
50.6667,0.402886
50.6667,0.402886
50.6667,0.402886
50.6667,0.402886
50.6667,0.402886
50.6667,0.402886
50.6667,0.402886
50.6667,0.402886
50.6667,0.402886
50.6667,0.402886
50.6667,0.402886
50.6667,0.402886
50.6667,0.402886
51.9333,0.38897
51.9333,0.38897
51.9333,0.38897
51.9333,0.38897
51.9333,0.38897
51.9333,0.38897
51.9333,0.38897
51.9333,0.38897
51.9333,0.38897
51.9333,0.38897
51.9333,0.38897
51.9333,0.38897
51.9333,0.38897
51.9333,0.38897
51.9333,0.38897
51.9333,0.38897
51.9333,0.38897
51.9333,0.38897
51.9333,0.38897
53.2,0.412988
53.2,0.412988
53.2,0.412988
53.2,0.412988
53.2,0.412988
53.2,0.412988
53.2,0.412988
53.2,0.412988
53.2,0.412988
53.2,0.412988
53.2,0.412988
53.2,0.412988
53.2,0.412988
53.2,0.412988
53.2,0.412988
53.2,0.412988
53.2,0.412988
53.2,0.412988
53.2,0.412988
54.4667,0.436117
54.4667,0.436117
54.4667,0.436117
54.4667,0.436117
54.4667,0.436117
54.4667,0.436117
54.4667,0.436117
54.4667,0.436117
54.4667,0.436117
54.4667,0.436117
54.4667,0.436117
54.4667,0.436117
54.4667,0.436117
54.4667,0.436117
54.4667,0.436117
54.4667,0.436117
54.4667,0.436117
54.4667,0.436117
54.4667,0.436117
55.7333,0.44125
55.7333,0.44125
55.7333,0.44125
55.7333,0.44125
55.7333,0.44125
55.7333,0.44125
55.7333,0.44125
55.7333,0.44125
55.7333,0.44125
55.7333,0.44125
55.7333,0.44125
55.7333,0.44125
55.7333,0.44125
55.7333,0.44125
55.7333,0.44125
55.7333,0.44125
55.7333,0.44125
55.7333,0.44125
55.7333,0.44125
57,0.444593
57,0.444593
57,0.444593
57,0.444593
57,0.444593
57,0.444593
57,0.444593
57,0.444593
57,0.444593
57,0.444593
57,0.444593
57,0.444593
57,0.444593
57,0.444593
57,0.444593
57,0.444593
57,0.444593
57,0.444593
57,0.444593
58.2667,0.445479
58.2667,0.445479
58.2667,0.445479
58.2667,0.445479
58.2667,0.445479
58.2667,0.445479
58.2667,0.445479
58.2667,0.445479
58.2667,0.445479
58.2667,0.445479
58.2667,0.445479
58.2667,0.445479
58.2667,0.445479
58.2667,0.445479
58.2667,0.445479
58.2667,0.445479
58.2667,0.445479
58.2667,0.445479
58.2667,0.445479
59.5333,0.446803
59.5333,0.446803
59.5333,0.446803
59.5333,0.446803
59.5333,0.446803
59.5333,0.446803
59.5333,0.446803
59.5333,0.446803
59.5333,0.446803
59.5333,0.446803
59.5333,0.446803
59.5333,0.446803
59.5333,0.446803
59.5333,0.446803
59.5333,0.446803
59.5333,0.446803
59.5333,0.446803
59.5333,0.446803
59.5333,0.446803
60.8,0.445369
60.8,0.445369
60.8,0.445369
60.8,0.445369
60.8,0.445369
60.8,0.445369
60.8,0.445369
60.8,0.445369
60.8,0.445369
60.8,0.445369
60.8,0.445369
60.8,0.445369
60.8,0.445369
60.8,0.445369
60.8,0.445369
60.8,0.445369
60.8,0.445369
60.8,0.445369
60.8,0.445369
62.0667,0.433323
62.0667,0.433323
62.0667,0.433323
62.0667,0.433323
62.0667,0.433323
62.0667,0.433323
62.0667,0.433323
62.0667,0.433323
62.0667,0.433323
62.0667,0.433323
62.0667,0.433323
62.0667,0.433323
62.0667,0.433323
62.0667,0.433323
62.0667,0.433323
62.0667,0.433323
62.0667,0.433323
62.0667,0.433323
62.0667,0.433323
63.3333,0.442904
63.3333,0.442904
63.3333,0.442904
63.3333,0.442904
63.3333,0.442904
63.3333,0.442904
63.3333,0.442904
63.3333,0.442904
63.3333,0.442904
63.3333,0.442904
63.3333,0.442904
63.3333,0.442904
63.3333,0.442904
63.3333,0.442904
63.3333,0.442904
63.3333,0.442904
63.3333,0.442904
63.3333,0.442904
63.3333,0.442904
64.6,0.44404
64.6,0.44404
64.6,0.44404
64.6,0.44404
64.6,0.44404
64.6,0.44404
64.6,0.44404
64.6,0.44404
64.6,0.44404
64.6,0.44404
64.6,0.44404
64.6,0.44404
64.6,0.44404
64.6,0.44404
64.6,0.44404
64.6,0.44404
64.6,0.44404
64.6,0.44404
64.6,0.44404
65.8667,0.444593
65.8667,0.444593
65.8667,0.444593
65.8667,0.444593
65.8667,0.444593
65.8667,0.444593
65.8667,0.444593
65.8667,0.444593
65.8667,0.444593
65.8667,0.444593
65.8667,0.444593
65.8667,0.444593
65.8667,0.444593
65.8667,0.444593
65.8667,0.444593
65.8667,0.444593
65.8667,0.444593
65.8667,0.444593
65.8667,0.444593
67.1333,0.435498
67.1333,0.435498
67.1333,0.435498
67.1333,0.435498
67.1333,0.435498
67.1333,0.435498
67.1333,0.435498
67.1333,0.435498
67.1333,0.435498
67.1333,0.435498
67.1333,0.435498
67.1333,0.435498
67.1333,0.435498
67.1333,0.435498
67.1333,0.435498
67.1333,0.435498
67.1333,0.435498
67.1333,0.435498
67.1333,0.435498
68.4,0.438421
68.4,0.438421
68.4,0.438421
68.4,0.438421
68.4,0.438421
68.4,0.438421
68.4,0.438421
68.4,0.438421
68.4,0.438421
68.4,0.438421
68.4,0.438421
68.4,0.438421
68.4,0.438421
68.4,0.438421
68.4,0.438421
68.4,0.438421
68.4,0.438421
68.4,0.438421
68.4,0.438421
69.6667,0.43913
69.6667,0.43913
69.6667,0.43913
69.6667,0.43913
69.6667,0.43913
69.6667,0.43913
69.6667,0.43913
69.6667,0.43913
69.6667,0.43913
69.6667,0.43913
69.6667,0.43913
69.6667,0.43913
69.6667,0.43913
69.6667,0.43913
69.6667,0.43913
69.6667,0.43913
69.6667,0.43913
69.6667,0.43913
69.6667,0.43913
70.9333,0.434345
70.9333,0.434345
70.9333,0.434345
70.9333,0.434345
70.9333,0.434345
70.9333,0.434345
70.9333,0.434345
70.9333,0.434345
70.9333,0.434345
70.9333,0.434345
70.9333,0.434345
70.9333,0.434345
70.9333,0.434345
70.9333,0.434345
70.9333,0.434345
70.9333,0.434345
70.9333,0.434345
70.9333,0.434345
70.9333,0.434345
72.2,0.438456
72.2,0.438456
72.2,0.438456
72.2,0.438456
72.2,0.438456
72.2,0.438456
72.2,0.438456
72.2,0.438456
72.2,0.438456
72.2,0.438456
72.2,0.438456
72.2,0.438456
72.2,0.438456
72.2,0.438456
72.2,0.438456
72.2,0.438456
72.2,0.438456
72.2,0.438456
72.2,0.438456
73.4667,0.43989
73.4667,0.43989
73.4667,0.43989
73.4667,0.43989
73.4667,0.43989
73.4667,0.43989
73.4667,0.43989
73.4667,0.43989
73.4667,0.43989
73.4667,0.43989
73.4667,0.43989
73.4667,0.43989
73.4667,0.43989
73.4667,0.43989
73.4667,0.43989
73.4667,0.43989
73.4667,0.43989
73.4667,0.43989
73.4667,0.43989
74.7333,0.436168
74.7333,0.436168
74.7333,0.436168
74.7333,0.436168
74.7333,0.436168
74.7333,0.436168
74.7333,0.436168
74.7333,0.436168
74.7333,0.436168
74.7333,0.436168
74.7333,0.436168
74.7333,0.436168
74.7333,0.436168
74.7333,0.436168
74.7333,0.436168
74.7333,0.436168
74.7333,0.436168
74.7333,0.436168
74.7333,0.436168
76,0.438903
76,0.438903
76,0.438903
76,0.438903
76,0.438903
76,0.438903
76,0.438903
76,0.438903
76,0.438903
76,0.438903
76,0.438903
76,0.438903
76,0.438903
76,0.438903
76,0.438903
76,0.438903
76,0.438903
76,0.438903
76,0.438903
77.2667,0.443594
77.2667,0.443594
77.2667,0.443594
77.2667,0.443594
77.2667,0.443594
77.2667,0.443594
77.2667,0.443594
77.2667,0.443594
77.2667,0.443594
77.2667,0.443594
77.2667,0.443594
77.2667,0.443594
77.2667,0.443594
77.2667,0.443594
77.2667,0.443594
77.2667,0.443594
77.2667,0.443594
77.2667,0.443594
77.2667,0.443594
78.5333,0.437226
78.5333,0.437226
78.5333,0.437226
78.5333,0.437226
78.5333,0.437226
78.5333,0.437226
78.5333,0.437226
78.5333,0.437226
78.5333,0.437226
78.5333,0.437226
78.5333,0.437226
78.5333,0.437226
78.5333,0.437226
78.5333,0.437226
78.5333,0.437226
78.5333,0.437226
78.5333,0.437226
78.5333,0.437226
78.5333,0.437226
79.8,0.431187
79.8,0.431187
79.8,0.431187
79.8,0.431187
79.8,0.431187
79.8,0.431187
79.8,0.431187
79.8,0.431187
79.8,0.431187
79.8,0.431187
79.8,0.431187
79.8,0.431187
79.8,0.431187
79.8,0.431187
79.8,0.431187
79.8,0.431187
79.8,0.431187
79.8,0.431187
79.8,0.431187
81.0667,0.429831
81.0667,0.429831
81.0667,0.429831
81.0667,0.429831
81.0667,0.429831
81.0667,0.429831
81.0667,0.429831
81.0667,0.429831
81.0667,0.429831
81.0667,0.429831
81.0667,0.429831
81.0667,0.429831
81.0667,0.429831
81.0667,0.429831
81.0667,0.429831
81.0667,0.429831
81.0667,0.429831
81.0667,0.429831
81.0667,0.429831
82.3333,0.431371
82.3333,0.431371
82.3333,0.431371
82.3333,0.431371
82.3333,0.431371
82.3333,0.431371
82.3333,0.431371
82.3333,0.431371
82.3333,0.431371
82.3333,0.431371
82.3333,0.431371
82.3333,0.431371
82.3333,0.431371
82.3333,0.431371
82.3333,0.431371
82.3333,0.431371
82.3333,0.431371
82.3333,0.431371
82.3333,0.431371
83.6,0.436708
83.6,0.436708
83.6,0.436708
83.6,0.436708
83.6,0.436708
83.6,0.436708
83.6,0.436708
83.6,0.436708
83.6,0.436708
83.6,0.436708
83.6,0.436708
83.6,0.436708
83.6,0.436708
83.6,0.436708
83.6,0.436708
83.6,0.436708
83.6,0.436708
83.6,0.436708
83.6,0.436708
84.8667,0.434949
84.8667,0.434949
84.8667,0.434949
84.8667,0.434949
84.8667,0.434949
84.8667,0.434949
84.8667,0.434949
84.8667,0.434949
84.8667,0.434949
84.8667,0.434949
84.8667,0.434949
84.8667,0.434949
84.8667,0.434949
84.8667,0.434949
84.8667,0.434949
84.8667,0.434949
84.8667,0.434949
84.8667,0.434949
84.8667,0.434949
86.1333,0.435983
86.1333,0.435983
86.1333,0.435983
86.1333,0.435983
86.1333,0.435983
86.1333,0.435983
86.1333,0.435983
86.1333,0.435983
86.1333,0.435983
86.1333,0.435983
86.1333,0.435983
86.1333,0.435983
86.1333,0.435983
86.1333,0.435983
86.1333,0.435983
86.1333,0.435983
86.1333,0.435983
86.1333,0.435983
86.1333,0.435983
87.4,0.434028
87.4,0.434028
87.4,0.434028
87.4,0.434028
87.4,0.434028
87.4,0.434028
87.4,0.434028
87.4,0.434028
87.4,0.434028
87.4,0.434028
87.4,0.434028
87.4,0.434028
87.4,0.434028
87.4,0.434028
87.4,0.434028
87.4,0.434028
87.4,0.434028
87.4,0.434028
87.4,0.434028
88.6667,0.432954
88.6667,0.432954
88.6667,0.432954
88.6667,0.432954
88.6667,0.432954
88.6667,0.432954
88.6667,0.432954
88.6667,0.432954
88.6667,0.432954
88.6667,0.432954
88.6667,0.432954
88.6667,0.432954
88.6667,0.432954
88.6667,0.432954
88.6667,0.432954
88.6667,0.432954
88.6667,0.432954
88.6667,0.432954
88.6667,0.432954
89.9333,0.435337
89.9333,0.435337
89.9333,0.435337
89.9333,0.435337
89.9333,0.435337
89.9333,0.435337
89.9333,0.435337
89.9333,0.435337
89.9333,0.435337
89.9333,0.435337
89.9333,0.435337
89.9333,0.435337
89.9333,0.435337
89.9333,0.435337
89.9333,0.435337
89.9333,0.435337
89.9333,0.435337
89.9333,0.435337
89.9333,0.435337
91.2,0.431477
91.2,0.431477
91.2,0.431477
91.2,0.431477
91.2,0.431477
91.2,0.431477
91.2,0.431477
91.2,0.431477
91.2,0.431477
91.2,0.431477
91.2,0.431477
91.2,0.431477
91.2,0.431477
91.2,0.431477
91.2,0.431477
91.2,0.431477
91.2,0.431477
91.2,0.431477
91.2,0.431477
92.4667,0.416684
92.4667,0.416684
92.4667,0.416684
92.4667,0.416684
92.4667,0.416684
92.4667,0.416684
92.4667,0.416684
92.4667,0.416684
92.4667,0.416684
92.4667,0.416684
92.4667,0.416684
92.4667,0.416684
92.4667,0.416684
92.4667,0.416684
92.4667,0.416684
92.4667,0.416684
92.4667,0.416684
92.4667,0.416684
92.4667,0.416684
93.7333,0.422268
93.7333,0.422268
93.7333,0.422268
93.7333,0.422268
93.7333,0.422268
93.7333,0.422268
93.7333,0.422268
93.7333,0.422268
93.7333,0.422268
93.7333,0.422268
93.7333,0.422268
93.7333,0.422268
93.7333,0.422268
93.7333,0.422268
93.7333,0.422268
93.7333,0.422268
93.7333,0.422268
93.7333,0.422268
93.7333,0.422268
95,0.42409
95,0.42409
95,0.42409
95,0.42409
95,0.42409
95,0.42409
95,0.42409
95,0.42409
95,0.42409
95,0.42409
95,0.42409
95,0.42409
95,0.42409
95,0.42409
95,0.42409
95,0.42409
95,0.42409
95,0.42409
95,0.42409
96.2667,0.443421
96.2667,0.443421
96.2667,0.443421
96.2667,0.443421
96.2667,0.443421
96.2667,0.443421
96.2667,0.443421
96.2667,0.443421
96.2667,0.443421
96.2667,0.443421
96.2667,0.443421
96.2667,0.443421
96.2667,0.443421
96.2667,0.443421
96.2667,0.443421
96.2667,0.443421
96.2667,0.443421
96.2667,0.443421
96.2667,0.443421
97.5333,0.426089
97.5333,0.426089
97.5333,0.426089
97.5333,0.426089
97.5333,0.426089
97.5333,0.426089
97.5333,0.426089
97.5333,0.426089
97.5333,0.426089
97.5333,0.426089
97.5333,0.426089
97.5333,0.426089
97.5333,0.426089
97.5333,0.426089
97.5333,0.426089
97.5333,0.426089
97.5333,0.426089
97.5333,0.426089
97.5333,0.426089
98.8,0.379671
98.8,0.379671
98.8,0.379671
98.8,0.379671
98.8,0.379671
98.8,0.379671
98.8,0.379671
98.8,0.379671
98.8,0.379671
98.8,0.379671
98.8,0.379671
98.8,0.379671
98.8,0.379671
98.8,0.379671
98.8,0.379671
98.8,0.379671
98.8,0.379671
98.8,0.379671
98.8,0.379671
100.067,0.348686
100.067,0.348686
100.067,0.348686
100.067,0.348686
100.067,0.348686
100.067,0.348686
100.067,0.348686
100.067,0.348686
100.067,0.348686
100.067,0.348686
100.067,0.348686
100.067,0.348686
100.067,0.348686
100.067,0.348686
100.067,0.348686
100.067,0.348686
100.067,0.348686
100.067,0.348686
100.067,0.348686
101.333,0.320047
101.333,0.320047
101.333,0.320047
101.333,0.320047
101.333,0.320047
101.333,0.320047
101.333,0.320047
101.333,0.320047
101.333,0.320047
101.333,0.320047
101.333,0.320047
101.333,0.320047
101.333,0.320047
101.333,0.320047
101.333,0.320047
101.333,0.320047
101.333,0.320047
101.333,0.320047
101.333,0.320047
102.6,0.289959
102.6,0.289959
102.6,0.289959
102.6,0.289959
102.6,0.289959
102.6,0.289959
102.6,0.289959
102.6,0.289959
102.6,0.289959
102.6,0.289959
102.6,0.289959
102.6,0.289959
102.6,0.289959
102.6,0.289959
102.6,0.289959
102.6,0.289959
102.6,0.289959
102.6,0.289959
102.6,0.289959
103.867,0.305568
103.867,0.305568
103.867,0.305568
103.867,0.305568
103.867,0.305568
103.867,0.305568
103.867,0.305568
103.867,0.305568
103.867,0.305568
103.867,0.305568
103.867,0.305568
103.867,0.305568
103.867,0.305568
103.867,0.305568
103.867,0.305568
103.867,0.305568
103.867,0.305568
103.867,0.305568
103.867,0.305568
105.133,0.328637
105.133,0.328637
105.133,0.328637
105.133,0.328637
105.133,0.328637
105.133,0.328637
105.133,0.328637
105.133,0.328637
105.133,0.328637
105.133,0.328637
105.133,0.328637
105.133,0.328637
105.133,0.328637
105.133,0.328637
105.133,0.328637
105.133,0.328637
105.133,0.328637
105.133,0.328637
105.133,0.328637
106.4,0.333246
106.4,0.333246
106.4,0.333246
106.4,0.333246
106.4,0.333246
106.4,0.333246
106.4,0.333246
106.4,0.333246
106.4,0.333246
106.4,0.333246
106.4,0.333246
106.4,0.333246
106.4,0.333246
106.4,0.333246
106.4,0.333246
106.4,0.333246
106.4,0.333246
106.4,0.333246
106.4,0.333246
107.667,0.353271
107.667,0.353271
107.667,0.353271
107.667,0.353271
107.667,0.353271
107.667,0.353271
107.667,0.353271
107.667,0.353271
107.667,0.353271
107.667,0.353271
107.667,0.353271
107.667,0.353271
107.667,0.353271
107.667,0.353271
107.667,0.353271
107.667,0.353271
107.667,0.353271
107.667,0.353271
107.667,0.353271
108.933,0.371536
108.933,0.371536
108.933,0.371536
108.933,0.371536
108.933,0.371536
108.933,0.371536
108.933,0.371536
108.933,0.371536
108.933,0.371536
108.933,0.371536
108.933,0.371536
108.933,0.371536
108.933,0.371536
108.933,0.371536
108.933,0.371536
108.933,0.371536
108.933,0.371536
108.933,0.371536
108.933,0.371536
110.2,0.366481
110.2,0.366481
110.2,0.366481
110.2,0.366481
110.2,0.366481
110.2,0.366481
110.2,0.366481
110.2,0.366481
110.2,0.366481
110.2,0.366481
110.2,0.366481
110.2,0.366481
110.2,0.366481
110.2,0.366481
110.2,0.366481
110.2,0.366481
110.2,0.366481
110.2,0.366481
110.2,0.366481
111.467,0.343266
111.467,0.343266
111.467,0.343266
111.467,0.343266
111.467,0.343266
111.467,0.343266
111.467,0.343266
111.467,0.343266
111.467,0.343266
111.467,0.343266
111.467,0.343266
111.467,0.343266
111.467,0.343266
111.467,0.343266
111.467,0.343266
111.467,0.343266
111.467,0.343266
111.467,0.343266
111.467,0.343266
112.733,0.350018
112.733,0.350018
112.733,0.350018
112.733,0.350018
112.733,0.350018
112.733,0.350018
112.733,0.350018
112.733,0.350018
112.733,0.350018
112.733,0.350018
112.733,0.350018
112.733,0.350018
112.733,0.350018
112.733,0.350018
112.733,0.350018
112.733,0.350018
112.733,0.350018
112.733,0.350018
112.733,0.350018
114,0.337725
114,0.337725
114,0.337725
114,0.337725
114,0.337725
114,0.337725
114,0.337725
114,0.337725
114,0.337725
114,0.337725
114,0.337725
114,0.337725
114,0.337725
114,0.337725
114,0.337725
114,0.337725
114,0.337725
114,0.337725
114,0.337725
115.267,0.274292
115.267,0.274292
115.267,0.274292
115.267,0.274292
115.267,0.274292
115.267,0.274292
115.267,0.274292
115.267,0.274292
115.267,0.274292
115.267,0.274292
115.267,0.274292
115.267,0.274292
115.267,0.274292
115.267,0.274292
115.267,0.274292
115.267,0.274292
115.267,0.274292
115.267,0.274292
115.267,0.274292
116.533,0.21327
116.533,0.21327
116.533,0.21327
116.533,0.21327
116.533,0.21327
116.533,0.21327
116.533,0.21327
116.533,0.21327
116.533,0.21327
116.533,0.21327
116.533,0.21327
116.533,0.21327
116.533,0.21327
116.533,0.21327
116.533,0.21327
116.533,0.21327
116.533,0.21327
116.533,0.21327
116.533,0.21327
117.8,0.212721
117.8,0.212721
117.8,0.212721
117.8,0.212721
117.8,0.212721
117.8,0.212721
117.8,0.212721
117.8,0.212721
117.8,0.212721
117.8,0.212721
117.8,0.212721
117.8,0.212721
117.8,0.212721
117.8,0.212721
117.8,0.212721
117.8,0.212721
117.8,0.212721
117.8,0.212721
117.8,0.212721
119.067,0.191862
119.067,0.191862
119.067,0.191862
119.067,0.191862
119.067,0.191862
119.067,0.191862
119.067,0.191862
119.067,0.191862
119.067,0.191862
119.067,0.191862
119.067,0.191862
119.067,0.191862
119.067,0.191862
119.067,0.191862
119.067,0.191862
119.067,0.191862
119.067,0.191862
119.067,0.191862
119.067,0.191862
120.333,0.193954
120.333,0.193954
120.333,0.193954
120.333,0.193954
120.333,0.193954
120.333,0.193954
120.333,0.193954
120.333,0.193954
120.333,0.193954
120.333,0.193954
120.333,0.193954
120.333,0.193954
120.333,0.193954
120.333,0.193954
120.333,0.193954
120.333,0.193954
120.333,0.193954
120.333,0.193954
120.333,0.193954
121.6,0.201286
121.6,0.201286
121.6,0.201286
121.6,0.201286
121.6,0.201286
121.6,0.201286
121.6,0.201286
121.6,0.201286
121.6,0.201286
121.6,0.201286
121.6,0.201286
121.6,0.201286
121.6,0.201286
121.6,0.201286
121.6,0.201286
121.6,0.201286
121.6,0.201286
121.6,0.201286
121.6,0.201286
122.867,0.16929
122.867,0.16929
122.867,0.16929
122.867,0.16929
122.867,0.16929
122.867,0.16929
122.867,0.16929
122.867,0.16929
122.867,0.16929
122.867,0.16929
122.867,0.16929
122.867,0.16929
122.867,0.16929
122.867,0.16929
122.867,0.16929
122.867,0.16929
122.867,0.16929
122.867,0.16929
122.867,0.16929
124.133,0.126893
124.133,0.126893
124.133,0.126893
124.133,0.126893
124.133,0.126893
124.133,0.126893
124.133,0.126893
124.133,0.126893
124.133,0.126893
124.133,0.126893
124.133,0.126893
124.133,0.126893
124.133,0.126893
124.133,0.126893
124.133,0.126893
124.133,0.126893
124.133,0.126893
124.133,0.126893
124.133,0.126893
125.4,0.173071
125.4,0.173071
125.4,0.173071
125.4,0.173071
125.4,0.173071
125.4,0.173071
125.4,0.173071
125.4,0.173071
125.4,0.173071
125.4,0.173071
125.4,0.173071
125.4,0.173071
125.4,0.173071
125.4,0.173071
125.4,0.173071
125.4,0.173071
125.4,0.173071
125.4,0.173071
125.4,0.173071
126.667,0.204339
126.667,0.204339
126.667,0.204339
126.667,0.204339
126.667,0.204339
126.667,0.204339
126.667,0.204339
126.667,0.204339
126.667,0.204339
126.667,0.204339
126.667,0.204339
126.667,0.204339
126.667,0.204339
126.667,0.204339
126.667,0.204339
126.667,0.204339
126.667,0.204339
126.667,0.204339
126.667,0.204339
127.933,0.158278
127.933,0.158278
127.933,0.158278
127.933,0.158278
127.933,0.158278
127.933,0.158278
127.933,0.158278
127.933,0.158278
127.933,0.158278
127.933,0.158278
127.933,0.158278
127.933,0.158278
127.933,0.158278
127.933,0.158278
127.933,0.158278
127.933,0.158278
127.933,0.158278
127.933,0.158278
127.933,0.158278
129.2,0.110493
129.2,0.110493
129.2,0.110493
129.2,0.110493
129.2,0.110493
129.2,0.110493
129.2,0.110493
129.2,0.110493
129.2,0.110493
129.2,0.110493
129.2,0.110493
129.2,0.110493
129.2,0.110493
129.2,0.110493
129.2,0.110493
129.2,0.110493
129.2,0.110493
129.2,0.110493
129.2,0.110493
130.467,0.0364404
130.467,0.0364404
130.467,0.0364404
130.467,0.0364404
130.467,0.0364404
130.467,0.0364404
130.467,0.0364404
130.467,0.0364404
130.467,0.0364404
130.467,0.0364404
130.467,0.0364404
130.467,0.0364404
130.467,0.0364404
130.467,0.0364404
130.467,0.0364404
130.467,0.0364404
130.467,0.0364404
130.467,0.0364404
130.467,0.0364404
131.733,0.000971848
131.733,0.000971848
131.733,0.000971848
131.733,0.000971848
131.733,0.000971848
131.733,0.000971848
131.733,0.000971848
131.733,0.000971848
131.733,0.000971848
131.733,0.000971848
131.733,0.000971848
131.733,0.000971848
131.733,0.000971848
131.733,0.000971848
131.733,0.000971848
131.733,0.000971848
131.733,0.000971848
131.733,0.000971848
131.733,0.000971848
133,0.000905229
133,0.000905229
133,0.000905229
133,0.000905229
133,0.000905229
133,0.000905229
133,0.000905229
133,0.000905229
133,0.000905229
133,0.000905229
133,0.000905229
133,0.000905229
133,0.000905229
133,0.000905229
133,0.000905229
133,0.000905229
133,0.000905229
133,0.000905229
133,0.000905229
134.267,0.149778
134.267,0.149778
134.267,0.149778
134.267,0.149778
134.267,0.149778
134.267,0.149778
134.267,0.149778
134.267,0.149778
134.267,0.149778
134.267,0.149778
134.267,0.149778
134.267,0.149778
134.267,0.149778
134.267,0.149778
134.267,0.149778
134.267,0.149778
134.267,0.149778
134.267,0.149778
134.267,0.149778
135.533,0.185176
135.533,0.185176
135.533,0.185176
135.533,0.185176
135.533,0.185176
135.533,0.185176
135.533,0.185176
135.533,0.185176
135.533,0.185176
135.533,0.185176
135.533,0.185176
135.533,0.185176
135.533,0.185176
135.533,0.185176
135.533,0.185176
135.533,0.185176
135.533,0.185176
135.533,0.185176
135.533,0.185176
136.8,0.0528677
136.8,0.0528677
136.8,0.0528677
136.8,0.0528677
136.8,0.0528677
136.8,0.0528677
136.8,0.0528677
136.8,0.0528677
136.8,0.0528677
136.8,0.0528677
136.8,0.0528677
136.8,0.0528677
136.8,0.0528677
136.8,0.0528677
136.8,0.0528677
136.8,0.0528677
136.8,0.0528677
136.8,0.0528677
136.8,0.0528677
138.067,0.0203579
138.067,0.0203579
138.067,0.0203579
138.067,0.0203579
138.067,0.0203579
138.067,0.0203579
138.067,0.0203579
138.067,0.0203579
138.067,0.0203579
138.067,0.0203579
138.067,0.0203579
138.067,0.0203579
138.067,0.0203579
138.067,0.0203579
138.067,0.0203579
138.067,0.0203579
138.067,0.0203579
138.067,0.0203579
138.067,0.0203579
139.333,0.00457317
139.333,0.00457317
139.333,0.00457317
139.333,0.00457317
139.333,0.00457317
139.333,0.00457317
139.333,0.00457317
139.333,0.00457317
139.333,0.00457317
139.333,0.00457317
139.333,0.00457317
139.333,0.00457317
139.333,0.00457317
139.333,0.00457317
139.333,0.00457317
139.333,0.00457317
139.333,0.00457317
139.333,0.00457317
139.333,0.00457317
140.6,0.0286891
140.6,0.0286891
140.6,0.0286891
140.6,0.0286891
140.6,0.0286891
140.6,0.0286891
140.6,0.0286891
140.6,0.0286891
140.6,0.0286891
140.6,0.0286891
140.6,0.0286891
140.6,0.0286891
140.6,0.0286891
140.6,0.0286891
140.6,0.0286891
140.6,0.0286891
140.6,0.0286891
140.6,0.0286891
140.6,0.0286891
141.867,0.13919
141.867,0.13919
141.867,0.13919
141.867,0.13919
141.867,0.13919
141.867,0.13919
141.867,0.13919
141.867,0.13919
141.867,0.13919
141.867,0.13919
141.867,0.13919
141.867,0.13919
141.867,0.13919
141.867,0.13919
141.867,0.13919
141.867,0.13919
141.867,0.13919
141.867,0.13919
141.867,0.13919
143.133,0.191713
143.133,0.191713
143.133,0.191713
143.133,0.191713
143.133,0.191713
143.133,0.191713
143.133,0.191713
143.133,0.191713
143.133,0.191713
143.133,0.191713
143.133,0.191713
143.133,0.191713
143.133,0.191713
143.133,0.191713
143.133,0.191713
143.133,0.191713
143.133,0.191713
143.133,0.191713
143.133,0.191713
144.4,0.189632
144.4,0.189632
144.4,0.189632
144.4,0.189632
144.4,0.189632
144.4,0.189632
144.4,0.189632
144.4,0.189632
144.4,0.189632
144.4,0.189632
144.4,0.189632
144.4,0.189632
144.4,0.189632
144.4,0.189632
144.4,0.189632
144.4,0.189632
144.4,0.189632
144.4,0.189632
144.4,0.189632
145.667,0.0669987
145.667,0.0669987
145.667,0.0669987
145.667,0.0669987
145.667,0.0669987
145.667,0.0669987
145.667,0.0669987
145.667,0.0669987
145.667,0.0669987
145.667,0.0669987
145.667,0.0669987
145.667,0.0669987
145.667,0.0669987
145.667,0.0669987
145.667,0.0669987
145.667,0.0669987
145.667,0.0669987
145.667,0.0669987
145.667,0.0669987
146.933,0.00332701
146.933,0.00332701
146.933,0.00332701
146.933,0.00332701
146.933,0.00332701
146.933,0.00332701
146.933,0.00332701
146.933,0.00332701
146.933,0.00332701
146.933,0.00332701
146.933,0.00332701
146.933,0.00332701
146.933,0.00332701
146.933,0.00332701
146.933,0.00332701
146.933,0.00332701
146.933,0.00332701
146.933,0.00332701
146.933,0.00332701
148.2,0.00126183
148.2,0.00126183
148.2,0.00126183
148.2,0.00126183
148.2,0.00126183
148.2,0.00126183
148.2,0.00126183
148.2,0.00126183
148.2,0.00126183
148.2,0.00126183
148.2,0.00126183
148.2,0.00126183
148.2,0.00126183
148.2,0.00126183
148.2,0.00126183
148.2,0.00126183
148.2,0.00126183
148.2,0.00126183
148.2,0.00126183
149.467,0.0016929
149.467,0.0016929
149.467,0.0016929
149.467,0.0016929
149.467,0.0016929
149.467,0.0016929
149.467,0.0016929
149.467,0.0016929
149.467,0.0016929
149.467,0.0016929
149.467,0.0016929
149.467,0.0016929
149.467,0.0016929
149.467,0.0016929
149.467,0.0016929
149.467,0.0016929
149.467,0.0016929
149.467,0.0016929
149.467,0.0016929
150.733,0.0018183
150.733,0.0018183
150.733,0.0018183
150.733,0.0018183
150.733,0.0018183
150.733,0.0018183
150.733,0.0018183
150.733,0.0018183
150.733,0.0018183
150.733,0.0018183
150.733,0.0018183
150.733,0.0018183
150.733,0.0018183
150.733,0.0018183
150.733,0.0018183
150.733,0.0018183
150.733,0.0018183
150.733,0.0018183
150.733,0.0018183
152,0.0582874
152,0.0582874
152,0.0582874
152,0.0582874
152,0.0582874
152,0.0582874
152,0.0582874
152,0.0582874
152,0.0582874
152,0.0582874
152,0.0582874
152,0.0582874
152,0.0582874
152,0.0582874
152,0.0582874
152,0.0582874
152,0.0582874
152,0.0582874
152,0.0582874
153.267,0.0689111
153.267,0.0689111
153.267,0.0689111
153.267,0.0689111
153.267,0.0689111
153.267,0.0689111
153.267,0.0689111
153.267,0.0689111
153.267,0.0689111
153.267,0.0689111
153.267,0.0689111
153.267,0.0689111
153.267,0.0689111
153.267,0.0689111
153.267,0.0689111
153.267,0.0689111
153.267,0.0689111
153.267,0.0689111
153.267,0.0689111
154.533,0.03231
154.533,0.03231
154.533,0.03231
154.533,0.03231
154.533,0.03231
154.533,0.03231
154.533,0.03231
154.533,0.03231
154.533,0.03231
154.533,0.03231
154.533,0.03231
154.533,0.03231
154.533,0.03231
154.533,0.03231
154.533,0.03231
154.533,0.03231
154.533,0.03231
154.533,0.03231
154.533,0.03231
155.8,0.0148168
155.8,0.0148168
155.8,0.0148168
155.8,0.0148168
155.8,0.0148168
155.8,0.0148168
155.8,0.0148168
155.8,0.0148168
155.8,0.0148168
155.8,0.0148168
155.8,0.0148168
155.8,0.0148168
155.8,0.0148168
155.8,0.0148168
155.8,0.0148168
155.8,0.0148168
155.8,0.0148168
155.8,0.0148168
155.8,0.0148168
157.067,0.00414995
157.067,0.00414995
157.067,0.00414995
157.067,0.00414995
157.067,0.00414995
157.067,0.00414995
157.067,0.00414995
157.067,0.00414995
157.067,0.00414995
157.067,0.00414995
157.067,0.00414995
157.067,0.00414995
157.067,0.00414995
157.067,0.00414995
157.067,0.00414995
157.067,0.00414995
157.067,0.00414995
157.067,0.00414995
157.067,0.00414995
158.333,0.00651687
158.333,0.00651687
158.333,0.00651687
158.333,0.00651687
158.333,0.00651687
158.333,0.00651687
158.333,0.00651687
158.333,0.00651687
158.333,0.00651687
158.333,0.00651687
158.333,0.00651687
158.333,0.00651687
158.333,0.00651687
158.333,0.00651687
158.333,0.00651687
158.333,0.00651687
158.333,0.00651687
158.333,0.00651687
158.333,0.00651687
159.6,0.0623668
159.6,0.0623668
159.6,0.0623668
159.6,0.0623668
159.6,0.0623668
159.6,0.0623668
159.6,0.0623668
159.6,0.0623668
159.6,0.0623668
159.6,0.0623668
159.6,0.0623668
159.6,0.0623668
159.6,0.0623668
159.6,0.0623668
159.6,0.0623668
159.6,0.0623668
159.6,0.0623668
159.6,0.0623668
159.6,0.0623668
160.867,0.0525973
160.867,0.0525973
160.867,0.0525973
160.867,0.0525973
160.867,0.0525973
160.867,0.0525973
160.867,0.0525973
160.867,0.0525973
160.867,0.0525973
160.867,0.0525973
160.867,0.0525973
160.867,0.0525973
160.867,0.0525973
160.867,0.0525973
160.867,0.0525973
160.867,0.0525973
160.867,0.0525973
160.867,0.0525973
160.867,0.0525973
162.133,0.00775519
162.133,0.00775519
162.133,0.00775519
162.133,0.00775519
162.133,0.00775519
162.133,0.00775519
162.133,0.00775519
162.133,0.00775519
162.133,0.00775519
162.133,0.00775519
162.133,0.00775519
162.133,0.00775519
162.133,0.00775519
162.133,0.00775519
162.133,0.00775519
162.133,0.00775519
162.133,0.00775519
162.133,0.00775519
162.133,0.00775519
163.4,0.0479811
163.4,0.0479811
163.4,0.0479811
163.4,0.0479811
163.4,0.0479811
163.4,0.0479811
163.4,0.0479811
163.4,0.0479811
163.4,0.0479811
163.4,0.0479811
163.4,0.0479811
163.4,0.0479811
163.4,0.0479811
163.4,0.0479811
163.4,0.0479811
163.4,0.0479811
163.4,0.0479811
163.4,0.0479811
163.4,0.0479811
164.667,0.0093462
164.667,0.0093462
164.667,0.0093462
164.667,0.0093462
164.667,0.0093462
164.667,0.0093462
164.667,0.0093462
164.667,0.0093462
164.667,0.0093462
164.667,0.0093462
164.667,0.0093462
164.667,0.0093462
164.667,0.0093462
164.667,0.0093462
164.667,0.0093462
164.667,0.0093462
164.667,0.0093462
164.667,0.0093462
164.667,0.0093462
165.933,0.00878582
165.933,0.00878582
165.933,0.00878582
165.933,0.00878582
165.933,0.00878582
165.933,0.00878582
165.933,0.00878582
165.933,0.00878582
165.933,0.00878582
165.933,0.00878582
165.933,0.00878582
165.933,0.00878582
165.933,0.00878582
165.933,0.00878582
165.933,0.00878582
165.933,0.00878582
165.933,0.00878582
165.933,0.00878582
165.933,0.00878582
167.2,0.017266
167.2,0.017266
167.2,0.017266
167.2,0.017266
167.2,0.017266
167.2,0.017266
167.2,0.017266
167.2,0.017266
167.2,0.017266
167.2,0.017266
167.2,0.017266
167.2,0.017266
167.2,0.017266
167.2,0.017266
167.2,0.017266
167.2,0.017266
167.2,0.017266
167.2,0.017266
167.2,0.017266
168.467,0.065972
168.467,0.065972
168.467,0.065972
168.467,0.065972
168.467,0.065972
168.467,0.065972
168.467,0.065972
168.467,0.065972
168.467,0.065972
168.467,0.065972
168.467,0.065972
168.467,0.065972
168.467,0.065972
168.467,0.065972
168.467,0.065972
168.467,0.065972
168.467,0.065972
168.467,0.065972
168.467,0.065972
169.733,0.0668929
169.733,0.0668929
169.733,0.0668929
169.733,0.0668929
169.733,0.0668929
169.733,0.0668929
169.733,0.0668929
169.733,0.0668929
169.733,0.0668929
169.733,0.0668929
169.733,0.0668929
169.733,0.0668929
169.733,0.0668929
169.733,0.0668929
169.733,0.0668929
169.733,0.0668929
169.733,0.0668929
169.733,0.0668929
169.733,0.0668929
171,0.00246881
171,0.00246881
171,0.00246881
171,0.00246881
171,0.00246881
171,0.00246881
171,0.00246881
171,0.00246881
171,0.00246881
171,0.00246881
171,0.00246881
171,0.00246881
171,0.00246881
171,0.00246881
171,0.00246881
171,0.00246881
171,0.00246881
171,0.00246881
171,0.00246881
172.267,0.00166546
172.267,0.00166546
172.267,0.00166546
172.267,0.00166546
172.267,0.00166546
172.267,0.00166546
172.267,0.00166546
172.267,0.00166546
172.267,0.00166546
172.267,0.00166546
172.267,0.00166546
172.267,0.00166546
172.267,0.00166546
172.267,0.00166546
172.267,0.00166546
172.267,0.00166546
172.267,0.00166546
172.267,0.00166546
172.267,0.00166546
173.533,0.00173208
173.533,0.00173208
173.533,0.00173208
173.533,0.00173208
173.533,0.00173208
173.533,0.00173208
173.533,0.00173208
173.533,0.00173208
173.533,0.00173208
173.533,0.00173208
173.533,0.00173208
173.533,0.00173208
173.533,0.00173208
173.533,0.00173208
173.533,0.00173208
173.533,0.00173208
173.533,0.00173208
173.533,0.00173208
173.533,0.00173208
174.8,0.00205734
174.8,0.00205734
174.8,0.00205734
174.8,0.00205734
174.8,0.00205734
174.8,0.00205734
174.8,0.00205734
174.8,0.00205734
174.8,0.00205734
174.8,0.00205734
174.8,0.00205734
174.8,0.00205734
174.8,0.00205734
174.8,0.00205734
174.8,0.00205734
174.8,0.00205734
174.8,0.00205734
174.8,0.00205734
174.8,0.00205734
176.067,0.0741857
176.067,0.0741857
176.067,0.0741857
176.067,0.0741857
176.067,0.0741857
176.067,0.0741857
176.067,0.0741857
176.067,0.0741857
176.067,0.0741857
176.067,0.0741857
176.067,0.0741857
176.067,0.0741857
176.067,0.0741857
176.067,0.0741857
176.067,0.0741857
176.067,0.0741857
176.067,0.0741857
176.067,0.0741857
176.067,0.0741857
177.333,0.142842
177.333,0.142842
177.333,0.142842
177.333,0.142842
177.333,0.142842
177.333,0.142842
177.333,0.142842
177.333,0.142842
177.333,0.142842
177.333,0.142842
177.333,0.142842
177.333,0.142842
177.333,0.142842
177.333,0.142842
177.333,0.142842
177.333,0.142842
177.333,0.142842
177.333,0.142842
177.333,0.142842
178.6,0.113267
178.6,0.113267
178.6,0.113267
178.6,0.113267
178.6,0.113267
178.6,0.113267
178.6,0.113267
178.6,0.113267
178.6,0.113267
178.6,0.113267
178.6,0.113267
178.6,0.113267
178.6,0.113267
178.6,0.113267
178.6,0.113267
178.6,0.113267
178.6,0.113267
178.6,0.113267
178.6,0.113267
179.867,0.0421578
179.867,0.0421578
179.867,0.0421578
179.867,0.0421578
179.867,0.0421578
179.867,0.0421578
179.867,0.0421578
179.867,0.0421578
179.867,0.0421578
179.867,0.0421578
179.867,0.0421578
179.867,0.0421578
179.867,0.0421578
179.867,0.0421578
179.867,0.0421578
179.867,0.0421578
179.867,0.0421578
179.867,0.0421578
179.867,0.0421578
181.133,0.035978
181.133,0.035978
181.133,0.035978
181.133,0.035978
181.133,0.035978
181.133,0.035978
181.133,0.035978
181.133,0.035978
181.133,0.035978
181.133,0.035978
181.133,0.035978
181.133,0.035978
181.133,0.035978
181.133,0.035978
181.133,0.035978
181.133,0.035978
181.133,0.035978
181.133,0.035978
181.133,0.035978
182.4,0.0750165
182.4,0.0750165
182.4,0.0750165
182.4,0.0750165
182.4,0.0750165
182.4,0.0750165
182.4,0.0750165
182.4,0.0750165
182.4,0.0750165
182.4,0.0750165
182.4,0.0750165
182.4,0.0750165
182.4,0.0750165
182.4,0.0750165
182.4,0.0750165
182.4,0.0750165
182.4,0.0750165
182.4,0.0750165
182.4,0.0750165
183.667,0.0894649
183.667,0.0894649
183.667,0.0894649
183.667,0.0894649
183.667,0.0894649
183.667,0.0894649
183.667,0.0894649
183.667,0.0894649
183.667,0.0894649
183.667,0.0894649
183.667,0.0894649
183.667,0.0894649
183.667,0.0894649
183.667,0.0894649
183.667,0.0894649
183.667,0.0894649
183.667,0.0894649
183.667,0.0894649
183.667,0.0894649
184.933,0.0951666
184.933,0.0951666
184.933,0.0951666
184.933,0.0951666
184.933,0.0951666
184.933,0.0951666
184.933,0.0951666
184.933,0.0951666
184.933,0.0951666
184.933,0.0951666
184.933,0.0951666
184.933,0.0951666
184.933,0.0951666
184.933,0.0951666
184.933,0.0951666
184.933,0.0951666
184.933,0.0951666
184.933,0.0951666
184.933,0.0951666
186.2,0.0978196
186.2,0.0978196
186.2,0.0978196
186.2,0.0978196
186.2,0.0978196
186.2,0.0978196
186.2,0.0978196
186.2,0.0978196
186.2,0.0978196
186.2,0.0978196
186.2,0.0978196
186.2,0.0978196
186.2,0.0978196
186.2,0.0978196
186.2,0.0978196
186.2,0.0978196
186.2,0.0978196
186.2,0.0978196
186.2,0.0978196
187.467,0.0986112
187.467,0.0986112
187.467,0.0986112
187.467,0.0986112
187.467,0.0986112
187.467,0.0986112
187.467,0.0986112
187.467,0.0986112
187.467,0.0986112
187.467,0.0986112
187.467,0.0986112
187.467,0.0986112
187.467,0.0986112
187.467,0.0986112
187.467,0.0986112
187.467,0.0986112
187.467,0.0986112
187.467,0.0986112
187.467,0.0986112
188.733,0.0994302
188.733,0.0994302
188.733,0.0994302
188.733,0.0994302
188.733,0.0994302
188.733,0.0994302
188.733,0.0994302
188.733,0.0994302
188.733,0.0994302
188.733,0.0994302
188.733,0.0994302
188.733,0.0994302
188.733,0.0994302
188.733,0.0994302
188.733,0.0994302
188.733,0.0994302
188.733,0.0994302
188.733,0.0994302
188.733,0.0994302
190,0.102573
190,0.102573
190,0.102573
190,0.102573
190,0.102573
190,0.102573
190,0.102573
190,0.102573
190,0.102573
190,0.102573
190,0.102573
190,0.102573
190,0.102573
190,0.102573
190,0.102573
190,0.102573
190,0.102573
190,0.102573
190,0.102573
191.267,0.103376
191.267,0.103376
191.267,0.103376
191.267,0.103376
191.267,0.103376
191.267,0.103376
191.267,0.103376
191.267,0.103376
191.267,0.103376
191.267,0.103376
191.267,0.103376
191.267,0.103376
191.267,0.103376
191.267,0.103376
191.267,0.103376
191.267,0.103376
191.267,0.103376
191.267,0.103376
191.267,0.103376
192.533,0.108839
192.533,0.108839
192.533,0.108839
192.533,0.108839
192.533,0.108839
192.533,0.108839
192.533,0.108839
192.533,0.108839
192.533,0.108839
192.533,0.108839
192.533,0.108839
192.533,0.108839
192.533,0.108839
192.533,0.108839
192.533,0.108839
192.533,0.108839
192.533,0.108839
192.533,0.108839
192.533,0.108839
193.8,0.106895
193.8,0.106895
193.8,0.106895
193.8,0.106895
193.8,0.106895
193.8,0.106895
193.8,0.106895
193.8,0.106895
193.8,0.106895
193.8,0.106895
193.8,0.106895
193.8,0.106895
193.8,0.106895
193.8,0.106895
193.8,0.106895
193.8,0.106895
193.8,0.106895
193.8,0.106895
193.8,0.106895
195.067,0.105681
195.067,0.105681
195.067,0.105681
195.067,0.105681
195.067,0.105681
195.067,0.105681
195.067,0.105681
195.067,0.105681
195.067,0.105681
195.067,0.105681
195.067,0.105681
195.067,0.105681
195.067,0.105681
195.067,0.105681
195.067,0.105681
195.067,0.105681
195.067,0.105681
195.067,0.105681
195.067,0.105681
196.333,0.119294
196.333,0.119294
196.333,0.119294
196.333,0.119294
196.333,0.119294
196.333,0.119294
196.333,0.119294
196.333,0.119294
196.333,0.119294
196.333,0.119294
196.333,0.119294
196.333,0.119294
196.333,0.119294
196.333,0.119294
196.333,0.119294
196.333,0.119294
196.333,0.119294
196.333,0.119294
196.333,0.119294
197.6,0.157396
197.6,0.157396
197.6,0.157396
197.6,0.157396
197.6,0.157396
197.6,0.157396
197.6,0.157396
197.6,0.157396
197.6,0.157396
197.6,0.157396
197.6,0.157396
197.6,0.157396
197.6,0.157396
197.6,0.157396
197.6,0.157396
197.6,0.157396
197.6,0.157396
197.6,0.157396
197.6,0.157396
198.867,0.194338
198.867,0.194338
198.867,0.194338
198.867,0.194338
198.867,0.194338
198.867,0.194338
198.867,0.194338
198.867,0.194338
198.867,0.194338
198.867,0.194338
198.867,0.194338
198.867,0.194338
198.867,0.194338
198.867,0.194338
198.867,0.194338
198.867,0.194338
198.867,0.194338
198.867,0.194338
198.867,0.194338
200.133,0.275585
200.133,0.275585
200.133,0.275585
200.133,0.275585
200.133,0.275585
200.133,0.275585
200.133,0.275585
200.133,0.275585
200.133,0.275585
200.133,0.275585
200.133,0.275585
200.133,0.275585
200.133,0.275585
200.133,0.275585
200.133,0.275585
200.133,0.275585
200.133,0.275585
200.133,0.275585
200.133,0.275585
201.4,0.319381
201.4,0.319381
201.4,0.319381
201.4,0.319381
201.4,0.319381
201.4,0.319381
201.4,0.319381
201.4,0.319381
201.4,0.319381
201.4,0.319381
201.4,0.319381
201.4,0.319381
201.4,0.319381
201.4,0.319381
201.4,0.319381
201.4,0.319381
201.4,0.319381
201.4,0.319381
201.4,0.319381
202.667,0.31172
202.667,0.31172
202.667,0.31172
202.667,0.31172
202.667,0.31172
202.667,0.31172
202.667,0.31172
202.667,0.31172
202.667,0.31172
202.667,0.31172
202.667,0.31172
202.667,0.31172
202.667,0.31172
202.667,0.31172
202.667,0.31172
202.667,0.31172
202.667,0.31172
202.667,0.31172
202.667,0.31172
203.933,0.325702
203.933,0.325702
203.933,0.325702
203.933,0.325702
203.933,0.325702
203.933,0.325702
203.933,0.325702
203.933,0.325702
203.933,0.325702
203.933,0.325702
203.933,0.325702
203.933,0.325702
203.933,0.325702
203.933,0.325702
203.933,0.325702
203.933,0.325702
203.933,0.325702
203.933,0.325702
203.933,0.325702
205.2,0.355493
205.2,0.355493
205.2,0.355493
205.2,0.355493
205.2,0.355493
205.2,0.355493
205.2,0.355493
205.2,0.355493
205.2,0.355493
205.2,0.355493
205.2,0.355493
205.2,0.355493
205.2,0.355493
205.2,0.355493
205.2,0.355493
205.2,0.355493
205.2,0.355493
205.2,0.355493
205.2,0.355493
206.467,0.366904
206.467,0.366904
206.467,0.366904
206.467,0.366904
206.467,0.366904
206.467,0.366904
206.467,0.366904
206.467,0.366904
206.467,0.366904
206.467,0.366904
206.467,0.366904
206.467,0.366904
206.467,0.366904
206.467,0.366904
206.467,0.366904
206.467,0.366904
206.467,0.366904
206.467,0.366904
206.467,0.366904
207.733,0.348255
207.733,0.348255
207.733,0.348255
207.733,0.348255
207.733,0.348255
207.733,0.348255
207.733,0.348255
207.733,0.348255
207.733,0.348255
207.733,0.348255
207.733,0.348255
207.733,0.348255
207.733,0.348255
207.733,0.348255
207.733,0.348255
207.733,0.348255
207.733,0.348255
207.733,0.348255
207.733,0.348255
209,0.352773
209,0.352773
209,0.352773
209,0.352773
209,0.352773
209,0.352773
209,0.352773
209,0.352773
209,0.352773
209,0.352773
209,0.352773
209,0.352773
209,0.352773
209,0.352773
209,0.352773
209,0.352773
209,0.352773
209,0.352773
209,0.352773
210.267,0.367778
210.267,0.367778
210.267,0.367778
210.267,0.367778
210.267,0.367778
210.267,0.367778
210.267,0.367778
210.267,0.367778
210.267,0.367778
210.267,0.367778
210.267,0.367778
210.267,0.367778
210.267,0.367778
210.267,0.367778
210.267,0.367778
210.267,0.367778
210.267,0.367778
210.267,0.367778
210.267,0.367778
211.533,0.37094
211.533,0.37094
211.533,0.37094
211.533,0.37094
211.533,0.37094
211.533,0.37094
211.533,0.37094
211.533,0.37094
211.533,0.37094
211.533,0.37094
211.533,0.37094
211.533,0.37094
211.533,0.37094
211.533,0.37094
211.533,0.37094
211.533,0.37094
211.533,0.37094
211.533,0.37094
211.533,0.37094
212.8,0.391275
212.8,0.391275
212.8,0.391275
212.8,0.391275
212.8,0.391275
212.8,0.391275
212.8,0.391275
212.8,0.391275
212.8,0.391275
212.8,0.391275
212.8,0.391275
212.8,0.391275
212.8,0.391275
212.8,0.391275
212.8,0.391275
212.8,0.391275
212.8,0.391275
212.8,0.391275
212.8,0.391275
214.067,0.409054
214.067,0.409054
214.067,0.409054
214.067,0.409054
214.067,0.409054
214.067,0.409054
214.067,0.409054
214.067,0.409054
214.067,0.409054
214.067,0.409054
214.067,0.409054
214.067,0.409054
214.067,0.409054
214.067,0.409054
214.067,0.409054
214.067,0.409054
214.067,0.409054
214.067,0.409054
214.067,0.409054
215.333,0.416225
215.333,0.416225
215.333,0.416225
215.333,0.416225
215.333,0.416225
215.333,0.416225
215.333,0.416225
215.333,0.416225
215.333,0.416225
215.333,0.416225
215.333,0.416225
215.333,0.416225
215.333,0.416225
215.333,0.416225
215.333,0.416225
215.333,0.416225
215.333,0.416225
215.333,0.416225
215.333,0.416225
216.6,0.413768
216.6,0.413768
216.6,0.413768
216.6,0.413768
216.6,0.413768
216.6,0.413768
216.6,0.413768
216.6,0.413768
216.6,0.413768
216.6,0.413768
216.6,0.413768
216.6,0.413768
216.6,0.413768
216.6,0.413768
216.6,0.413768
216.6,0.413768
216.6,0.413768
216.6,0.413768
216.6,0.413768
217.867,0.416213
217.867,0.416213
217.867,0.416213
217.867,0.416213
217.867,0.416213
217.867,0.416213
217.867,0.416213
217.867,0.416213
217.867,0.416213
217.867,0.416213
217.867,0.416213
217.867,0.416213
217.867,0.416213
217.867,0.416213
217.867,0.416213
217.867,0.416213
217.867,0.416213
217.867,0.416213
217.867,0.416213
219.133,0.407937
219.133,0.407937
219.133,0.407937
219.133,0.407937
219.133,0.407937
219.133,0.407937
219.133,0.407937
219.133,0.407937
219.133,0.407937
219.133,0.407937
219.133,0.407937
219.133,0.407937
219.133,0.407937
219.133,0.407937
219.133,0.407937
219.133,0.407937
219.133,0.407937
219.133,0.407937
219.133,0.407937
220.4,0.408564
220.4,0.408564
220.4,0.408564
220.4,0.408564
220.4,0.408564
220.4,0.408564
220.4,0.408564
220.4,0.408564
220.4,0.408564
220.4,0.408564
220.4,0.408564
220.4,0.408564
220.4,0.408564
220.4,0.408564
220.4,0.408564
220.4,0.408564
220.4,0.408564
220.4,0.408564
220.4,0.408564
221.667,0.400636
221.667,0.400636
221.667,0.400636
221.667,0.400636
221.667,0.400636
221.667,0.400636
221.667,0.400636
221.667,0.400636
221.667,0.400636
221.667,0.400636
221.667,0.400636
221.667,0.400636
221.667,0.400636
221.667,0.400636
221.667,0.400636
221.667,0.400636
221.667,0.400636
221.667,0.400636
221.667,0.400636
222.933,0.405288
222.933,0.405288
222.933,0.405288
222.933,0.405288
222.933,0.405288
222.933,0.405288
222.933,0.405288
222.933,0.405288
222.933,0.405288
222.933,0.405288
222.933,0.405288
222.933,0.405288
222.933,0.405288
222.933,0.405288
222.933,0.405288
222.933,0.405288
222.933,0.405288
222.933,0.405288
222.933,0.405288
224.2,0.402878
224.2,0.402878
224.2,0.402878
224.2,0.402878
224.2,0.402878
224.2,0.402878
224.2,0.402878
224.2,0.402878
224.2,0.402878
224.2,0.402878
224.2,0.402878
224.2,0.402878
224.2,0.402878
224.2,0.402878
224.2,0.402878
224.2,0.402878
224.2,0.402878
224.2,0.402878
224.2,0.402878
225.467,0.412851
225.467,0.412851
225.467,0.412851
225.467,0.412851
225.467,0.412851
225.467,0.412851
225.467,0.412851
225.467,0.412851
225.467,0.412851
225.467,0.412851
225.467,0.412851
225.467,0.412851
225.467,0.412851
225.467,0.412851
225.467,0.412851
225.467,0.412851
225.467,0.412851
225.467,0.412851
225.467,0.412851
226.733,0.411033
226.733,0.411033
226.733,0.411033
226.733,0.411033
226.733,0.411033
226.733,0.411033
226.733,0.411033
226.733,0.411033
226.733,0.411033
226.733,0.411033
226.733,0.411033
226.733,0.411033
226.733,0.411033
226.733,0.411033
226.733,0.411033
226.733,0.411033
226.733,0.411033
226.733,0.411033
226.733,0.411033
228,0.414136
228,0.414136
228,0.414136
228,0.414136
228,0.414136
228,0.414136
228,0.414136
228,0.414136
228,0.414136
228,0.414136
228,0.414136
228,0.414136
228,0.414136
228,0.414136
228,0.414136
228,0.414136
228,0.414136
228,0.414136
228,0.414136
229.267,0.419262
229.267,0.419262
229.267,0.419262
229.267,0.419262
229.267,0.419262
229.267,0.419262
229.267,0.419262
229.267,0.419262
229.267,0.419262
229.267,0.419262
229.267,0.419262
229.267,0.419262
229.267,0.419262
229.267,0.419262
229.267,0.419262
229.267,0.419262
229.267,0.419262
229.267,0.419262
229.267,0.419262
230.533,0.420265
230.533,0.420265
230.533,0.420265
230.533,0.420265
230.533,0.420265
230.533,0.420265
230.533,0.420265
230.533,0.420265
230.533,0.420265
230.533,0.420265
230.533,0.420265
230.533,0.420265
230.533,0.420265
230.533,0.420265
230.533,0.420265
230.533,0.420265
230.533,0.420265
230.533,0.420265
230.533,0.420265
231.8,0.41273
231.8,0.41273
231.8,0.41273
231.8,0.41273
231.8,0.41273
231.8,0.41273
231.8,0.41273
231.8,0.41273
231.8,0.41273
231.8,0.41273
231.8,0.41273
231.8,0.41273
231.8,0.41273
231.8,0.41273
231.8,0.41273
231.8,0.41273
231.8,0.41273
231.8,0.41273
231.8,0.41273
233.067,0.4124
233.067,0.4124
233.067,0.4124
233.067,0.4124
233.067,0.4124
233.067,0.4124
233.067,0.4124
233.067,0.4124
233.067,0.4124
233.067,0.4124
233.067,0.4124
233.067,0.4124
233.067,0.4124
233.067,0.4124
233.067,0.4124
233.067,0.4124
233.067,0.4124
233.067,0.4124
233.067,0.4124
234.333,0.411605
234.333,0.411605
234.333,0.411605
234.333,0.411605
234.333,0.411605
234.333,0.411605
234.333,0.411605
234.333,0.411605
234.333,0.411605
234.333,0.411605
234.333,0.411605
234.333,0.411605
234.333,0.411605
234.333,0.411605
234.333,0.411605
234.333,0.411605
234.333,0.411605
234.333,0.411605
234.333,0.411605
235.6,0.412346
235.6,0.412346
235.6,0.412346
235.6,0.412346
235.6,0.412346
235.6,0.412346
235.6,0.412346
235.6,0.412346
235.6,0.412346
235.6,0.412346
235.6,0.412346
235.6,0.412346
235.6,0.412346
235.6,0.412346
235.6,0.412346
235.6,0.412346
235.6,0.412346
235.6,0.412346
235.6,0.412346
236.867,0.417722
236.867,0.417722
236.867,0.417722
236.867,0.417722
236.867,0.417722
236.867,0.417722
236.867,0.417722
236.867,0.417722
236.867,0.417722
236.867,0.417722
236.867,0.417722
236.867,0.417722
236.867,0.417722
236.867,0.417722
236.867,0.417722
236.867,0.417722
236.867,0.417722
236.867,0.417722
236.867,0.417722
238.133,0.414352
238.133,0.414352
238.133,0.414352
238.133,0.414352
238.133,0.414352
238.133,0.414352
238.133,0.414352
238.133,0.414352
238.133,0.414352
238.133,0.414352
238.133,0.414352
238.133,0.414352
238.133,0.414352
238.133,0.414352
238.133,0.414352
238.133,0.414352
238.133,0.414352
238.133,0.414352
238.133,0.414352
239.4,0.419243
239.4,0.419243
239.4,0.419243
239.4,0.419243
239.4,0.419243
239.4,0.419243
239.4,0.419243
239.4,0.419243
239.4,0.419243
239.4,0.419243
239.4,0.419243
239.4,0.419243
239.4,0.419243
239.4,0.419243
239.4,0.419243
239.4,0.419243
239.4,0.419243
239.4,0.419243
239.4,0.419243
240.667,0.414113
240.667,0.414113
240.667,0.414113
240.667,0.414113
240.667,0.414113
240.667,0.414113
240.667,0.414113
240.667,0.414113
240.667,0.414113
240.667,0.414113
240.667,0.414113
240.667,0.414113
240.667,0.414113
240.667,0.414113
240.667,0.414113
240.667,0.414113
240.667,0.414113
240.667,0.414113
240.667,0.414113
241.933,0.415112
241.933,0.415112
241.933,0.415112
241.933,0.415112
241.933,0.415112
241.933,0.415112
241.933,0.415112
241.933,0.415112
241.933,0.415112
241.933,0.415112
241.933,0.415112
241.933,0.415112
241.933,0.415112
241.933,0.415112
241.933,0.415112
241.933,0.415112
241.933,0.415112
241.933,0.415112
241.933,0.415112
243.2,0.41289
243.2,0.41289
243.2,0.41289
243.2,0.41289
243.2,0.41289
243.2,0.41289
243.2,0.41289
243.2,0.41289
243.2,0.41289
243.2,0.41289
243.2,0.41289
243.2,0.41289
243.2,0.41289
243.2,0.41289
243.2,0.41289
243.2,0.41289
243.2,0.41289
243.2,0.41289
243.2,0.41289
244.467,0.415481
244.467,0.415481
244.467,0.415481
244.467,0.415481
244.467,0.415481
244.467,0.415481
244.467,0.415481
244.467,0.415481
244.467,0.415481
244.467,0.415481
244.467,0.415481
244.467,0.415481
244.467,0.415481
244.467,0.415481
244.467,0.415481
244.467,0.415481
244.467,0.415481
244.467,0.415481
244.467,0.415481
245.733,0.420042
245.733,0.420042
245.733,0.420042
245.733,0.420042
245.733,0.420042
245.733,0.420042
245.733,0.420042
245.733,0.420042
245.733,0.420042
245.733,0.420042
245.733,0.420042
245.733,0.420042
245.733,0.420042
245.733,0.420042
245.733,0.420042
245.733,0.420042
245.733,0.420042
245.733,0.420042
245.733,0.420042
247,0.41717
247,0.41717
247,0.41717
247,0.41717
247,0.41717
247,0.41717
247,0.41717
247,0.41717
247,0.41717
247,0.41717
247,0.41717
247,0.41717
247,0.41717
247,0.41717
247,0.41717
247,0.41717
247,0.41717
247,0.41717
247,0.41717
248.267,0.4188
248.267,0.4188
248.267,0.4188
248.267,0.4188
248.267,0.4188
248.267,0.4188
248.267,0.4188
248.267,0.4188
248.267,0.4188
248.267,0.4188
248.267,0.4188
248.267,0.4188
248.267,0.4188
248.267,0.4188
248.267,0.4188
248.267,0.4188
248.267,0.4188
248.267,0.4188
248.267,0.4188
249.533,0.417612
249.533,0.417612
249.533,0.417612
249.533,0.417612
249.533,0.417612
249.533,0.417612
249.533,0.417612
249.533,0.417612
249.533,0.417612
249.533,0.417612
249.533,0.417612
249.533,0.417612
249.533,0.417612
249.533,0.417612
249.533,0.417612
249.533,0.417612
249.533,0.417612
249.533,0.417612
249.533,0.417612
250.8,0.412718
250.8,0.412718
250.8,0.412718
250.8,0.412718
250.8,0.412718
250.8,0.412718
250.8,0.412718
250.8,0.412718
250.8,0.412718
250.8,0.412718
250.8,0.412718
250.8,0.412718
250.8,0.412718
250.8,0.412718
250.8,0.412718
250.8,0.412718
250.8,0.412718
250.8,0.412718
250.8,0.412718
252.067,0.415336
252.067,0.415336
252.067,0.415336
252.067,0.415336
252.067,0.415336
252.067,0.415336
252.067,0.415336
252.067,0.415336
252.067,0.415336
252.067,0.415336
252.067,0.415336
252.067,0.415336
252.067,0.415336
252.067,0.415336
252.067,0.415336
252.067,0.415336
252.067,0.415336
252.067,0.415336
252.067,0.415336
253.333,0.431602
253.333,0.431602
253.333,0.431602
253.333,0.431602
253.333,0.431602
253.333,0.431602
253.333,0.431602
253.333,0.431602
253.333,0.431602
253.333,0.431602
253.333,0.431602
253.333,0.431602
253.333,0.431602
253.333,0.431602
253.333,0.431602
253.333,0.431602
253.333,0.431602
253.333,0.431602
253.333,0.431602
254.6,0.441211
254.6,0.441211
254.6,0.441211
254.6,0.441211
254.6,0.441211
254.6,0.441211
254.6,0.441211
254.6,0.441211
254.6,0.441211
254.6,0.441211
254.6,0.441211
254.6,0.441211
254.6,0.441211
254.6,0.441211
254.6,0.441211
254.6,0.441211
254.6,0.441211
254.6,0.441211
254.6,0.441211
255.867,0.446376
255.867,0.446376
255.867,0.446376
255.867,0.446376
255.867,0.446376
255.867,0.446376
255.867,0.446376
255.867,0.446376
255.867,0.446376
255.867,0.446376
255.867,0.446376
255.867,0.446376
255.867,0.446376
255.867,0.446376
255.867,0.446376
255.867,0.446376
255.867,0.446376
255.867,0.446376
255.867,0.446376
257.133,0.444624
257.133,0.444624
257.133,0.444624
257.133,0.444624
257.133,0.444624
257.133,0.444624
257.133,0.444624
257.133,0.444624
257.133,0.444624
257.133,0.444624
257.133,0.444624
257.133,0.444624
257.133,0.444624
257.133,0.444624
257.133,0.444624
257.133,0.444624
257.133,0.444624
257.133,0.444624
257.133,0.444624
258.4,0.443841
258.4,0.443841
258.4,0.443841
258.4,0.443841
258.4,0.443841
258.4,0.443841
258.4,0.443841
258.4,0.443841
258.4,0.443841
258.4,0.443841
258.4,0.443841
258.4,0.443841
258.4,0.443841
258.4,0.443841
258.4,0.443841
258.4,0.443841
258.4,0.443841
258.4,0.443841
258.4,0.443841
259.667,0.431951
259.667,0.431951
259.667,0.431951
259.667,0.431951
259.667,0.431951
259.667,0.431951
259.667,0.431951
259.667,0.431951
259.667,0.431951
259.667,0.431951
259.667,0.431951
259.667,0.431951
259.667,0.431951
259.667,0.431951
259.667,0.431951
259.667,0.431951
259.667,0.431951
259.667,0.431951
259.667,0.431951
260.933,0.442457
260.933,0.442457
260.933,0.442457
260.933,0.442457
260.933,0.442457
260.933,0.442457
260.933,0.442457
260.933,0.442457
260.933,0.442457
260.933,0.442457
260.933,0.442457
260.933,0.442457
260.933,0.442457
260.933,0.442457
260.933,0.442457
260.933,0.442457
260.933,0.442457
260.933,0.442457
260.933,0.442457
262.2,0.440588
262.2,0.440588
262.2,0.440588
262.2,0.440588
262.2,0.440588
262.2,0.440588
262.2,0.440588
262.2,0.440588
262.2,0.440588
262.2,0.440588
262.2,0.440588
262.2,0.440588
262.2,0.440588
262.2,0.440588
262.2,0.440588
262.2,0.440588
262.2,0.440588
262.2,0.440588
262.2,0.440588
263.467,0.441419
263.467,0.441419
263.467,0.441419
263.467,0.441419
263.467,0.441419
263.467,0.441419
263.467,0.441419
263.467,0.441419
263.467,0.441419
263.467,0.441419
263.467,0.441419
263.467,0.441419
263.467,0.441419
263.467,0.441419
263.467,0.441419
263.467,0.441419
263.467,0.441419
263.467,0.441419
263.467,0.441419
264.733,0.438491
264.733,0.438491
264.733,0.438491
264.733,0.438491
264.733,0.438491
264.733,0.438491
264.733,0.438491
264.733,0.438491
264.733,0.438491
264.733,0.438491
264.733,0.438491
264.733,0.438491
264.733,0.438491
264.733,0.438491
264.733,0.438491
264.733,0.438491
264.733,0.438491
264.733,0.438491
264.733,0.438491
266,0.438891
266,0.438891
266,0.438891
266,0.438891
266,0.438891
266,0.438891
266,0.438891
266,0.438891
266,0.438891
266,0.438891
266,0.438891
266,0.438891
266,0.438891
266,0.438891
266,0.438891
266,0.438891
266,0.438891
266,0.438891
266,0.438891
267.267,0.438825
267.267,0.438825
267.267,0.438825
267.267,0.438825
267.267,0.438825
267.267,0.438825
267.267,0.438825
267.267,0.438825
267.267,0.438825
267.267,0.438825
267.267,0.438825
267.267,0.438825
267.267,0.438825
267.267,0.438825
267.267,0.438825
267.267,0.438825
267.267,0.438825
267.267,0.438825
267.267,0.438825
268.533,0.428169
268.533,0.428169
268.533,0.428169
268.533,0.428169
268.533,0.428169
268.533,0.428169
268.533,0.428169
268.533,0.428169
268.533,0.428169
268.533,0.428169
268.533,0.428169
268.533,0.428169
268.533,0.428169
268.533,0.428169
268.533,0.428169
268.533,0.428169
268.533,0.428169
268.533,0.428169
268.533,0.428169
269.8,0.43625
269.8,0.43625
269.8,0.43625
269.8,0.43625
269.8,0.43625
269.8,0.43625
269.8,0.43625
269.8,0.43625
269.8,0.43625
269.8,0.43625
269.8,0.43625
269.8,0.43625
269.8,0.43625
269.8,0.43625
269.8,0.43625
269.8,0.43625
269.8,0.43625
269.8,0.43625
269.8,0.43625
271.067,0.435262
271.067,0.435262
271.067,0.435262
271.067,0.435262
271.067,0.435262
271.067,0.435262
271.067,0.435262
271.067,0.435262
271.067,0.435262
271.067,0.435262
271.067,0.435262
271.067,0.435262
271.067,0.435262
271.067,0.435262
271.067,0.435262
271.067,0.435262
271.067,0.435262
271.067,0.435262
271.067,0.435262
272.333,0.437049
272.333,0.437049
272.333,0.437049
272.333,0.437049
272.333,0.437049
272.333,0.437049
272.333,0.437049
272.333,0.437049
272.333,0.437049
272.333,0.437049
272.333,0.437049
272.333,0.437049
272.333,0.437049
272.333,0.437049
272.333,0.437049
272.333,0.437049
272.333,0.437049
272.333,0.437049
272.333,0.437049
273.6,0.439071
273.6,0.439071
273.6,0.439071
273.6,0.439071
273.6,0.439071
273.6,0.439071
273.6,0.439071
273.6,0.439071
273.6,0.439071
273.6,0.439071
273.6,0.439071
273.6,0.439071
273.6,0.439071
273.6,0.439071
273.6,0.439071
273.6,0.439071
273.6,0.439071
273.6,0.439071
273.6,0.439071
274.867,0.43826
274.867,0.43826
274.867,0.43826
274.867,0.43826
274.867,0.43826
274.867,0.43826
274.867,0.43826
274.867,0.43826
274.867,0.43826
274.867,0.43826
274.867,0.43826
274.867,0.43826
274.867,0.43826
274.867,0.43826
274.867,0.43826
274.867,0.43826
274.867,0.43826
274.867,0.43826
274.867,0.43826
276.133,0.442477
276.133,0.442477
276.133,0.442477
276.133,0.442477
276.133,0.442477
276.133,0.442477
276.133,0.442477
276.133,0.442477
276.133,0.442477
276.133,0.442477
276.133,0.442477
276.133,0.442477
276.133,0.442477
276.133,0.442477
276.133,0.442477
276.133,0.442477
276.133,0.442477
276.133,0.442477
276.133,0.442477
277.4,0.450773
277.4,0.450773
277.4,0.450773
277.4,0.450773
277.4,0.450773
277.4,0.450773
277.4,0.450773
277.4,0.450773
277.4,0.450773
277.4,0.450773
277.4,0.450773
277.4,0.450773
277.4,0.450773
277.4,0.450773
277.4,0.450773
277.4,0.450773
277.4,0.450773
277.4,0.450773
277.4,0.450773
278.667,0.467533
278.667,0.467533
278.667,0.467533
278.667,0.467533
278.667,0.467533
278.667,0.467533
278.667,0.467533
278.667,0.467533
278.667,0.467533
278.667,0.467533
278.667,0.467533
278.667,0.467533
278.667,0.467533
278.667,0.467533
278.667,0.467533
278.667,0.467533
278.667,0.467533
278.667,0.467533
278.667,0.467533
279.933,0.443456
279.933,0.443456
279.933,0.443456
279.933,0.443456
279.933,0.443456
279.933,0.443456
279.933,0.443456
279.933,0.443456
279.933,0.443456
279.933,0.443456
279.933,0.443456
279.933,0.443456
279.933,0.443456
279.933,0.443456
279.933,0.443456
279.933,0.443456
279.933,0.443456
279.933,0.443456
279.933,0.443456
281.2,0.438934
281.2,0.438934
281.2,0.438934
281.2,0.438934
281.2,0.438934
281.2,0.438934
281.2,0.438934
281.2,0.438934
281.2,0.438934
281.2,0.438934
281.2,0.438934
281.2,0.438934
281.2,0.438934
281.2,0.438934
281.2,0.438934
281.2,0.438934
281.2,0.438934
281.2,0.438934
281.2,0.438934
282.467,0.403552
282.467,0.403552
282.467,0.403552
282.467,0.403552
282.467,0.403552
282.467,0.403552
282.467,0.403552
282.467,0.403552
282.467,0.403552
282.467,0.403552
282.467,0.403552
282.467,0.403552
282.467,0.403552
282.467,0.403552
282.467,0.403552
282.467,0.403552
282.467,0.403552
282.467,0.403552
282.467,0.403552
283.733,0.363052
283.733,0.363052
283.733,0.363052
283.733,0.363052
283.733,0.363052
283.733,0.363052
283.733,0.363052
283.733,0.363052
283.733,0.363052
283.733,0.363052
283.733,0.363052
283.733,0.363052
283.733,0.363052
283.733,0.363052
283.733,0.363052
283.733,0.363052
283.733,0.363052
283.733,0.363052
283.733,0.363052
285,0.345104
285,0.345104
285,0.345104
285,0.345104
285,0.345104
285,0.345104
285,0.345104
285,0.345104
285,0.345104
285,0.345104
285,0.345104
285,0.345104
285,0.345104
285,0.345104
285,0.345104
285,0.345104
285,0.345104
285,0.345104
285,0.345104
286.267,0.322845
286.267,0.322845
286.267,0.322845
286.267,0.322845
286.267,0.322845
286.267,0.322845
286.267,0.322845
286.267,0.322845
286.267,0.322845
286.267,0.322845
286.267,0.322845
286.267,0.322845
286.267,0.322845
286.267,0.322845
286.267,0.322845
286.267,0.322845
286.267,0.322845
286.267,0.322845
286.267,0.322845
287.533,0.336126
287.533,0.336126
287.533,0.336126
287.533,0.336126
287.533,0.336126
287.533,0.336126
287.533,0.336126
287.533,0.336126
287.533,0.336126
287.533,0.336126
287.533,0.336126
287.533,0.336126
287.533,0.336126
287.533,0.336126
287.533,0.336126
287.533,0.336126
287.533,0.336126
287.533,0.336126
287.533,0.336126
288.8,0.2695
288.8,0.2695
288.8,0.2695
288.8,0.2695
288.8,0.2695
288.8,0.2695
288.8,0.2695
288.8,0.2695
288.8,0.2695
288.8,0.2695
288.8,0.2695
288.8,0.2695
288.8,0.2695
288.8,0.2695
288.8,0.2695
288.8,0.2695
288.8,0.2695
288.8,0.2695
288.8,0.2695
290.067,0.277764
290.067,0.277764
290.067,0.277764
290.067,0.277764
290.067,0.277764
290.067,0.277764
290.067,0.277764
290.067,0.277764
290.067,0.277764
290.067,0.277764
290.067,0.277764
290.067,0.277764
290.067,0.277764
290.067,0.277764
290.067,0.277764
290.067,0.277764
290.067,0.277764
290.067,0.277764
290.067,0.277764
291.333,0.272815
291.333,0.272815
291.333,0.272815
291.333,0.272815
291.333,0.272815
291.333,0.272815
291.333,0.272815
291.333,0.272815
291.333,0.272815
291.333,0.272815
291.333,0.272815
291.333,0.272815
291.333,0.272815
291.333,0.272815
291.333,0.272815
291.333,0.272815
291.333,0.272815
291.333,0.272815
291.333,0.272815
292.6,0.252998
292.6,0.252998
292.6,0.252998
292.6,0.252998
292.6,0.252998
292.6,0.252998
292.6,0.252998
292.6,0.252998
292.6,0.252998
292.6,0.252998
292.6,0.252998
292.6,0.252998
292.6,0.252998
292.6,0.252998
292.6,0.252998
292.6,0.252998
292.6,0.252998
292.6,0.252998
292.6,0.252998
293.867,0.241681
293.867,0.241681
293.867,0.241681
293.867,0.241681
293.867,0.241681
293.867,0.241681
293.867,0.241681
293.867,0.241681
293.867,0.241681
293.867,0.241681
293.867,0.241681
293.867,0.241681
293.867,0.241681
293.867,0.241681
293.867,0.241681
293.867,0.241681
293.867,0.241681
293.867,0.241681
293.867,0.241681
295.133,0.284622
295.133,0.284622
295.133,0.284622
295.133,0.284622
295.133,0.284622
295.133,0.284622
295.133,0.284622
295.133,0.284622
295.133,0.284622
295.133,0.284622
295.133,0.284622
295.133,0.284622
295.133,0.284622
295.133,0.284622
295.133,0.284622
295.133,0.284622
295.133,0.284622
295.133,0.284622
295.133,0.284622
296.4,0.303169
296.4,0.303169
296.4,0.303169
296.4,0.303169
296.4,0.303169
296.4,0.303169
296.4,0.303169
296.4,0.303169
296.4,0.303169
296.4,0.303169
296.4,0.303169
296.4,0.303169
296.4,0.303169
296.4,0.303169
296.4,0.303169
296.4,0.303169
296.4,0.303169
296.4,0.303169
296.4,0.303169
297.667,0.279199
297.667,0.279199
297.667,0.279199
297.667,0.279199
297.667,0.279199
297.667,0.279199
297.667,0.279199
297.667,0.279199
297.667,0.279199
297.667,0.279199
297.667,0.279199
297.667,0.279199
297.667,0.279199
297.667,0.279199
297.667,0.279199
297.667,0.279199
297.667,0.279199
297.667,0.279199
297.667,0.279199
298.933,0.251842
298.933,0.251842
298.933,0.251842
298.933,0.251842
298.933,0.251842
298.933,0.251842
298.933,0.251842
298.933,0.251842
298.933,0.251842
298.933,0.251842
298.933,0.251842
298.933,0.251842
298.933,0.251842
298.933,0.251842
298.933,0.251842
298.933,0.251842
298.933,0.251842
298.933,0.251842
298.933,0.251842
300.2,0.262708
300.2,0.262708
300.2,0.262708
300.2,0.262708
300.2,0.262708
300.2,0.262708
300.2,0.262708
300.2,0.262708
300.2,0.262708
300.2,0.262708
300.2,0.262708
300.2,0.262708
300.2,0.262708
300.2,0.262708
300.2,0.262708
300.2,0.262708
300.2,0.262708
300.2,0.262708
300.2,0.262708
301.467,0.286111
301.467,0.286111
301.467,0.286111
301.467,0.286111
301.467,0.286111
301.467,0.286111
301.467,0.286111
301.467,0.286111
301.467,0.286111
301.467,0.286111
301.467,0.286111
301.467,0.286111
301.467,0.286111
301.467,0.286111
301.467,0.286111
301.467,0.286111
301.467,0.286111
301.467,0.286111
301.467,0.286111
302.733,0.305454
302.733,0.305454
302.733,0.305454
302.733,0.305454
302.733,0.305454
302.733,0.305454
302.733,0.305454
302.733,0.305454
302.733,0.305454
302.733,0.305454
302.733,0.305454
302.733,0.305454
302.733,0.305454
302.733,0.305454
302.733,0.305454
302.733,0.305454
302.733,0.305454
302.733,0.305454
302.733,0.305454
304,0.310733
304,0.310733
304,0.310733
304,0.310733
304,0.310733
304,0.310733
304,0.310733
304,0.310733
304,0.310733
304,0.310733
304,0.310733
304,0.310733
304,0.310733
304,0.310733
304,0.310733
304,0.310733
304,0.310733
304,0.310733
304,0.310733
305.267,0.328249
305.267,0.328249
305.267,0.328249
305.267,0.328249
305.267,0.328249
305.267,0.328249
305.267,0.328249
305.267,0.328249
305.267,0.328249
305.267,0.328249
305.267,0.328249
305.267,0.328249
305.267,0.328249
305.267,0.328249
305.267,0.328249
305.267,0.328249
305.267,0.328249
305.267,0.328249
305.267,0.328249
306.533,0.304545
306.533,0.304545
306.533,0.304545
306.533,0.304545
306.533,0.304545
306.533,0.304545
306.533,0.304545
306.533,0.304545
306.533,0.304545
306.533,0.304545
306.533,0.304545
306.533,0.304545
306.533,0.304545
306.533,0.304545
306.533,0.304545
306.533,0.304545
306.533,0.304545
306.533,0.304545
306.533,0.304545
307.8,0.24413
307.8,0.24413
307.8,0.24413
307.8,0.24413
307.8,0.24413
307.8,0.24413
307.8,0.24413
307.8,0.24413
307.8,0.24413
307.8,0.24413
307.8,0.24413
307.8,0.24413
307.8,0.24413
307.8,0.24413
307.8,0.24413
307.8,0.24413
307.8,0.24413
307.8,0.24413
307.8,0.24413
309.067,0.248625
309.067,0.248625
309.067,0.248625
309.067,0.248625
309.067,0.248625
309.067,0.248625
309.067,0.248625
309.067,0.248625
309.067,0.248625
309.067,0.248625
309.067,0.248625
309.067,0.248625
309.067,0.248625
309.067,0.248625
309.067,0.248625
309.067,0.248625
309.067,0.248625
309.067,0.248625
309.067,0.248625
310.333,0.246791
310.333,0.246791
310.333,0.246791
310.333,0.246791
310.333,0.246791
310.333,0.246791
310.333,0.246791
310.333,0.246791
310.333,0.246791
310.333,0.246791
310.333,0.246791
310.333,0.246791
310.333,0.246791
310.333,0.246791
310.333,0.246791
310.333,0.246791
310.333,0.246791
310.333,0.246791
310.333,0.246791
311.6,0.17032
311.6,0.17032
311.6,0.17032
311.6,0.17032
311.6,0.17032
311.6,0.17032
311.6,0.17032
311.6,0.17032
311.6,0.17032
311.6,0.17032
311.6,0.17032
311.6,0.17032
311.6,0.17032
311.6,0.17032
311.6,0.17032
311.6,0.17032
311.6,0.17032
311.6,0.17032
311.6,0.17032
312.867,0.16454
312.867,0.16454
312.867,0.16454
312.867,0.16454
312.867,0.16454
312.867,0.16454
312.867,0.16454
312.867,0.16454
312.867,0.16454
312.867,0.16454
312.867,0.16454
312.867,0.16454
312.867,0.16454
312.867,0.16454
312.867,0.16454
312.867,0.16454
312.867,0.16454
312.867,0.16454
312.867,0.16454
314.133,0.189628
314.133,0.189628
314.133,0.189628
314.133,0.189628
314.133,0.189628
314.133,0.189628
314.133,0.189628
314.133,0.189628
314.133,0.189628
314.133,0.189628
314.133,0.189628
314.133,0.189628
314.133,0.189628
314.133,0.189628
314.133,0.189628
314.133,0.189628
314.133,0.189628
314.133,0.189628
314.133,0.189628
315.4,0.235038
315.4,0.235038
315.4,0.235038
315.4,0.235038
315.4,0.235038
315.4,0.235038
315.4,0.235038
315.4,0.235038
315.4,0.235038
315.4,0.235038
315.4,0.235038
315.4,0.235038
315.4,0.235038
315.4,0.235038
315.4,0.235038
315.4,0.235038
315.4,0.235038
315.4,0.235038
315.4,0.235038
316.667,0.180082
316.667,0.180082
316.667,0.180082
316.667,0.180082
316.667,0.180082
316.667,0.180082
316.667,0.180082
316.667,0.180082
316.667,0.180082
316.667,0.180082
316.667,0.180082
316.667,0.180082
316.667,0.180082
316.667,0.180082
316.667,0.180082
316.667,0.180082
316.667,0.180082
316.667,0.180082
316.667,0.180082
317.933,0.0937559
317.933,0.0937559
317.933,0.0937559
317.933,0.0937559
317.933,0.0937559
317.933,0.0937559
317.933,0.0937559
317.933,0.0937559
317.933,0.0937559
317.933,0.0937559
317.933,0.0937559
317.933,0.0937559
317.933,0.0937559
317.933,0.0937559
317.933,0.0937559
317.933,0.0937559
317.933,0.0937559
317.933,0.0937559
317.933,0.0937559
319.2,0.00813531
319.2,0.00813531
319.2,0.00813531
319.2,0.00813531
319.2,0.00813531
319.2,0.00813531
319.2,0.00813531
319.2,0.00813531
319.2,0.00813531
319.2,0.00813531
319.2,0.00813531
319.2,0.00813531
319.2,0.00813531
319.2,0.00813531
319.2,0.00813531
319.2,0.00813531
319.2,0.00813531
319.2,0.00813531
319.2,0.00813531
320.467,0.000693617
320.467,0.000693617
320.467,0.000693617
320.467,0.000693617
320.467,0.000693617
320.467,0.000693617
320.467,0.000693617
320.467,0.000693617
320.467,0.000693617
320.467,0.000693617
320.467,0.000693617
320.467,0.000693617
320.467,0.000693617
320.467,0.000693617
320.467,0.000693617
320.467,0.000693617
320.467,0.000693617
320.467,0.000693617
320.467,0.000693617
321.733,0.00155966
321.733,0.00155966
321.733,0.00155966
321.733,0.00155966
321.733,0.00155966
321.733,0.00155966
321.733,0.00155966
321.733,0.00155966
321.733,0.00155966
321.733,0.00155966
321.733,0.00155966
321.733,0.00155966
321.733,0.00155966
321.733,0.00155966
321.733,0.00155966
321.733,0.00155966
321.733,0.00155966
321.733,0.00155966
321.733,0.00155966
323,0.00243354
323,0.00243354
323,0.00243354
323,0.00243354
323,0.00243354
323,0.00243354
323,0.00243354
323,0.00243354
323,0.00243354
323,0.00243354
323,0.00243354
323,0.00243354
323,0.00243354
323,0.00243354
323,0.00243354
323,0.00243354
323,0.00243354
323,0.00243354
323,0.00243354
324.267,0.00311148
324.267,0.00311148
324.267,0.00311148
324.267,0.00311148
324.267,0.00311148
324.267,0.00311148
324.267,0.00311148
324.267,0.00311148
324.267,0.00311148
324.267,0.00311148
324.267,0.00311148
324.267,0.00311148
324.267,0.00311148
324.267,0.00311148
324.267,0.00311148
324.267,0.00311148
324.267,0.00311148
324.267,0.00311148
324.267,0.00311148
325.533,0.00258245
325.533,0.00258245
325.533,0.00258245
325.533,0.00258245
325.533,0.00258245
325.533,0.00258245
325.533,0.00258245
325.533,0.00258245
325.533,0.00258245
325.533,0.00258245
325.533,0.00258245
325.533,0.00258245
325.533,0.00258245
325.533,0.00258245
325.533,0.00258245
325.533,0.00258245
325.533,0.00258245
325.533,0.00258245
325.533,0.00258245
326.8,0.00183397
326.8,0.00183397
326.8,0.00183397
326.8,0.00183397
326.8,0.00183397
326.8,0.00183397
326.8,0.00183397
326.8,0.00183397
326.8,0.00183397
326.8,0.00183397
326.8,0.00183397
326.8,0.00183397
326.8,0.00183397
326.8,0.00183397
326.8,0.00183397
326.8,0.00183397
326.8,0.00183397
326.8,0.00183397
326.8,0.00183397
328.067,0.0364169
328.067,0.0364169
328.067,0.0364169
328.067,0.0364169
328.067,0.0364169
328.067,0.0364169
328.067,0.0364169
328.067,0.0364169
328.067,0.0364169
328.067,0.0364169
328.067,0.0364169
328.067,0.0364169
328.067,0.0364169
328.067,0.0364169
328.067,0.0364169
328.067,0.0364169
328.067,0.0364169
328.067,0.0364169
328.067,0.0364169
329.333,0.100684
329.333,0.100684
329.333,0.100684
329.333,0.100684
329.333,0.100684
329.333,0.100684
329.333,0.100684
329.333,0.100684
329.333,0.100684
329.333,0.100684
329.333,0.100684
329.333,0.100684
329.333,0.100684
329.333,0.100684
329.333,0.100684
329.333,0.100684
329.333,0.100684
329.333,0.100684
329.333,0.100684
330.6,0.0690952
330.6,0.0690952
330.6,0.0690952
330.6,0.0690952
330.6,0.0690952
330.6,0.0690952
330.6,0.0690952
330.6,0.0690952
330.6,0.0690952
330.6,0.0690952
330.6,0.0690952
330.6,0.0690952
330.6,0.0690952
330.6,0.0690952
330.6,0.0690952
330.6,0.0690952
330.6,0.0690952
330.6,0.0690952
330.6,0.0690952
331.867,0.0755886
331.867,0.0755886
331.867,0.0755886
331.867,0.0755886
331.867,0.0755886
331.867,0.0755886
331.867,0.0755886
331.867,0.0755886
331.867,0.0755886
331.867,0.0755886
331.867,0.0755886
331.867,0.0755886
331.867,0.0755886
331.867,0.0755886
331.867,0.0755886
331.867,0.0755886
331.867,0.0755886
331.867,0.0755886
331.867,0.0755886
333.133,0.0842412
333.133,0.0842412
333.133,0.0842412
333.133,0.0842412
333.133,0.0842412
333.133,0.0842412
333.133,0.0842412
333.133,0.0842412
333.133,0.0842412
333.133,0.0842412
333.133,0.0842412
333.133,0.0842412
333.133,0.0842412
333.133,0.0842412
333.133,0.0842412
333.133,0.0842412
333.133,0.0842412
333.133,0.0842412
333.133,0.0842412
334.4,0.0139586
334.4,0.0139586
334.4,0.0139586
334.4,0.0139586
334.4,0.0139586
334.4,0.0139586
334.4,0.0139586
334.4,0.0139586
334.4,0.0139586
334.4,0.0139586
334.4,0.0139586
334.4,0.0139586
334.4,0.0139586
334.4,0.0139586
334.4,0.0139586
334.4,0.0139586
334.4,0.0139586
334.4,0.0139586
334.4,0.0139586
335.667,0.00906405
335.667,0.00906405
335.667,0.00906405
335.667,0.00906405
335.667,0.00906405
335.667,0.00906405
335.667,0.00906405
335.667,0.00906405
335.667,0.00906405
335.667,0.00906405
335.667,0.00906405
335.667,0.00906405
335.667,0.00906405
335.667,0.00906405
335.667,0.00906405
335.667,0.00906405
335.667,0.00906405
335.667,0.00906405
335.667,0.00906405
336.933,0.0247077
336.933,0.0247077
336.933,0.0247077
336.933,0.0247077
336.933,0.0247077
336.933,0.0247077
336.933,0.0247077
336.933,0.0247077
336.933,0.0247077
336.933,0.0247077
336.933,0.0247077
336.933,0.0247077
336.933,0.0247077
336.933,0.0247077
336.933,0.0247077
336.933,0.0247077
336.933,0.0247077
336.933,0.0247077
336.933,0.0247077
338.2,0.101828
338.2,0.101828
338.2,0.101828
338.2,0.101828
338.2,0.101828
338.2,0.101828
338.2,0.101828
338.2,0.101828
338.2,0.101828
338.2,0.101828
338.2,0.101828
338.2,0.101828
338.2,0.101828
338.2,0.101828
338.2,0.101828
338.2,0.101828
338.2,0.101828
338.2,0.101828
338.2,0.101828
339.467,0.0747069
339.467,0.0747069
339.467,0.0747069
339.467,0.0747069
339.467,0.0747069
339.467,0.0747069
339.467,0.0747069
339.467,0.0747069
339.467,0.0747069
339.467,0.0747069
339.467,0.0747069
339.467,0.0747069
339.467,0.0747069
339.467,0.0747069
339.467,0.0747069
339.467,0.0747069
339.467,0.0747069
339.467,0.0747069
339.467,0.0747069
340.733,0.0352961
340.733,0.0352961
340.733,0.0352961
340.733,0.0352961
340.733,0.0352961
340.733,0.0352961
340.733,0.0352961
340.733,0.0352961
340.733,0.0352961
340.733,0.0352961
340.733,0.0352961
340.733,0.0352961
340.733,0.0352961
340.733,0.0352961
340.733,0.0352961
340.733,0.0352961
340.733,0.0352961
340.733,0.0352961
340.733,0.0352961
342,0.0015048
342,0.0015048
342,0.0015048
342,0.0015048
342,0.0015048
342,0.0015048
342,0.0015048
342,0.0015048
342,0.0015048
342,0.0015048
342,0.0015048
342,0.0015048
342,0.0015048
342,0.0015048
342,0.0015048
342,0.0015048
342,0.0015048
342,0.0015048
342,0.0015048
343.267,0.00264515
343.267,0.00264515
343.267,0.00264515
343.267,0.00264515
343.267,0.00264515
343.267,0.00264515
343.267,0.00264515
343.267,0.00264515
343.267,0.00264515
343.267,0.00264515
343.267,0.00264515
343.267,0.00264515
343.267,0.00264515
343.267,0.00264515
343.267,0.00264515
343.267,0.00264515
343.267,0.00264515
343.267,0.00264515
343.267,0.00264515
344.533,0.00235908
344.533,0.00235908
344.533,0.00235908
344.533,0.00235908
344.533,0.00235908
344.533,0.00235908
344.533,0.00235908
344.533,0.00235908
344.533,0.00235908
344.533,0.00235908
344.533,0.00235908
344.533,0.00235908
344.533,0.00235908
344.533,0.00235908
344.533,0.00235908
344.533,0.00235908
344.533,0.00235908
344.533,0.00235908
344.533,0.00235908
345.8,0.00289595
345.8,0.00289595
345.8,0.00289595
345.8,0.00289595
345.8,0.00289595
345.8,0.00289595
345.8,0.00289595
345.8,0.00289595
345.8,0.00289595
345.8,0.00289595
345.8,0.00289595
345.8,0.00289595
345.8,0.00289595
345.8,0.00289595
345.8,0.00289595
345.8,0.00289595
345.8,0.00289595
345.8,0.00289595
345.8,0.00289595
347.067,0.00250799
347.067,0.00250799
347.067,0.00250799
347.067,0.00250799
347.067,0.00250799
347.067,0.00250799
347.067,0.00250799
347.067,0.00250799
347.067,0.00250799
347.067,0.00250799
347.067,0.00250799
347.067,0.00250799
347.067,0.00250799
347.067,0.00250799
347.067,0.00250799
347.067,0.00250799
347.067,0.00250799
347.067,0.00250799
347.067,0.00250799
348.333,0.0021749
348.333,0.0021749
348.333,0.0021749
348.333,0.0021749
348.333,0.0021749
348.333,0.0021749
348.333,0.0021749
348.333,0.0021749
348.333,0.0021749
348.333,0.0021749
348.333,0.0021749
348.333,0.0021749
348.333,0.0021749
348.333,0.0021749
348.333,0.0021749
348.333,0.0021749
348.333,0.0021749
348.333,0.0021749
348.333,0.0021749
349.6,0.00231206
349.6,0.00231206
349.6,0.00231206
349.6,0.00231206
349.6,0.00231206
349.6,0.00231206
349.6,0.00231206
349.6,0.00231206
349.6,0.00231206
349.6,0.00231206
349.6,0.00231206
349.6,0.00231206
349.6,0.00231206
349.6,0.00231206
349.6,0.00231206
349.6,0.00231206
349.6,0.00231206
349.6,0.00231206
349.6,0.00231206
350.867,0.0506419
350.867,0.0506419
350.867,0.0506419
350.867,0.0506419
350.867,0.0506419
350.867,0.0506419
350.867,0.0506419
350.867,0.0506419
350.867,0.0506419
350.867,0.0506419
350.867,0.0506419
350.867,0.0506419
350.867,0.0506419
350.867,0.0506419
350.867,0.0506419
350.867,0.0506419
350.867,0.0506419
350.867,0.0506419
350.867,0.0506419
352.133,0.0601331
352.133,0.0601331
352.133,0.0601331
352.133,0.0601331
352.133,0.0601331
352.133,0.0601331
352.133,0.0601331
352.133,0.0601331
352.133,0.0601331
352.133,0.0601331
352.133,0.0601331
352.133,0.0601331
352.133,0.0601331
352.133,0.0601331
352.133,0.0601331
352.133,0.0601331
352.133,0.0601331
352.133,0.0601331
352.133,0.0601331
353.4,0.106942
353.4,0.106942
353.4,0.106942
353.4,0.106942
353.4,0.106942
353.4,0.106942
353.4,0.106942
353.4,0.106942
353.4,0.106942
353.4,0.106942
353.4,0.106942
353.4,0.106942
353.4,0.106942
353.4,0.106942
353.4,0.106942
353.4,0.106942
353.4,0.106942
353.4,0.106942
353.4,0.106942
354.667,0.111845
354.667,0.111845
354.667,0.111845
354.667,0.111845
354.667,0.111845
354.667,0.111845
354.667,0.111845
354.667,0.111845
354.667,0.111845
354.667,0.111845
354.667,0.111845
354.667,0.111845
354.667,0.111845
354.667,0.111845
354.667,0.111845
354.667,0.111845
354.667,0.111845
354.667,0.111845
354.667,0.111845
355.933,0.145832
355.933,0.145832
355.933,0.145832
355.933,0.145832
355.933,0.145832
355.933,0.145832
355.933,0.145832
355.933,0.145832
355.933,0.145832
355.933,0.145832
355.933,0.145832
355.933,0.145832
355.933,0.145832
355.933,0.145832
355.933,0.145832
355.933,0.145832
355.933,0.145832
355.933,0.145832
355.933,0.145832
357.2,0.186865
357.2,0.186865
357.2,0.186865
357.2,0.186865
357.2,0.186865
357.2,0.186865
357.2,0.186865
357.2,0.186865
357.2,0.186865
357.2,0.186865
357.2,0.186865
357.2,0.186865
357.2,0.186865
357.2,0.186865
357.2,0.186865
357.2,0.186865
357.2,0.186865
357.2,0.186865
357.2,0.186865
358.467,0.19821
358.467,0.19821
358.467,0.19821
358.467,0.19821
358.467,0.19821
358.467,0.19821
358.467,0.19821
358.467,0.19821
358.467,0.19821
358.467,0.19821
358.467,0.19821
358.467,0.19821
358.467,0.19821
358.467,0.19821
358.467,0.19821
358.467,0.19821
358.467,0.19821
358.467,0.19821
358.467,0.19821
359.733,0.232515
359.733,0.232515
359.733,0.232515
359.733,0.232515
359.733,0.232515
359.733,0.232515
359.733,0.232515
359.733,0.232515
359.733,0.232515
359.733,0.232515
359.733,0.232515
359.733,0.232515
359.733,0.232515
359.733,0.232515
359.733,0.232515
359.733,0.232515
359.733,0.232515
359.733,0.232515
359.733,0.232515
361,0.242065
361,0.242065
361,0.242065
361,0.242065
361,0.242065
361,0.242065
361,0.242065
361,0.242065
361,0.242065
361,0.242065
361,0.242065
361,0.242065
361,0.242065
361,0.242065
361,0.242065
361,0.242065
361,0.242065
361,0.242065
361,0.242065
362.267,0.297193
362.267,0.297193
362.267,0.297193
362.267,0.297193
362.267,0.297193
362.267,0.297193
362.267,0.297193
362.267,0.297193
362.267,0.297193
362.267,0.297193
362.267,0.297193
362.267,0.297193
362.267,0.297193
362.267,0.297193
362.267,0.297193
362.267,0.297193
362.267,0.297193
362.267,0.297193
362.267,0.297193
363.533,0.315843
363.533,0.315843
363.533,0.315843
363.533,0.315843
363.533,0.315843
363.533,0.315843
363.533,0.315843
363.533,0.315843
363.533,0.315843
363.533,0.315843
363.533,0.315843
363.533,0.315843
363.533,0.315843
363.533,0.315843
363.533,0.315843
363.533,0.315843
363.533,0.315843
363.533,0.315843
363.533,0.315843
364.8,0.286581
364.8,0.286581
364.8,0.286581
364.8,0.286581
364.8,0.286581
364.8,0.286581
364.8,0.286581
364.8,0.286581
364.8,0.286581
364.8,0.286581
364.8,0.286581
364.8,0.286581
364.8,0.286581
364.8,0.286581
364.8,0.286581
364.8,0.286581
364.8,0.286581
364.8,0.286581
364.8,0.286581
366.067,0.314483
366.067,0.314483
366.067,0.314483
366.067,0.314483
366.067,0.314483
366.067,0.314483
366.067,0.314483
366.067,0.314483
366.067,0.314483
366.067,0.314483
366.067,0.314483
366.067,0.314483
366.067,0.314483
366.067,0.314483
366.067,0.314483
366.067,0.314483
366.067,0.314483
366.067,0.314483
366.067,0.314483
367.333,0.337094
367.333,0.337094
367.333,0.337094
367.333,0.337094
367.333,0.337094
367.333,0.337094
367.333,0.337094
367.333,0.337094
367.333,0.337094
367.333,0.337094
367.333,0.337094
367.333,0.337094
367.333,0.337094
367.333,0.337094
367.333,0.337094
367.333,0.337094
367.333,0.337094
367.333,0.337094
367.333,0.337094
368.6,0.36168
368.6,0.36168
368.6,0.36168
368.6,0.36168
368.6,0.36168
368.6,0.36168
368.6,0.36168
368.6,0.36168
368.6,0.36168
368.6,0.36168
368.6,0.36168
368.6,0.36168
368.6,0.36168
368.6,0.36168
368.6,0.36168
368.6,0.36168
368.6,0.36168
368.6,0.36168
368.6,0.36168
369.867,0.380968
369.867,0.380968
369.867,0.380968
369.867,0.380968
369.867,0.380968
369.867,0.380968
369.867,0.380968
369.867,0.380968
369.867,0.380968
369.867,0.380968
369.867,0.380968
369.867,0.380968
369.867,0.380968
369.867,0.380968
369.867,0.380968
369.867,0.380968
369.867,0.380968
369.867,0.380968
369.867,0.380968
371.133,0.423847
371.133,0.423847
371.133,0.423847
371.133,0.423847
371.133,0.423847
371.133,0.423847
371.133,0.423847
371.133,0.423847
371.133,0.423847
371.133,0.423847
371.133,0.423847
371.133,0.423847
371.133,0.423847
371.133,0.423847
371.133,0.423847
371.133,0.423847
371.133,0.423847
371.133,0.423847
371.133,0.423847
372.4,0.455319
372.4,0.455319
372.4,0.455319
372.4,0.455319
372.4,0.455319
372.4,0.455319
372.4,0.455319
372.4,0.455319
372.4,0.455319
372.4,0.455319
372.4,0.455319
372.4,0.455319
372.4,0.455319
372.4,0.455319
372.4,0.455319
372.4,0.455319
372.4,0.455319
372.4,0.455319
372.4,0.455319
373.667,0.434565
373.667,0.434565
373.667,0.434565
373.667,0.434565
373.667,0.434565
373.667,0.434565
373.667,0.434565
373.667,0.434565
373.667,0.434565
373.667,0.434565
373.667,0.434565
373.667,0.434565
373.667,0.434565
373.667,0.434565
373.667,0.434565
373.667,0.434565
373.667,0.434565
373.667,0.434565
373.667,0.434565
374.933,0.456459
374.933,0.456459
374.933,0.456459
374.933,0.456459
374.933,0.456459
374.933,0.456459
374.933,0.456459
374.933,0.456459
374.933,0.456459
374.933,0.456459
374.933,0.456459
374.933,0.456459
374.933,0.456459
374.933,0.456459
374.933,0.456459
374.933,0.456459
374.933,0.456459
374.933,0.456459
374.933,0.456459
376.2,0.460186
376.2,0.460186
376.2,0.460186
376.2,0.460186
376.2,0.460186
376.2,0.460186
376.2,0.460186
376.2,0.460186
376.2,0.460186
376.2,0.460186
376.2,0.460186
376.2,0.460186
376.2,0.460186
376.2,0.460186
376.2,0.460186
376.2,0.460186
376.2,0.460186
376.2,0.460186
376.2,0.460186
377.467,0.464061
377.467,0.464061
377.467,0.464061
377.467,0.464061
377.467,0.464061
377.467,0.464061
377.467,0.464061
377.467,0.464061
377.467,0.464061
377.467,0.464061
377.467,0.464061
377.467,0.464061
377.467,0.464061
377.467,0.464061
377.467,0.464061
377.467,0.464061
377.467,0.464061
377.467,0.464061
377.467,0.464061
378.733,0.464904
378.733,0.464904
378.733,0.464904
378.733,0.464904
378.733,0.464904
378.733,0.464904
378.733,0.464904
378.733,0.464904
378.733,0.464904
378.733,0.464904
378.733,0.464904
378.733,0.464904
378.733,0.464904
378.733,0.464904
378.733,0.464904
378.733,0.464904
378.733,0.464904
378.733,0.464904
378.733,0.464904
380,0.468011
380,0.468011
380,0.468011
380,0.468011
380,0.468011
380,0.468011
380,0.468011
380,0.468011
380,0.468011
380,0.468011
380,0.468011
380,0.468011
380,0.468011
380,0.468011
380,0.468011
380,0.468011
380,0.468011
380,0.468011
380,0.468011
381.267,0.481437
381.267,0.481437
381.267,0.481437
381.267,0.481437
381.267,0.481437
381.267,0.481437
381.267,0.481437
381.267,0.481437
381.267,0.481437
381.267,0.481437
381.267,0.481437
381.267,0.481437
381.267,0.481437
381.267,0.481437
381.267,0.481437
381.267,0.481437
381.267,0.481437
381.267,0.481437
36