0,0.0484552
0.0666667,0.0478322
0.133333,0.0494467
0.2,0.0570647
0.266667,0.0651452
0.333333,0.0693578
0.4,0.075761
0.466667,0.0789783
0.533333,0.0804635
0.6,0.0819448
0.666667,0.0835828
0.733333,0.0837396
0.8,0.084684
0.866667,0.0861966
0.933333,0.0868236
1,0.0877445
1.06667,0.0888535
1.13333,0.0891278
1.2,0.0898175
1.26667,0.0906757
1.33333,0.0910363
1.4,0.0912557
1.46667,0.0919846
1.53333,0.0921022
1.6,0.0932073
1.66667,0.0957427
1.73333,0.0963462
1.8,0.0980469
1.86667,0.0991206
1.93333,0.0992656
2,0.0998417
2.06667,0.0998064
2.13333,0.100241
2.2,0.100292
2.26667,0.100437
2.33333,0.10061
2.4,0.100747
2.46667,0.100974
2.53333,0.101315
2.6,0.101687
2.66667,0.101911
2.73333,0.102032
2.8,0.102154
2.86667,0.102506
2.93333,0.102471
3,0.102028
3.06667,0.102021
3.13333,0.101868
3.2,0.101903
3.26667,0.101597
3.33333,0.102146
3.4,0.102154
3.46667,0.101926
3.53333,0.10186
3.6,0.102158
3.66667,0.10197
3.73333,0.10139
3.8,0.101354
3.86667,0.101836
3.93333,0.101887
4,0.101025
4.06667,0.101429
4.13333,0.101456
4.2,0.101049
4.26667,0.101542
4.33333,0.101691
4.4,0.102201
4.46667,0.101993
4.53333,0.102142
4.6,0.100786
4.66667,0.100959
4.73333,0.101441
4.8,0.101448
4.86667,0.101954
4.93333,0.102542
5,0.103949
5.06667,0.104419
5.13333,0.104881
5.2,0.105794
5.26667,0.108306
5.33333,0.109674
5.4,0.111277
5.46667,0.113248
5.53333,0.114376
5.6,0.119804
5.66667,0.125118
5.73333,0.127512
5.8,0.132097
5.86667,0.136396
5.93333,0.138994
6,0.140518
6.06667,0.142133
6.13333,0.142866
6.2,0.143038
6.26667,0.139601
6.33333,0.140342
6.4,0.140902
6.46667,0.141161
6.53333,0.142172
6.6,0.142634
6.66667,0.142615
6.73333,0.142697
6.8,0.142983
6.86667,0.142619
6.93333,0.142866
7,0.142356
7.06667,0.142862
7.13333,0.144633
7.2,0.149186
7.26667,0.153717
7.33333,0.156091
7.4,0.16019
7.46667,0.164861
7.53333,0.166934
7.6,0.169223
7.66667,0.1709
7.73333,0.171461
7.8,0.172609
7.86667,0.172679
7.93333,0.173275
8,0.173683
8.06667,0.173671
8.13333,0.174012
8.2,0.174364
8.26667,0.173973
8.33333,0.174145
8.4,0.174059
8.46667,0.174823
8.53333,0.174846
8.6,0.175281
8.66667,0.175473
8.73333,0.175536
8.8,0.176673
8.86667,0.17748
8.93333,0.178052
9,0.178173
9.06667,0.178691
9.13333,0.179294
9.2,0.1798
9.26667,0.179506
9.33333,0.179686
9.4,0.179384
9.46667,0.179753
9.53333,0.17938
9.6,0.178166
9.66667,0.178655
9.73333,0.179721
9.8,0.179741
9.86667,0.180576
9.93333,0.180372
10,0.180082
10.0667,0.178526
10.1333,0.17855
10.2,0.177339
10.2667,0.176281
10.3333,0.176496
10.4,0.174995
10.4667,0.174666
10.5333,0.174137
10.6,0.174074
10.6667,0.173835
10.7333,0.173714
10.8,0.173106
10.8667,0.172413
10.9333,0.172636
11,0.172589
11.0667,0.172354
11.1333,0.171704
11.2,0.171751
11.2667,0.169689
11.3333,0.169489
11.4,0.168847
11.4667,0.168494
11.5333,0.168635
11.6,0.168588
11.6667,0.167573
11.7333,0.167393
11.8,0.166786
11.8667,0.166288
11.9333,0.166178
12,0.165978
12.0667,0.165187
12.1333,0.165226
12.2,0.164497
12.2667,0.164015
12.3333,0.163361
12.4,0.162404
12.4667,0.161726
12.5333,0.162287
12.6,0.162087
12.6667,0.161868
12.7333,0.161581
12.8,0.161256
12.8667,0.161374
12.9333,0.159842
13,0.160433
13.0667,0.160923
13.1333,0.160896
13.2,0.16077
13.2667,0.161315
13.3333,0.161323
13.4,0.161338
13.4667,0.161378
13.5333,0.161319
13.6,0.161542
13.6667,0.160719
13.7333,0.1609
13.8,0.161197
13.8667,0.160982
13.9333,0.161107
14,0.16166
14.0667,0.161864
14.1333,0.161609
14.2,0.16146
14.2667,0.161401
14.3333,0.161131
14.4,0.161201
14.4667,0.161099
14.5333,0.161056
14.6,0.158674
14.6667,0.159316
14.7333,0.159536
14.8,0.159215
14.8667,0.159532
14.9333,0.159673
15,0.159559
15.0667,0.159763
15.1333,0.159912
15.2,0.159524
15.2667,0.159798
15.3333,0.159861
15.4,0.16003
15.4667,0.160598
15.5333,0.160998
15.6,0.161429
15.6667,0.161327
15.7333,0.16135
15.8,0.161088
15.8667,0.159791
15.9333,0.159218
16,0.159497
16.0667,0.160461
16.1333,0.160425
16.2,0.161213
16.2667,0.159704
16.3333,0.16048
16.4,0.160535
16.4667,0.160378
16.5333,0.159916
16.6,0.159489
16.6667,0.15961
16.7333,0.159434
16.8,0.15945
16.8667,0.159399
16.9333,0.15952
17,0.159971
17.0667,0.160147
17.1333,0.160128
17.2,0.160708
17.2667,0.160633
17.3333,0.16057
17.4,0.160304
17.4667,0.160633
17.5333,0.1609
17.6,0.160668
17.6667,0.160872
17.7333,0.160841
17.8,0.160676
17.8667,0.160813
17.9333,0.159763
18,0.159889
18.0667,0.15992
18.1333,0.159987
18.2,0.160304
18.2667,0.160469
18.3333,0.160433
18.4,0.160241
18.4667,0.160143
18.5333,0.160088
18.6,0.160539
18.6667,0.161123
18.7333,0.161664
18.8,0.162114
18.8667,0.162761
18.9333,0.162369
19,0.162761
19.0667,0.162067
19.1333,0.161652
19.2,0.160751
19.2667,0.159309
19.3333,0.158646
19.4,0.157772
19.4667,0.157071
19.5333,0.157036
19.6,0.156279
19.6667,0.156871
19.7333,0.15691
19.8,0.156981
19.8667,0.156961
19.9333,0.157044
20,0.156942
20.0667,0.157267
20.1333,0.15731
20.2,0.157612
20.2667,0.15771
20.3333,0.157961
20.4,0.157667
20.4667,0.158376
20.5333,0.158164
20.6,0.158066
20.6667,0.158121
20.7333,0.157792
20.8,0.158125
20.8667,0.158972
20.9333,0.15916
21,0.159403
21.0667,0.159109
21.1333,0.158764
21.2,0.158454
21.2667,0.157239
21.3333,0.157475
21.4,0.158019
21.4667,0.158066
21.5333,0.158207
21.6,0.157788
21.6667,0.158113
21.7333,0.157796
21.8,0.158149
21.8667,0.158266
21.9333,0.158215
22,0.158106
22.0667,0.158039
22.1333,0.158004
22.2,0.158062
22.2667,0.158117
22.3333,0.158203
22.4,0.158051
22.4667,0.157898
22.5333,0.158207
22.6,0.15878
22.6667,0.159195
22.7333,0.15999
22.8,0.161828
22.8667,0.163639
22.9333,0.161915
23,0.163329
23.0667,0.164082
23.1333,0.164399
23.2,0.164058
23.2667,0.164156
23.3333,0.164238
23.4,0.163717
23.4667,0.163662
23.5333,0.163611
23.6,0.163721
23.6667,0.163862
23.7333,0.163886
23.8,0.163913
23.8667,0.163995
23.9333,0.164164
24,0.164325
24.0667,0.164313
24.1333,0.164383
24.2,0.164383
24.2667,0.164387
24.3333,0.164446
24.4,0.16434
24.4667,0.164019
24.5333,0.164007
24.6,0.163204
24.6667,0.163411
24.7333,0.163474
24.8,0.163314
24.8667,0.162879
24.9333,0.162851
25,0.163094
25.0667,0.162984
25.1333,0.16309
25.2,0.163027
25.2667,0.162753
25.3333,0.162596
25.4,0.162522
25.4667,0.163165
25.5333,0.163721
25.6,0.165128
25.6667,0.166601
25.7333,0.16659
25.8,0.166699
25.8667,0.167773
25.9333,0.168157
26,0.16804
26.0667,0.168443
26.1333,0.168424
26.2,0.168471
26.2667,0.168439
26.3333,0.16862
26.4,0.169152
26.4667,0.169623
26.5333,0.16996
26.6,0.170148
26.6667,0.17063
26.7333,0.170645
26.8,0.170128
26.8667,0.170336
26.9333,0.170649
27,0.17103
27.0667,0.172068
27.1333,0.172597
27.2,0.173502
27.2667,0.175207
27.3333,0.176645
27.4,0.177339
27.4667,0.179404
27.5333,0.180427
27.6,0.183033
27.6667,0.183718
27.7333,0.184729
27.8,0.186132
27.8667,0.187465
27.9333,0.184984
28,0.186313
28.0667,0.188323
28.1333,0.19002
28.2,0.191889
28.2667,0.194373
28.3333,0.19607
28.4,0.1981
28.4667,0.199107
28.5333,0.199754
28.6,0.201267
28.6667,0.202344
28.7333,0.203155
28.8,0.204844
28.8667,0.205902
28.9333,0.206698
29,0.207055
29.0667,0.207725
29.1333,0.20747
29.2,0.207834
29.2667,0.208454
29.3333,0.207901
29.4,0.207964
29.4667,0.208434
29.5333,0.208614
29.6,0.201678
29.6667,0.201627
29.7333,0.202458
29.8,0.203782
29.8667,0.205244
29.9333,0.205256
30,0.206424
30.0667,0.207654
30.1333,0.20814
30.2,0.208469
30.2667,0.208367
30.3333,0.20861
30.4,0.208575
30.4667,0.208814
30.5333,0.208211
30.6,0.20841
30.6667,0.208602
30.7333,0.208689
30.8,0.208983
30.8667,0.2093
30.9333,0.209398
31,0.209265
31.0667,0.20899
31.1333,0.208626
31.2,0.209504
31.2667,0.202932
31.3333,0.203434
31.4,0.204147
31.4667,0.205091
31.5333,0.205722
31.6,0.207141
31.6667,0.207489
31.7333,0.206866
31.8,0.207717
31.8667,0.207666
31.9333,0.207701
32,0.208379
32.0667,0.208164
32.1333,0.208164
32.2,0.208293
32.2667,0.209367
32.3333,0.208841
32.4,0.2089
32.4667,0.209304
32.5333,0.209296
32.6,0.209049
32.6667,0.209715
32.7333,0.209939
32.8,0.210013
32.8667,0.209762
32.9333,0.203383
33,0.203935
33.0667,0.20515
33.1333,0.205217
33.2,0.205989
33.2667,0.209543
33.3333,0.212357
33.4,0.217106
33.4667,0.222839
33.5333,0.226053
33.6,0.231476
33.6667,0.236038
33.7333,0.238306
33.8,0.243056
33.8667,0.248276
33.9333,0.250545
34,0.252477
34.0667,0.254761
34.1333,0.255862
34.2,0.257297
34.2667,0.258433
34.3333,0.259558
34.4,0.261302
34.4667,0.263026
34.5333,0.264013
34.6,0.261572
34.6667,0.264288
34.7333,0.266255
34.8,0.267591
34.8667,0.268841
34.9333,0.27064
35,0.272258
35.0667,0.273262
35.1333,0.273583
35.2,0.274488
35.2667,0.27477
35.3333,0.275299
35.4,0.276377
35.4667,0.277694
35.5333,0.278611
35.6,0.279696
35.6667,0.2803
35.7333,0.28088
35.8,0.281189
35.8667,0.281765
35.9333,0.282392
36,0.283223
36.0667,0.284387
36.1333,0.285069
36.2,0.286417
36.2667,0.282455
36.3333,0.28394
36.4,0.284849
36.4667,0.284555
36.5333,0.28521
36.6,0.285719
36.6667,0.285817
36.7333,0.285382
36.8,0.285829
36.8667,0.284838
36.9333,0.284489
37,0.284983
37.0667,0.28492
37.1333,0.285418
37.2,0.285061
37.2667,0.284136
37.3333,0.283478
37.4,0.282541
37.4667,0.282396
37.5333,0.280605
37.6,0.279645
37.6667,0.279081
37.7333,0.279528
37.8,0.28017
37.8667,0.280574
37.9333,0.273117
38,0.275237
38.0667,0.278117
38.1333,0.279387
38.2,0.28278
38.2667,0.286723
38.3333,0.288333
38.4,0.291382
38.4667,0.294117
38.5333,0.296359
38.6,0.298937
38.6667,0.302997
38.7333,0.305344
38.8,0.308444
38.8667,0.310443
38.9333,0.312281
39,0.314287
39.0667,0.316348
39.1333,0.317822
39.2,0.320337
39.2667,0.323085
39.3333,0.323755
39.4,0.325581
39.4667,0.32669
39.5333,0.327234
39.6,0.325506
39.6667,0.326439
39.7333,0.328285
39.8,0.329966
39.8667,0.332196
39.9333,0.333222
40,0.334359
40.0667,0.336071
40.1333,0.337212
40.2,0.339218
40.2667,0.341726
40.3333,0.342725
40.4,0.346005
40.4667,0.348631
40.5333,0.349622
40.6,0.352369
40.6667,0.35485
40.7333,0.35621
40.8,0.35878
40.8667,0.361586
40.9333,0.362476
41,0.363804
41.0667,0.365039
41.1333,0.365669
41.2,0.367441
41.2667,0.369416
41.3333,0.371254
41.4,0.374255
41.4667,0.376842
41.5333,0.378253
41.6,0.380075
41.6667,0.381803
41.7333,0.383229
41.8,0.385244
41.8667,0.387344
41.9333,0.388645
42,0.390146
42.0667,0.391431
42.1333,0.392219
42.2,0.393442
42.2667,0.39466
42.3333,0.394633
42.4,0.395127
42.4667,0.395993
42.5333,0.395899
42.6,0.3962
42.6667,0.396099
42.7333,0.395997
42.8,0.396671
42.8667,0.396447
42.9333,0.395087
43,0.396016
43.0667,0.396851
43.1333,0.398195
43.2,0.399845
43.2667,0.402067
43.3333,0.403309
43.4,0.405711
43.4667,0.407165
43.5333,0.408078
43.6,0.40936
43.6667,0.410269
43.7333,0.410872
43.8,0.411648
43.8667,0.412553
43.9333,0.413368
44,0.414364
44.0667,0.415716
44.1333,0.416159
44.2,0.417342
44.2667,0.418721
44.3333,0.419043
44.4,0.420222
44.4667,0.42103
44.5333,0.421594
44.6,0.417025
44.6667,0.418102
44.7333,0.418678
44.8,0.419258
44.8667,0.419658
44.9333,0.420058
45,0.42041
45.0667,0.421225
45.1333,0.42179
45.2,0.422346
45.2667,0.423659
45.3333,0.424235
45.4,0.425258
45.4667,0.426073
45.5333,0.425975
45.6,0.42641
45.6667,0.427088
45.7333,0.426908
45.8,0.427707
45.8667,0.428479
45.9333,0.428796
46,0.429627
46.0667,0.43007
46.1333,0.430462
46.2,0.430948
46.2667,0.425556
46.3333,0.426688
46.4,0.427319
46.4667,0.42759
46.5333,0.428095
46.6,0.428122
46.6667,0.428456
46.7333,0.427985
46.8,0.428103
46.8667,0.427821
46.9333,0.427879
47,0.427507
47.0667,0.428056
47.1333,0.427793
47.2,0.427966
47.2667,0.428412
47.3333,0.428491
47.4,0.428941
47.4667,0.429212
47.5333,0.42978
47.6,0.429584
47.6667,0.429427
47.7333,0.428922
47.8,0.428871
47.8667,0.428526
47.9333,0.417699
48,0.418157
48.0667,0.418839
48.1333,0.419388
48.2,0.419529
48.2667,0.419486
48.3333,0.419768
48.4,0.419595
48.4667,0.419391
48.5333,0.419411
48.6,0.419399
48.6667,0.418812
48.7333,0.418706
48.8,0.41755
48.8667,0.416523
48.9333,0.416304
49,0.415488
49.0667,0.414387
49.1333,0.414093
49.2,0.413474
49.2667,0.413008
49.3333,0.413086
49.4,0.413192
49.4667,0.413169
49.5333,0.412902
49.6,0.403619
49.6667,0.403936
49.7333,0.404618
49.8,0.404637
49.8667,0.404367
49.9333,0.404445
50,0.403924
50.0667,0.403803
50.1333,0.403815
50.2,0.403724
50.2667,0.403462
50.3333,0.403709
50.4,0.403568
50.4667,0.403595
50.5333,0.403434
50.6,0.403086
50.6667,0.402886
50.7333,0.402513
50.8,0.401675
50.8667,0.401075
50.9333,0.400362
51,0.399739
51.0667,0.399116
51.1333,0.398152
51.2,0.397948
51.2667,0.384444
51.3333,0.385463
51.4,0.386188
51.4667,0.386251
51.5333,0.386529
51.6,0.38705
51.6667,0.387638
51.7333,0.387998
51.8,0.388422
51.8667,0.388755
51.9333,0.38897
52,0.389652
52.0667,0.389981
52.1333,0.390189
52.2,0.390338
52.2667,0.390291
52.3333,0.390503
52.4,0.39051
52.4667,0.392047
52.5333,0.393332
52.6,0.395201
52.6667,0.396048
52.7333,0.397505
52.8,0.400734
52.8667,0.403062
52.9333,0.403293
53,0.406268
53.0667,0.409238
53.1333,0.4107
53.2,0.412988
53.2667,0.415641
53.3333,0.417193
53.4,0.419051
53.4667,0.420066
53.5333,0.42081
53.6,0.421527
53.6667,0.42208
53.7333,0.422836
53.8,0.423714
53.8667,0.424729
53.9333,0.425375
54,0.427151
54.0667,0.428781
54.1333,0.429913
54.2,0.431449
54.2667,0.432739
54.3333,0.4342
54.4,0.435607
54.4667,0.436117
54.5333,0.436172
54.6,0.435717
54.6667,0.436904
54.7333,0.437684
54.8,0.437817
54.8667,0.438303
54.9333,0.439189
55,0.439883
55.0667,0.441046
55.1333,0.441717
55.2,0.44205
55.2667,0.442818
55.3333,0.443139
55.4,0.442833
55.4667,0.442183
55.5333,0.441862
55.6,0.44167
55.6667,0.440956
55.7333,0.44125
55.8,0.441458
55.8667,0.441548
55.9333,0.441952
56,0.442845
56.0667,0.443598
56.1333,0.443891
56.2,0.444405
56.2667,0.4408
56.3333,0.441489
56.4,0.442328
56.4667,0.442908
56.5333,0.443308
56.6,0.443116
56.6667,0.443065
56.7333,0.443214
56.8,0.443543
56.8667,0.443586
56.9333,0.444103
57,0.444593
57.0667,0.44493
57.1333,0.444805
57.2,0.444601
57.2667,0.444703
57.3333,0.445114
57.4,0.445177
57.4667,0.445283
57.5333,0.44551
57.6,0.445964
57.6667,0.445757
57.7333,0.445459
57.8,0.445165
57.8667,0.445079
57.9333,0.442449
58,0.442939
58.0667,0.44424
58.1333,0.444213
58.2,0.444891
58.2667,0.445479
58.3333,0.445189
58.4,0.445639
58.4667,0.446156
58.5333,0.44618
58.6,0.44395
58.6667,0.443817
58.7333,0.444487
58.8,0.44437
58.8667,0.444264
58.9333,0.444338
59,0.443982
59.0667,0.444656
59.1333,0.444589
59.2,0.445361
59.2667,0.444703
59.3333,0.445091
59.4,0.445416
59.4667,0.446258
59.5333,0.446803
59.6,0.447422
59.6667,0.448465
59.7333,0.448982
59.8,0.449542
59.8667,0.450048
59.9333,0.450534
60,0.450334
60.0667,0.449789
60.1333,0.449519
60.2,0.449303
60.2667,0.442994
60.3333,0.443825
60.4,0.444597
60.4667,0.445173
60.5333,0.445424
60.6,0.445894
60.6667,0.44591
60.7333,0.446039
60.8,0.445369
60.8667,0.444134
60.9333,0.443507
61,0.442112
61.0667,0.440086
61.1333,0.438852
61.2,0.43828
61.2667,0.438252
61.3333,0.438354
61.4,0.438299
61.4667,0.43855
61.5333,0.438468
61.6,0.438088
61.6667,0.437433
61.7333,0.437308
61.8,0.436842
61.8667,0.436736
61.9333,0.432069
62,0.432617
62.0667,0.433323
62.1333,0.43357
62.2,0.433985
62.2667,0.434776
62.3333,0.435219
62.4,0.436465
62.4667,0.437841
62.5333,0.438562
62.6,0.440267
62.6667,0.441509
62.7333,0.442057
62.8,0.441963
62.8667,0.442057
62.9333,0.442508
63,0.442622
63.0667,0.44261
63.1333,0.443033
63.2,0.442963
63.2667,0.443037
63.3333,0.442904
63.4,0.443147
63.4667,0.443656
63.5333,0.443664
63.6,0.438821
63.6667,0.439491
63.7333,0.439847
63.8,0.440024
63.8667,0.440396
63.9333,0.44047
64,0.441003
64.0667,0.441407
64.1333,0.442206
64.2,0.442261
64.2667,0.442877
64.3333,0.443402
64.4,0.443276
64.4667,0.443186
64.5333,0.443308
64.6,0.44404
64.6667,0.444436
64.7333,0.444926
64.8,0.445396
64.8667,0.445874
64.9333,0.446145
65,0.445867
65.0667,0.446443
65.1333,0.446584
65.2,0.447026
65.2667,0.443468
65.3333,0.444511
65.4,0.444855
65.4667,0.444707
65.5333,0.445592
65.6,0.44502
65.6667,0.444985
65.7333,0.444683
65.8,0.444256
65.8667,0.444593
65.9333,0.444272
66,0.444417
66.0667,0.444554
66.1333,0.444593
66.2,0.444993
66.2667,0.445514
66.3333,0.4454
66.4,0.44482
66.4667,0.44404
66.5333,0.443327
66.6,0.443233
66.6667,0.442159
66.7333,0.442007
66.8,0.441082
66.8667,0.441595
66.9333,0.43489
67,0.43518
67.0667,0.435023
67.1333,0.435498
67.2,0.436144
67.2667,0.436638
67.3333,0.437429
67.4,0.438194
67.4667,0.438237
67.5333,0.4381
67.6,0.438053
67.6667,0.438209
67.7333,0.437633
67.8,0.437586
67.8667,0.438311
67.9333,0.438264
68,0.43806
68.0667,0.438409
68.1333,0.438139
68.2,0.438405
68.2667,0.438264
68.3333,0.438409
68.4,0.438421
68.4667,0.438499
68.5333,0.438789
68.6,0.439028
68.6667,0.438985
68.7333,0.438758
68.8,0.439212
68.8667,0.439118
68.9333,0.438923
69,0.434294
69.0667,0.434894
69.1333,0.435474
69.2,0.43598
69.2667,0.436195
69.3333,0.43681
69.4,0.437069
69.4667,0.437802
69.5333,0.438143
69.6,0.438954
69.6667,0.43913
69.7333,0.439295
69.8,0.439428
69.8667,0.439307
69.9333,0.438123
70,0.43779
70.0667,0.437923
70.1333,0.438276
70.2,0.438601
70.2667,0.438766
70.3333,0.439036
70.4,0.439142
70.4667,0.439667
70.5333,0.439718
70.6,0.439275
70.6667,0.432496
70.7333,0.432946
70.8,0.433346
70.8667,0.433664
70.9333,0.434345
71,0.434126
71.0667,0.434244
71.1333,0.434639
71.2,0.435043
71.2667,0.435513
71.3333,0.43605
71.4,0.436156
71.4667,0.436512
71.5333,0.437022
71.6,0.437661
71.6667,0.437672
71.7333,0.437833
71.8,0.437473
71.8667,0.437665
71.9333,0.43797
72,0.438264
72.0667,0.438139
72.1333,0.438288
72.2,0.438456
72.2667,0.438672
72.3333,0.434216
72.4,0.435125
72.4667,0.43556
72.5333,0.436301
72.6,0.437057
72.6667,0.437222
72.7333,0.437347
72.8,0.437571
72.8667,0.4377
72.9333,0.43797
73,0.438084
73.0667,0.438346
73.1333,0.438828
73.2,0.439103
73.2667,0.439173
73.3333,0.439001
73.4,0.439514
73.4667,0.43989
73.5333,0.44011
73.6,0.440055
73.6667,0.440208
73.7333,0.440145
73.8,0.440494
73.8667,0.44067
73.9333,0.440803
74,0.434569
74.0667,0.435184
74.1333,0.435729
74.2,0.435654
74.2667,0.435991
74.3333,0.437237
74.4,0.436567
74.4667,0.436203
74.5333,0.435631
74.6,0.435936
74.6667,0.435827
74.7333,0.436168
74.8,0.435811
74.8667,0.436407
74.9333,0.436136
75,0.436328
75.0667,0.436865
75.1333,0.438393
75.2,0.439361
75.2667,0.440216
75.3333,0.440713
75.4,0.440901
75.4667,0.44089
75.5333,0.441066
75.6,0.440694
75.6667,0.438429
75.7333,0.438997
75.8,0.438852
75.8667,0.43951
75.9333,0.43935
76,0.438903
76.0667,0.438582
76.1333,0.438785
76.2,0.438848
76.2667,0.439165
76.3333,0.439745
76.4,0.4406
76.4667,0.440898
76.5333,0.440866
76.6,0.441595
76.6667,0.441685
76.7333,0.441442
76.8,0.441548
76.8667,0.441383
76.9333,0.440619
77,0.440419
77.0667,0.440964
77.1333,0.441705
77.2,0.443127
77.2667,0.443594
77.3333,0.438746
77.4,0.439271
77.4667,0.440498
77.5333,0.441717
77.6,0.442285
77.6667,0.441732
77.7333,0.441517
77.8,0.441999
77.8667,0.441434
77.9333,0.441074
78,0.440635
78.0667,0.441266
78.1333,0.440431
78.2,0.439926
78.2667,0.439428
78.3333,0.438719
78.4,0.438378
78.4667,0.438339
78.5333,0.437226
78.6,0.436693
78.6667,0.436418
78.7333,0.436415
78.8,0.436716
78.8667,0.436826
78.9333,0.436838
79,0.42873
79.0667,0.429518
79.1333,0.429663
79.2,0.429921
79.2667,0.429749
79.3333,0.429525
79.4,0.428969
79.4667,0.429153
79.5333,0.429408
79.6,0.430278
79.6667,0.430505
79.7333,0.431152
79.8,0.431187
79.8667,0.431269
79.9333,0.431626
80,0.431496
80.0667,0.43163
80.1333,0.431606
80.2,0.431273
80.2667,0.431395
80.3333,0.431359
80.4,0.431536
80.4667,0.431634
80.5333,0.431732
80.6,0.431681
80.6667,0.427362
80.7333,0.428804
80.8,0.428847
80.8667,0.429
80.9333,0.429267
81,0.429443
81.0667,0.429831
81.1333,0.430129
81.2,0.430348
81.2667,0.430748
81.3333,0.431003
81.4,0.431348
81.4667,0.431575
81.5333,0.431982
81.6,0.432002
81.6667,0.431998
81.7333,0.432366
81.8,0.432425
81.8667,0.432966
81.9333,0.433436
82,0.434055
82.0667,0.434071
82.1333,0.434048
82.2,0.434902
82.2667,0.435384
82.3333,0.431371
82.4,0.431657
82.4667,0.432155
82.5333,0.432899
82.6,0.434165
82.6667,0.435517
82.7333,0.436136
82.8,0.436685
82.8667,0.437402
82.9333,0.437759
83,0.437633
83.0667,0.437496
83.1333,0.437359
83.2,0.437555
83.2667,0.437864
83.3333,0.437237
83.4,0.436493
83.4667,0.436285
83.5333,0.435991
83.6,0.436708
83.6667,0.43674
83.7333,0.436317
83.8,0.435717
83.8667,0.435513
83.9333,0.435599
84,0.430724
84.0667,0.431928
84.1333,0.432014
84.2,0.432574
84.2667,0.432927
84.3333,0.433617
84.4,0.434028
84.4667,0.433722
84.5333,0.434032
84.6,0.434232
84.6667,0.434753
84.7333,0.434733
84.8,0.434537
84.8667,0.434949
84.9333,0.434894
85,0.435086
85.0667,0.435219
85.1333,0.435329
85.2,0.435827
85.2667,0.435948
85.3333,0.435885
85.4,0.435129
85.4667,0.435376
85.5333,0.4352
85.6,0.435419
85.6667,0.431504
85.7333,0.432014
85.8,0.433299
85.8667,0.433667
85.9333,0.434436
86,0.435376
86.0667,0.435576
86.1333,0.435983
86.2,0.436591
86.2667,0.437073
86.3333,0.437018
86.4,0.437998
86.4667,0.438484
86.5333,0.439138
86.6,0.439859
86.6667,0.440227
86.7333,0.440047
86.8,0.439792
86.8667,0.43971
86.9333,0.439361
87,0.439177
87.0667,0.439134
87.1333,0.439232
87.2,0.439628
87.2667,0.439687
87.3333,0.433444
87.4,0.434028
87.4667,0.433683
87.5333,0.433362
87.6,0.432519
87.6667,0.432386
87.7333,0.432241
87.8,0.432762
87.8667,0.432398
87.9333,0.43259
88,0.432739
88.0667,0.43317
88.1333,0.433146
88.2,0.433056
88.2667,0.43304
88.3333,0.433158
88.4,0.433001
88.4667,0.432931
88.5333,0.432837
88.6,0.432821
88.6667,0.432954
88.7333,0.432758
88.8,0.432899
88.8667,0.432864
88.9333,0.432821
89,0.429106
89.0667,0.430039
89.1333,0.430129
89.2,0.430677
89.2667,0.431077
89.3333,0.43192
89.4,0.431783
89.4667,0.432421
89.5333,0.432813
89.6,0.43337
89.6667,0.433342
89.7333,0.434502
89.8,0.434357
89.8667,0.434698
89.9333,0.435337
90,0.436187
90.0667,0.436536
90.1333,0.436716
90.2,0.437273
90.2667,0.437962
90.3333,0.437813
90.4,0.438049
90.4667,0.438417
90.5333,0.438437
90.6,0.438582
90.6667,0.432731
90.7333,0.433123
90.8,0.433628
90.8667,0.433154
90.9333,0.43248
91,0.432927
91.0667,0.432653
91.1333,0.431163
91.2,0.431477
91.2667,0.431112
91.3333,0.429537
91.4,0.428828
91.4667,0.428487
91.5333,0.427119
91.6,0.426441
91.6667,0.426002
91.7333,0.425352
91.8,0.424521
91.8667,0.424251
91.9333,0.423769
92,0.423432
92.0667,0.422703
92.1333,0.421997
92.2,0.421821
92.2667,0.421323
92.3333,0.415316
92.4,0.415528
92.4667,0.416684
92.5333,0.416727
92.6,0.417342
92.6667,0.417644
92.7333,0.417942
92.8,0.418443
92.8667,0.41858
92.9333,0.418698
93,0.419313
93.0667,0.419717
93.1333,0.419975
93.2,0.420367
93.2667,0.420818
93.3333,0.421096
93.4,0.421519
93.4667,0.421829
93.5333,0.421868
93.6,0.422189
93.6667,0.422217
93.7333,0.422268
93.8,0.42273
93.8667,0.422918
93.9333,0.422958
94,0.417369
94.0667,0.418196
94.1333,0.418333
94.2,0.418529
94.2667,0.418976
94.3333,0.419066
94.4,0.419666
94.4667,0.420007
94.5333,0.420555
94.6,0.420841
94.6667,0.421386
94.7333,0.422346
94.8,0.422914
94.8667,0.422981
94.9333,0.423698
95,0.42409
95.0667,0.424529
95.1333,0.426269
95.2,0.427821
95.2667,0.428467
95.3333,0.43016
95.4,0.431551
95.4667,0.432562
95.5333,0.433613
95.6,0.435102
95.6667,0.430885
95.7333,0.433816
95.8,0.4342
95.8667,0.435274
95.9333,0.436426
96,0.439036
96.0667,0.439808
96.1333,0.441462
96.2,0.442775
96.2667,0.443421
96.3333,0.443723
96.4,0.443942
96.4667,0.443727
96.5333,0.443727
96.6,0.442163
96.6667,0.441732
96.7333,0.442708
96.8,0.441603
96.8667,0.441948
96.9333,0.440921
97,0.440937
97.0667,0.440035
97.1333,0.437484
97.2,0.436893
97.2667,0.436967
97.3333,0.429329
97.4,0.42873
97.4667,0.427354
97.5333,0.426089
97.6,0.424125
97.6667,0.423886
97.7333,0.421175
97.8,0.418651
97.8667,0.416554
97.9333,0.413623
98,0.411346
98.0667,0.410563
98.1333,0.406009
98.2,0.401538
98.2667,0.398505
98.3333,0.398795
98.4,0.394707
98.4667,0.392047
98.5333,0.389531
98.6,0.386772
98.6667,0.385173
98.7333,0.381846
98.8,0.379671
98.8667,0.37955
98.9333,0.377645
99,0.369349
99.0667,0.367774
99.1333,0.366516
99.2,0.364807
99.2667,0.364396
99.3333,0.362762
99.4,0.361183
99.4667,0.359854
99.5333,0.358196
99.6,0.355054
99.6667,0.355093
99.7333,0.35351
99.8,0.351009
99.8667,0.351123
99.9333,0.351405
100,0.350167
100.067,0.348686
100.133,0.347048
100.2,0.345127
100.267,0.345747
100.333,0.343944
100.4,0.342729
100.467,0.341644
100.533,0.341726
100.6,0.339418
100.667,0.335323
100.733,0.333387
100.8,0.333218
100.867,0.331478
100.933,0.330221
101,0.325224
101.067,0.324241
101.133,0.32252
101.2,0.321831
101.267,0.320565
101.333,0.320047
101.4,0.316172
101.467,0.316517
101.533,0.315298
101.6,0.31317
101.667,0.311183
101.733,0.307214
101.8,0.306892
101.867,0.306301
101.933,0.304533
102,0.302821
102.067,0.301508
102.133,0.299141
102.2,0.29755
102.267,0.298008
102.333,0.292554
102.4,0.292526
102.467,0.293286
102.533,0.291782
102.6,0.289959
102.667,0.289411
102.733,0.289125
102.8,0.290308
102.867,0.290994
102.933,0.289364
103,0.289183
103.067,0.288694
103.133,0.289571
103.2,0.289779
103.267,0.287796
103.333,0.289842
103.4,0.288
103.467,0.288937
103.533,0.29012
103.6,0.293749
103.667,0.295054
103.733,0.300007
103.8,0.302691
103.867,0.305568
103.933,0.309208
104,0.307664
104.067,0.309953
104.133,0.310227
104.2,0.311861
104.267,0.312155
104.333,0.313217
104.4,0.313198
104.467,0.3123
104.533,0.311567
104.6,0.311665
104.667,0.310701
104.733,0.31116
104.8,0.31366
104.867,0.315118
104.933,0.31817
105,0.321552
105.067,0.323625
105.133,0.328637
105.2,0.332172
105.267,0.333297
105.333,0.335805
105.4,0.335244
105.467,0.333939
105.533,0.335217
105.6,0.336424
105.667,0.334229
105.733,0.334406
105.8,0.333587
105.867,0.331279
105.933,0.33033
106,0.325428
106.067,0.325824
106.133,0.325961
106.2,0.328171
106.267,0.329523
106.333,0.33113
106.4,0.333246
106.467,0.335832
106.533,0.337051
106.6,0.339053
106.667,0.339876
106.733,0.341534
106.8,0.344418
106.867,0.347083
106.933,0.35175
107,0.354689
107.067,0.357479
107.133,0.362421
107.2,0.364631
107.267,0.366892
107.333,0.364705
107.4,0.363024
107.467,0.361437
107.533,0.355759
107.6,0.352906
107.667,0.353271
107.733,0.351158
107.8,0.348211
107.867,0.347259
107.933,0.344026
108,0.344026
108.067,0.345139
108.133,0.344109
108.2,0.34637
108.267,0.347165
108.333,0.349219
108.4,0.352691
108.467,0.353851
108.533,0.357421
108.6,0.361743
108.667,0.366935
108.733,0.369957
108.8,0.370764
108.867,0.372323
108.933,0.371536
109,0.371744
109.067,0.372108
109.133,0.375439
109.2,0.375799
109.267,0.374984
109.333,0.374624
109.4,0.374377
109.467,0.374447
109.533,0.378778
109.6,0.381054
109.667,0.381074
109.733,0.380075
109.8,0.378546
109.867,0.377151
109.933,0.374157
110,0.373084
110.067,0.371262
110.133,0.36757
110.2,0.366481
110.267,0.36576
110.333,0.363299
110.4,0.361151
110.467,0.36206
110.533,0.362139
110.6,0.362966
110.667,0.361802
110.733,0.361226
110.8,0.359893
110.867,0.360309
110.933,0.357734
111,0.354536
111.067,0.355696
111.133,0.353412
111.2,0.35099
111.267,0.34983
111.333,0.34809
111.4,0.343513
111.467,0.343266
111.533,0.339641
111.6,0.338395
111.667,0.338517
111.733,0.337274
111.8,0.338979
111.867,0.338995
111.933,0.339735
112,0.34028
112.067,0.341828
112.133,0.342275
112.2,0.344363
112.267,0.345613
112.333,0.34251
112.4,0.346068
112.467,0.348286
112.533,0.349266
112.6,0.348623
112.667,0.349712
112.733,0.350018
112.8,0.351797
112.867,0.352796
112.933,0.356131
113,0.36275
113.067,0.363969
113.133,0.365603
113.2,0.36893
113.267,0.371595
113.333,0.373323
113.4,0.371422
113.467,0.369224
113.533,0.368961
113.6,0.367676
113.667,0.366708
113.733,0.362966
113.8,0.357374
113.867,0.355375
113.933,0.345398
114,0.337725
114.067,0.337074
114.133,0.33555
114.2,0.331604
114.267,0.327822
114.333,0.325107
114.4,0.323653
114.467,0.321972
114.533,0.31587
114.6,0.312347
114.667,0.310983
114.733,0.306426
114.8,0.302942
114.867,0.299737
114.933,0.293651
115,0.288059
115.067,0.285288
115.133,0.281534
115.2,0.276165
115.267,0.274292
115.333,0.268273
115.4,0.263441
115.467,0.265561
115.533,0.264797
115.6,0.264778
115.667,0.266255
115.733,0.26631
115.8,0.262273
115.867,0.260157
115.933,0.25647
116,0.247856
116.067,0.242801
116.133,0.235916
116.2,0.229752
116.267,0.229881
116.333,0.221734
116.4,0.217804
116.467,0.21662
116.533,0.21327
116.6,0.210276
116.667,0.210558
116.733,0.210476
116.8,0.211491
116.867,0.21026
116.933,0.210311
117,0.209664
117.067,0.208657
117.133,0.206439
117.2,0.20455
117.267,0.204441
117.333,0.202148
117.4,0.201643
117.467,0.201368
117.533,0.20024
117.6,0.200859
117.667,0.201952
117.733,0.208469
117.8,0.212721
117.867,0.214582
117.933,0.221076
118,0.224215
118.067,0.22512
118.133,0.226268
118.2,0.22577
118.267,0.224755
118.333,0.221891
118.4,0.216036
118.467,0.214371
118.533,0.210864
118.6,0.207791
118.667,0.20687
118.733,0.203308
118.8,0.200518
118.867,0.199969
118.933,0.198182
119,0.193946
119.067,0.191862
119.133,0.185987
119.2,0.182884
119.267,0.181743
119.333,0.179862
119.4,0.176947
119.467,0.176096
119.533,0.171986
119.6,0.168537
119.667,0.16793
119.733,0.167922
119.8,0.169842
119.867,0.171461
119.933,0.175348
120,0.180752
120.067,0.182841
120.133,0.185764
120.2,0.190059
120.267,0.191019
120.333,0.193954
120.4,0.194703
120.467,0.197238
120.533,0.199554
120.6,0.200408
120.667,0.198179
120.733,0.19743
120.8,0.196721
120.867,0.197187
120.933,0.195435
121,0.19366
121.067,0.191501
121.133,0.187614
121.2,0.18897
121.267,0.190024
121.333,0.190647
121.4,0.193931
121.467,0.19435
121.533,0.196352
121.6,0.201286
121.667,0.204268
121.733,0.208399
121.8,0.211106
121.867,0.213442
121.933,0.215946
122,0.214175
122.067,0.212999
122.133,0.210221
122.2,0.20691
122.267,0.206141
122.333,0.199096
122.4,0.19589
122.467,0.193523
122.533,0.190263
122.6,0.188037
122.667,0.185678
122.733,0.178887
122.8,0.172491
122.867,0.16929
122.933,0.162205
123,0.155993
123.067,0.153368
123.133,0.146953
123.2,0.138641
123.267,0.13627
123.333,0.129283
123.4,0.123542
123.467,0.120556
123.533,0.113397
123.6,0.112527
123.667,0.114349
123.733,0.119757
123.8,0.123664
123.867,0.124702
123.933,0.123895
124,0.123546
124.067,0.124926
124.133,0.126893
124.2,0.128825
124.267,0.129753
124.333,0.132073
124.4,0.137614
124.467,0.142172
124.533,0.149633
124.6,0.157616
124.667,0.161143
124.733,0.162087
124.8,0.163333
124.867,0.163976
124.933,0.163725
125,0.163572
125.067,0.163588
125.133,0.164266
125.2,0.166644
125.267,0.168776
125.333,0.171265
125.4,0.173071
125.467,0.176774
125.533,0.18027
125.6,0.183244
125.667,0.185517
125.733,0.188198
125.8,0.192661
125.867,0.197426
125.933,0.198308
126,0.197845
126.067,0.198386
126.133,0.193868
126.2,0.192277
126.267,0.190455
126.333,0.185529
126.4,0.181583
126.467,0.186724
126.533,0.191109
126.6,0.198849
126.667,0.204339
126.733,0.213375
126.8,0.220308
126.867,0.223066
126.933,0.229109
127,0.225763
127.067,0.224277
127.133,0.220363
127.2,0.214673
127.267,0.20854
127.333,0.194793
127.4,0.186947
127.467,0.183495
127.533,0.178068
127.6,0.168921
127.667,0.168
127.733,0.163059
127.8,0.16242
127.867,0.161734
127.933,0.158278
128,0.157239
128.067,0.156612
128.133,0.154179
128.2,0.150182
128.267,0.149108
128.333,0.144645
128.4,0.140256
128.467,0.135479
128.533,0.129518
128.6,0.123766
128.667,0.122657
128.733,0.119255
128.8,0.114964
128.867,0.114082
128.933,0.113126
129,0.111269
129.067,0.110093
129.133,0.110085
129.2,0.110493
129.267,0.109654
129.333,0.106844
129.4,0.102326
129.467,0.100437
129.533,0.0960679
129.6,0.0921257
129.667,0.0900566
129.733,0.0836886
129.8,0.0754632
129.867,0.0715993
129.933,0.0657604
130,0.0609952
130.067,0.0583187
130.133,0.054639
130.2,0.049192
130.267,0.0472914
130.333,0.0416327
130.4,0.0386309
130.467,0.0364404
130.533,0.0325334
130.6,0.0295512
130.667,0.0294454
130.733,0.0236339
130.8,0.0199817
130.867,0.0185082
130.933,0.0143661
131,0.0101456
131.067,0.00834692
131.133,0.00521193
131.2,0.00183789
131.267,0.00180262
131.333,0.00199464
131.4,0.00158317
131.467,0.00139899
131.533,0.00122265
131.6,0.0010659
131.667,0.000948335
131.733,0.000971848
131.8,0.00130494
131.867,0.00138332
131.933,0.00132062
132,0.0011717
132.067,0.00109725
132.133,0.00099536
132.2,0.000893473
132.267,0.000877798
132.333,0.00142642
132.4,0.00149304
132.467,0.00144993
132.533,0.00141858
132.6,0.00121089
132.667,0.00116387
132.733,0.000952254
132.8,0.000889554
132.867,0.00099536
132.933,0.000905229
133,0.000905229
133.067,0.000916985
133.133,0.000830773
133.2,0.000967929
133.267,0.0010659
133.333,0.00447912
133.4,0.0147227
133.467,0.020256
133.533,0.0328155
133.6,0.0464449
133.667,0.0532949
133.733,0.0670771
133.8,0.0803146
133.867,0.0877053
133.933,0.100167
134,0.113616
134.067,0.118816
134.133,0.13118
134.2,0.143747
134.267,0.149778
134.333,0.163572
134.4,0.177966
134.467,0.184381
134.533,0.197669
134.6,0.207215
134.667,0.209257
134.733,0.213164
134.8,0.215742
134.867,0.219763
134.933,0.22503
135,0.228717
135.067,0.230653
135.133,0.230583
135.2,0.220382
135.267,0.216699
135.333,0.208967
135.4,0.200745
135.467,0.195772
135.533,0.185176
135.6,0.173937
135.667,0.17507
135.733,0.165739
135.8,0.158693
135.867,0.152576
135.933,0.146835
136,0.135244
136.067,0.128723
136.133,0.117978
136.2,0.10293
136.267,0.0983722
136.333,0.0860987
136.4,0.0758394
136.467,0.0706118
136.533,0.0645142
136.6,0.0635463
136.667,0.060956
136.733,0.0579817
136.8,0.0528677
136.867,0.0489764
136.933,0.0476284
137,0.0466252
137.067,0.0471346
137.133,0.0451478
137.2,0.0400613
137.267,0.0384742
137.333,0.0336777
137.4,0.0315694
137.467,0.0303467
137.533,0.0292338
137.6,0.02749
137.667,0.0274586
137.733,0.028356
137.8,0.0277016
137.867,0.0268708
137.933,0.0232577
138,0.0226621
138.067,0.0203579
138.133,0.0148795
138.2,0.0104787
138.267,0.00876622
138.333,0.00567826
138.4,0.00531381
138.467,0.00511004
138.533,0.00541178
138.6,0.00555286
138.667,0.00561947
138.733,0.00574487
138.8,0.00590554
138.867,0.00575663
138.933,0.00536476
139,0.00525503
139.067,0.00499639
139.133,0.00519625
139.2,0.00541962
139.267,0.00515706
139.333,0.00457317
139.4,0.00436548
139.467,0.00421265
139.533,0.00413819
139.6,0.0042871
139.667,0.00449088
139.733,0.00479262
139.8,0.00465155
139.867,0.00458101
139.933,0.00481613
140,0.00608972
140.067,0.00720656
140.133,0.00977726
140.2,0.0134334
140.267,0.0150754
140.333,0.0172621
140.4,0.0197583
140.467,0.021122
140.533,0.024982
140.6,0.0286891
140.667,0.0308091
140.733,0.0349513
140.8,0.0390071
140.867,0.0409861
140.933,0.0454652
141,0.05025
141.067,0.0529344
141.133,0.0575937
141.2,0.0626959
141.267,0.0662659
141.333,0.0726574
141.4,0.0813413
141.467,0.0879444
141.533,0.0994224
141.6,0.110653
141.667,0.116633
141.733,0.128256
141.8,0.13569
141.867,0.13919
141.933,0.146694
142,0.153352
142.067,0.155543
142.133,0.162134
142.2,0.167957
142.267,0.169348
142.333,0.170932
142.4,0.174051
142.467,0.175893
142.533,0.179521
142.6,0.183256
142.667,0.184224
142.733,0.186168
142.8,0.188331
142.867,0.188923
142.933,0.190192
143,0.191152
143.067,0.191215
143.133,0.191713
143.2,0.192171
143.267,0.192026
143.333,0.192779
143.4,0.193735
143.467,0.193511
143.533,0.198277
143.6,0.205648
143.667,0.209907
143.733,0.214637
143.8,0.213873
143.867,0.21249
143.933,0.208763
144,0.206541
144.067,0.206318
144.133,0.202434
144.2,0.199676
144.267,0.197626
144.333,0.19408
144.4,0.189632
144.467,0.186516
144.533,0.179431
144.6,0.170669
144.667,0.165786
144.733,0.156044
144.8,0.148846
144.867,0.145213
144.933,0.136815
145,0.129146
145.067,0.125368
145.133,0.118319
145.2,0.110653
145.267,0.106931
145.333,0.10001
145.4,0.0921022
145.467,0.0888653
145.533,0.0801108
145.6,0.0722067
145.667,0.0669987
145.733,0.059075
145.8,0.0504499
145.867,0.0466761
145.933,0.040367
146,0.0330467
146.067,0.0299744
146.133,0.0236927
146.2,0.0192841
146.267,0.0173992
146.333,0.013504
146.4,0.0111214
146.467,0.0114819
146.533,0.0108588
146.6,0.00948335
146.667,0.00923255
146.733,0.00768857
146.8,0.00502774
146.867,0.00464371
146.933,0.00332701
147,0.0020064
147.067,0.00127359
147.133,0.000113643
147.2,2.35124e-05
147.267,0
147.333,0.00101104
147.4,0.00096401
147.467,0.00102279
147.533,0.00109333
147.6,0.00123048
147.667,0.00120697
147.733,0.0011913
147.8,0.00138723
147.867,0.00127359
147.933,0.00146169
148,0.00135588
148.067,0.001254
148.133,0.00126575
148.2,0.00126183
148.267,0.00114427
148.333,0.00128143
148.4,0.00133237
148.467,0.00136372
148.533,0.00135197
148.6,0.00141075
148.667,0.00153615
148.733,0.00138332
148.8,0.00144602
148.867,0.0014421
148.933,0.00149304
149,0.0018183
149.067,0.00172425
149.133,0.0016733
149.2,0.00171249
149.267,0.00184965
149.333,0.00182221
149.4,0.00157142
149.467,0.0016929
149.533,0.00146561
149.6,0.00157925
149.667,0.0015479
149.733,0.00137156
149.8,0.00153223
149.867,0.00160277
149.933,0.00132453
150,0.00149696
150.067,0.00158709
150.133,0.00165371
150.2,0.00164587
150.267,0.00166938
150.333,0.00161452
150.4,0.00139507
150.467,0.00154007
150.533,0.00150872
150.6,0.0016929
150.667,0.00188883
150.733,0.0018183
150.8,0.00183789
150.867,0.00208085
150.933,0.00274312
151,0.00477303
151.067,0.00762587
151.133,0.0132375
151.2,0.0194918
151.267,0.0230108
151.333,0.0300881
151.4,0.036025
151.467,0.0390424
151.533,0.0432198
151.6,0.0462842
151.667,0.0475382
151.733,0.0499052
151.8,0.0522995
151.867,0.0535535
151.933,0.0557245
152,0.0582874
152.067,0.0589261
152.133,0.0608345
152.2,0.0618691
152.267,0.0627234
152.333,0.0656546
152.4,0.0651216
152.467,0.0658388
152.533,0.0659446
152.6,0.0657526
152.667,0.0655566
152.733,0.0648669
152.8,0.064573
152.867,0.0646083
152.933,0.0635698
153,0.0633896
153.067,0.0638285
153.133,0.064189
153.2,0.0671711
153.267,0.0689111
153.333,0.0699926
153.4,0.0693735
153.467,0.0683115
153.533,0.0684643
153.6,0.0672809
153.667,0.0648512
153.733,0.0577387
153.8,0.0526914
153.867,0.0518058
153.933,0.047456
154,0.0442347
154.067,0.0436352
154.133,0.0415465
154.2,0.0389484
154.267,0.0386349
154.333,0.0366206
154.4,0.0339324
154.467,0.0322669
154.533,0.03231
154.6,0.032024
154.667,0.0318476
154.733,0.0305662
154.8,0.0282816
154.867,0.0279445
154.933,0.0270746
155,0.0260244
155.067,0.0254405
155.133,0.0235085
155.2,0.0225719
155.267,0.0219293
155.333,0.0219371
155.4,0.0208986
155.467,0.0206126
155.533,0.0203265
155.6,0.0182417
155.667,0.0166468
155.733,0.0158004
155.8,0.0148168
155.867,0.0146835
155.933,0.0141545
156,0.013167
156.067,0.0125792
156.133,0.0113643
156.2,0.0101143
156.267,0.00941673
156.333,0.00813923
156.4,0.00760628
156.467,0.00756709
156.533,0.00664227
156.6,0.00600351
156.667,0.00619945
156.733,0.0050395
156.8,0.00438899
156.867,0.00396185
156.933,0.00392658
157,0.00417346
157.067,0.00414995
157.133,0.00438115
157.2,0.0047456
157.267,0.00497288
157.333,0.00586244
157.4,0.00620337
157.467,0.00589379
157.533,0.00592514
157.6,0.00639539
157.667,0.00638755
157.733,0.00655605
157.8,0.00629742
157.867,0.00637187
157.933,0.00628174
158,0.00652862
158.067,0.00661875
158.133,0.0063366
158.2,0.00675983
158.267,0.00653646
158.333,0.00651687
158.4,0.00712427
158.467,0.00677942
158.533,0.0060858
158.6,0.00534908
158.667,0.00503558
158.733,0.00472992
158.8,0.00591338
158.867,0.0103024
158.933,0.0229638
159,0.0358526
159.067,0.0419384
159.133,0.0512415
159.2,0.0573978
159.267,0.0576564
159.333,0.0591495
159.4,0.0611049
159.467,0.0616144
159.533,0.061583
159.6,0.0623668
159.667,0.0626136
159.733,0.0633935
159.8,0.0638716
159.867,0.0641224
159.933,0.0645025
160,0.0649766
160.067,0.0652235
160.133,0.0653097
160.2,0.0658701
160.267,0.0662385
160.333,0.0661679
160.4,0.0673788
160.467,0.0683859
160.533,0.068578
160.6,0.0660308
160.667,0.0626724
160.733,0.0565788
160.8,0.052566
160.867,0.0525973
160.933,0.0484592
161,0.045575
161.067,0.0423851
161.133,0.0348572
161.2,0.0284461
161.267,0.0265024
161.333,0.0196995
161.4,0.01379
161.467,0.011286
161.533,0.00717521
161.6,0.00241003
161.667,0.000634836
161.733,0.000525111
161.8,0.000564299
161.867,0.00056038
161.933,0.00103063
162,0.0014225
162.067,0.00111684
162.133,0.00775519
162.2,0.0189197
162.267,0.0247586
162.333,0.0325295
162.4,0.0357663
162.467,0.0368518
162.533,0.0381176
162.6,0.0396851
162.667,0.0404453
162.733,0.0419188
162.8,0.0430513
162.867,0.0435529
162.933,0.0441093
163,0.0447638
163.067,0.0454104
163.133,0.0464214
163.2,0.0469622
163.267,0.047213
163.333,0.0474755
163.4,0.0479811
163.467,0.0486864
163.533,0.0486081
163.6,0.0489333
163.667,0.0488902
163.733,0.049286
163.8,0.0493761
163.867,0.049525
163.933,0.0463274
164,0.0413976
164.067,0.038725
164.133,0.0329919
164.2,0.0267376
164.267,0.0242884
164.333,0.0209849
164.4,0.0156554
164.467,0.0128456
164.533,0.0110156
164.6,0.0103455
164.667,0.0093462
164.733,0.00799031
164.8,0.00551367
164.867,0.00519625
164.933,0.00310364
165,0.00239043
165.067,0.00371497
165.133,0.00501599
165.2,0.00553326
165.267,0.00569001
165.333,0.00622688
165.4,0.00664227
165.467,0.00699103
165.533,0.00749655
165.6,0.00751615
165.667,0.00804518
165.733,0.00830773
165.8,0.00863299
165.867,0.00868785
165.933,0.00878582
166,0.0092639
166.067,0.00927958
166.133,0.00961267
166.2,0.0100751
166.267,0.00980077
166.333,0.0100516
166.4,0.0101691
166.467,0.0103533
166.533,0.0103768
166.6,0.0104826
166.667,0.0110861
166.733,0.0109568
166.8,0.0110861
166.867,0.0116112
166.933,0.010898
167,0.00968321
167.067,0.00947943
167.133,0.0109999
167.2,0.017266
167.267,0.0214512
167.333,0.02961
167.4,0.0380118
167.467,0.0426908
167.533,0.0513825
167.6,0.0537455
167.667,0.0533772
167.733,0.0543529
167.8,0.0551876
167.867,0.0559871
167.933,0.0576486
168,0.0592279
168.067,0.0602506
168.133,0.0615791
168.2,0.0629428
168.267,0.0634248
168.333,0.0643261
168.4,0.0651922
168.467,0.065972
168.533,0.0672534
168.6,0.067418
168.667,0.0677864
168.733,0.0684918
168.8,0.0690952
168.867,0.0693304
168.933,0.0697732
169,0.0709214
169.067,0.0710154
169.133,0.0710115
169.2,0.0718227
169.267,0.0723556
169.333,0.0719442
169.4,0.0722655
169.467,0.0729199
169.533,0.0741739
169.6,0.0733706
169.667,0.0711173
169.733,0.0668929
169.8,0.063515
169.867,0.0614537
169.933,0.058256
170,0.0543608
170.067,0.0520605
170.133,0.0460805
170.2,0.0406021
170.267,0.0370791
170.333,0.0315851
170.4,0.0259852
170.467,0.0233792
170.533,0.017458
170.6,0.0120227
170.667,0.0111371
170.733,0.00636404
170.8,0.00255502
170.867,0.00224936
170.933,0.00182221
171,0.00246881
171.067,0.00319769
171.133,0.00307621
171.2,0.00276271
171.267,0.00299784
171.333,0.00253934
171.4,0.00226503
171.467,0.00212004
171.533,0.00208477
171.6,0.00193586
171.667,0.00193978
171.733,0.00202991
171.8,0.00187708
171.867,0.00179478
171.933,0.00178695
172,0.00184573
172.067,0.00185748
172.133,0.00176343
172.2,0.00171249
172.267,0.00166546
172.333,0.00204558
172.4,0.0019868
172.467,0.00177911
172.533,0.00178695
172.6,0.00188883
172.667,0.00194761
172.733,0.00182613
172.8,0.0018183
172.867,0.00181438
172.933,0.0018614
173,0.00184181
173.067,0.00183397
173.133,0.0018614
173.2,0.00176735
173.267,0.00174384
173.333,0.00174776
173.4,0.0016929
173.467,0.00169681
173.533,0.00173208
173.6,0.00174776
173.667,0.00180654
173.733,0.00191235
173.8,0.00196329
173.867,0.00194761
173.933,0.00195153
174,0.00233557
174.067,0.00222976
174.133,0.00210045
174.2,0.00205342
174.267,0.00205734
174.333,0.00199856
174.4,0.00199856
174.467,0.00202207
174.533,0.00187708
174.6,0.00188883
174.667,0.00187708
174.733,0.00202207
174.8,0.00205734
174.867,0.00204558
174.933,0.00672456
175,0.0150754
175.067,0.0195741
175.133,0.0274743
175.2,0.0310795
175.267,0.0327842
175.333,0.0346691
175.4,0.0361386
175.467,0.0368087
175.533,0.0378786
175.6,0.0390503
175.667,0.0401867
175.733,0.0413349
175.8,0.0489098
175.867,0.0533145
175.933,0.062065
176,0.0717404
176.067,0.0741857
176.133,0.0854286
176.2,0.0951549
176.267,0.100367
176.333,0.110716
176.4,0.120713
176.467,0.124651
176.533,0.1327
176.6,0.136603
176.667,0.138002
176.733,0.138904
176.8,0.141075
176.867,0.142368
176.933,0.143575
177,0.145307
177.067,0.146459
177.133,0.148199
177.2,0.148179
177.267,0.147133
177.333,0.142842
177.4,0.138441
177.467,0.136505
177.533,0.132642
177.6,0.13029
177.667,0.128644
177.733,0.125212
177.8,0.121109
177.867,0.120928
177.933,0.121285
178,0.120023
178.067,0.120274
178.133,0.120486
178.2,0.123538
178.267,0.123813
178.333,0.126861
178.4,0.123609
178.467,0.120568
178.533,0.115944
178.6,0.113267
178.667,0.111774
178.733,0.109854
178.8,0.111543
178.867,0.111331
178.933,0.10704
179,0.104709
179.067,0.102209
179.133,0.0978039
179.2,0.093893
179.267,0.0897784
179.333,0.0826149
179.4,0.0756004
179.467,0.0726299
179.533,0.0659759
179.6,0.0588125
179.667,0.0554933
179.733,0.0496975
179.8,0.0444542
179.867,0.0421578
179.933,0.0396341
180,0.0376003
180.067,0.0359153
180.133,0.0341675
180.2,0.0342968
180.267,0.0344497
180.333,0.034869
180.4,0.0350767
180.467,0.0356135
180.533,0.0351903
180.6,0.0353431
180.667,0.0348494
180.733,0.0351315
180.8,0.035253
180.867,0.0358095
180.933,0.0362327
181,0.036362
181.067,0.0362523
181.133,0.035978
181.2,0.0352099
181.267,0.0354137
181.333,0.0362405
181.4,0.0367029
181.467,0.0366912
181.533,0.0364992
181.6,0.0366716
181.667,0.0366951
181.733,0.0372006
181.8,0.0400025
181.867,0.0430435
181.933,0.0485062
182,0.0549251
182.067,0.0579033
182.133,0.0629585
182.2,0.0665324
182.267,0.0685662
182.333,0.0732256
182.4,0.0750165
182.467,0.0756787
182.533,0.0764821
182.6,0.0778654
182.667,0.0785277
182.733,0.0788803
182.8,0.0797581
182.867,0.0805811
182.933,0.0808515
183,0.0814393
183.067,0.0822034
183.133,0.084876
183.2,0.0859889
183.267,0.0871371
183.333,0.0876701
183.4,0.0877641
183.467,0.0884813
183.533,0.089022
183.6,0.0892454
183.667,0.0894649
183.733,0.0899116
183.8,0.0894531
183.867,0.0899782
183.933,0.0907855
184,0.0918514
184.067,0.0920473
184.133,0.092447
184.2,0.0929486
184.267,0.0931171
184.333,0.0935129
184.4,0.094136
184.467,0.0944495
184.533,0.0945004
184.6,0.0942927
184.667,0.0944417
184.733,0.0942771
184.8,0.0948218
184.867,0.0953508
184.933,0.0951666
185,0.0948727
185.067,0.0949119
185.133,0.0951118
185.2,0.0951588
185.267,0.0957074
185.333,0.0969771
185.4,0.0968556
185.467,0.0973259
185.533,0.0968674
185.6,0.0966048
185.667,0.0964912
185.733,0.0965695
185.8,0.0965774
185.867,0.0971887
185.933,0.0968243
186,0.0968909
186.067,0.0970437
186.133,0.0980665
186.2,0.0978196
186.267,0.0978706
186.333,0.0981527
186.4,0.0983565
186.467,0.0986034
186.533,0.0983212
186.6,0.0978157
186.667,0.0981801
186.733,0.0981919
186.8,0.0983917
186.867,0.0989678
186.933,0.0989325
187,0.0991833
187.067,0.0990736
187.133,0.0994028
187.2,0.0997555
187.267,0.100049
187.333,0.0987052
187.4,0.0982977
187.467,0.0986112
187.533,0.0985994
187.6,0.0987405
187.667,0.0985877
187.733,0.0988267
187.8,0.0986543
187.867,0.0986778
187.933,0.0991246
188,0.099536
188.067,0.0997359
188.133,0.0999122
188.2,0.100527
188.267,0.100496
188.333,0.100241
188.4,0.100124
188.467,0.0999984
188.533,0.0995047
188.6,0.0994067
188.667,0.0998182
188.733,0.0994302
188.8,0.0996536
188.867,0.0997711
188.933,0.0997476
189,0.0996653
189.067,0.100147
189.133,0.100449
189.2,0.100763
189.267,0.101135
189.333,0.101695
189.4,0.101695
189.467,0.101656
189.533,0.101636
189.6,0.102749
189.667,0.10311
189.733,0.10331
189.8,0.103282
189.867,0.103008
189.933,0.102287
190,0.102573
190.067,0.102342
190.133,0.102283
190.2,0.102506
190.267,0.102604
190.333,0.102663
190.4,0.102546
190.467,0.10222
190.533,0.102785
190.6,0.102745
190.667,0.100853
190.733,0.100653
190.8,0.100884
190.867,0.1011
190.933,0.101558
191,0.102005
191.067,0.102267
191.133,0.102506
191.2,0.102957
191.267,0.103376
191.333,0.103851
191.4,0.104019
191.467,0.104364
191.533,0.105093
191.6,0.104427
191.667,0.104505
191.733,0.104395
191.8,0.104603
191.867,0.104995
191.933,0.105696
192,0.106821
192.067,0.107491
192.133,0.108083
192.2,0.108498
192.267,0.109188
192.333,0.10706
192.4,0.108369
192.467,0.108718
192.533,0.108839
192.6,0.110144
192.667,0.110414
192.733,0.111288
192.8,0.110391
192.867,0.110712
192.933,0.108694
193,0.107671
193.067,0.107765
193.133,0.107162
193.2,0.107205
193.267,0.107319
193.333,0.10686
193.4,0.106457
193.467,0.106296
193.533,0.106002
193.6,0.105496
193.667,0.105669
193.733,0.105877
193.8,0.106895
193.867,0.10715
193.933,0.10753
194,0.106715
194.067,0.106715
194.133,0.106978
194.2,0.106809
194.267,0.106872
194.333,0.106362
194.4,0.105649
194.467,0.105555
194.533,0.104458
194.6,0.10438
194.667,0.104689
194.733,0.104815
194.8,0.10521
194.867,0.105602
194.933,0.106217
195,0.105798
195.067,0.105681
195.133,0.105939
195.2,0.10679
195.267,0.106899
195.333,0.109121
195.4,0.10974
195.467,0.110426
195.533,0.111343
195.6,0.110877
195.667,0.110105
195.733,0.109995
195.8,0.110438
195.867,0.110673
195.933,0.110916
196,0.111955
196.067,0.112934
196.133,0.113769
196.2,0.115587
196.267,0.116422
196.333,0.119294
196.4,0.123515
196.467,0.125415
196.533,0.127818
196.6,0.130259
196.667,0.131975
196.733,0.134562
196.8,0.13522
196.867,0.135616
196.933,0.137058
197,0.139684
197.067,0.141008
197.133,0.143391
197.2,0.146581
197.267,0.148222
197.333,0.146835
197.4,0.150437
197.467,0.152161
197.533,0.154935
197.6,0.157396
197.667,0.158247
197.733,0.160147
197.8,0.163572
197.867,0.164799
197.933,0.16717
198,0.169297
198.067,0.170265
198.133,0.173189
198.2,0.175187
198.267,0.175865
198.333,0.178377
198.4,0.180787
198.467,0.181892
198.533,0.18413
198.6,0.185258
198.667,0.18578
198.733,0.189502
198.8,0.193468
198.867,0.194338
198.933,0.196591
199,0.192912
199.067,0.195388
199.133,0.1987
199.2,0.205201
199.267,0.209954
199.333,0.217431
199.4,0.22646
199.467,0.230935
199.533,0.238095
199.6,0.244083
199.667,0.247457
199.733,0.254816
199.8,0.260682
199.867,0.262924
199.933,0.267579
200,0.271553
200.067,0.273179
200.133,0.275585
200.2,0.278732
200.267,0.280453
200.333,0.282192
200.4,0.283388
200.467,0.284724
200.533,0.287628
200.6,0.291225
200.667,0.29264
200.733,0.296359
200.8,0.301002
200.867,0.30264
200.933,0.307174
201,0.308033
201.067,0.308907
201.133,0.311258
201.2,0.313229
201.267,0.314036
201.333,0.316744
201.4,0.319381
201.467,0.318727
201.533,0.321215
201.6,0.322567
201.667,0.321842
201.733,0.323222
201.8,0.325463
201.867,0.323712
201.933,0.320573
202,0.317786
202.067,0.315682
202.133,0.315055
202.2,0.313115
202.267,0.31248
202.333,0.31009
202.4,0.3098
202.467,0.309635
202.533,0.310505
202.6,0.312288
202.667,0.31172
202.733,0.314879
202.8,0.315267
202.867,0.314902
202.933,0.314154
203,0.313276
203.067,0.312159
203.133,0.312453
203.2,0.312966
203.267,0.312994
203.333,0.313656
203.4,0.313288
203.467,0.313891
203.533,0.31299
203.6,0.312731
203.667,0.31239
203.733,0.314056
203.8,0.31966
203.867,0.321807
203.933,0.325702
204,0.322352
204.067,0.325126
204.133,0.331145
204.2,0.334719
204.267,0.33624
204.333,0.338348
204.4,0.339994
204.467,0.34251
204.533,0.347459
204.6,0.349015
204.667,0.348623
204.733,0.351115
204.8,0.352267
204.867,0.352346
204.933,0.351636
205,0.35389
205.067,0.353404
205.133,0.354031
205.2,0.355493
205.267,0.355097
205.333,0.355351
205.4,0.357236
205.467,0.358486
205.533,0.359615
205.6,0.361132
205.667,0.352914
205.733,0.354019
205.8,0.354513
205.867,0.355688
205.933,0.358118
206,0.361092
206.067,0.362382
206.133,0.363189
206.2,0.363306
206.267,0.363193
206.333,0.364643
206.4,0.366402
206.467,0.366904
206.533,0.366986
206.6,0.368052
206.667,0.368812
206.733,0.368221
206.8,0.367938
206.867,0.36757
206.933,0.366782
207,0.364568
207.067,0.363471
207.133,0.360893
207.2,0.358855
207.267,0.358381
207.333,0.354301
207.4,0.354607
207.467,0.354897
207.533,0.352922
207.6,0.350175
207.667,0.34905
207.733,0.348255
207.8,0.348372
207.867,0.348678
207.933,0.348298
208,0.348302
208.067,0.348259
208.133,0.347471
208.2,0.34829
208.267,0.347816
208.333,0.347933
208.4,0.348364
208.467,0.349234
208.533,0.350786
208.6,0.351002
208.667,0.351625
208.733,0.352393
208.8,0.354062
208.867,0.355234
208.933,0.357354
209,0.352773
209.067,0.353153
209.133,0.353655
209.2,0.354082
209.267,0.354164
209.333,0.355108
209.4,0.357601
209.467,0.358334
209.533,0.359592
209.6,0.360755
209.667,0.361147
209.733,0.362534
209.8,0.362511
209.867,0.36284
209.933,0.363381
210,0.364553
210.067,0.365113
210.133,0.366265
210.2,0.367202
210.267,0.367778
210.333,0.36784
210.4,0.36913
210.467,0.369831
210.533,0.370627
210.6,0.371003
210.667,0.368275
210.733,0.368456
210.8,0.3696
210.867,0.370141
210.933,0.37065
211,0.36987
211.067,0.36969
211.133,0.369392
211.2,0.36962
211.267,0.369964
211.333,0.370086
211.4,0.370819
211.467,0.370862
211.533,0.37094
211.6,0.371066
211.667,0.371595
211.733,0.371869
211.8,0.373213
211.867,0.373965
211.933,0.375494
212,0.376991
212.067,0.376877
212.133,0.375776
212.2,0.376893
212.267,0.378006
212.333,0.378292
212.4,0.381407
212.467,0.381717
212.533,0.382963
212.6,0.383656
212.667,0.385957
212.733,0.388939
212.8,0.391275
212.867,0.392662
212.933,0.395068
213,0.3966
213.067,0.397066
213.133,0.397227
213.2,0.399782
213.267,0.400527
213.333,0.401953
213.4,0.404328
213.467,0.404876
213.533,0.40666
213.6,0.407349
213.667,0.408638
213.733,0.409873
213.8,0.410962
213.867,0.411468
213.933,0.413016
214,0.407827
214.067,0.409054
214.133,0.409755
214.2,0.410351
214.267,0.410986
214.333,0.411241
214.4,0.411025
214.467,0.411436
214.533,0.411734
214.6,0.411617
214.667,0.411511
214.733,0.41144
214.8,0.41177
214.867,0.412287
214.933,0.413435
215,0.414305
215.067,0.414975
215.133,0.415281
215.2,0.415778
215.267,0.416131
215.333,0.416225
215.4,0.416225
215.467,0.416135
215.533,0.416507
215.6,0.416621
215.667,0.411374
215.733,0.412232
215.8,0.412914
215.867,0.413447
215.933,0.413956
216,0.413459
216.067,0.414031
216.133,0.413396
216.2,0.413188
216.267,0.413678
216.333,0.413423
216.4,0.413212
216.467,0.413482
216.533,0.41329
216.6,0.413768
216.667,0.413905
216.733,0.414066
216.8,0.414227
216.867,0.414364
216.933,0.413913
217,0.413956
217.067,0.414528
217.133,0.414599
217.2,0.414905
217.267,0.415108
217.333,0.412737
217.4,0.412628
217.467,0.413353
217.533,0.414234
217.6,0.414893
217.667,0.414959
217.733,0.415367
217.8,0.416084
217.867,0.416213
217.933,0.417244
218,0.417569
218.067,0.41775
218.133,0.419113
218.2,0.419944
218.267,0.420387
218.333,0.420246
218.4,0.420222
218.467,0.420034
218.533,0.419964
218.6,0.419772
218.667,0.419764
218.733,0.419556
218.8,0.41945
218.867,0.419603
218.933,0.419552
219,0.407596
219.067,0.407725
219.133,0.407937
219.2,0.407827
219.267,0.407819
219.333,0.407819
219.4,0.408294
219.467,0.408693
219.533,0.409657
219.6,0.409967
219.667,0.409712
219.733,0.409614
219.8,0.409724
219.867,0.410081
219.933,0.409399
220,0.408748
220.067,0.408858
220.133,0.40878
220.2,0.408956
220.267,0.408752
220.333,0.40883
220.4,0.408564
220.467,0.408423
220.533,0.408055
220.6,0.407627
220.667,0.400546
220.733,0.399708
220.8,0.400558
220.867,0.400903
220.933,0.400989
221,0.400809
221.067,0.401314
221.133,0.401436
221.2,0.400766
221.267,0.400566
221.333,0.400413
221.4,0.400123
221.467,0.400076
221.533,0.399857
221.6,0.400252
221.667,0.400636
221.733,0.401667
221.8,0.402071
221.867,0.4022
221.933,0.402894
222,0.4028
222.067,0.40334
222.133,0.402184
222.2,0.402984
222.267,0.403282
222.333,0.400578
222.4,0.401397
222.467,0.402173
222.533,0.403184
222.6,0.403305
222.667,0.404226
222.733,0.406103
222.8,0.406875
222.867,0.40675
222.933,0.405288
223,0.403901
223.067,0.404512
223.133,0.40443
223.2,0.404391
223.267,0.404449
223.333,0.403019
223.4,0.402588
223.467,0.402353
223.533,0.402404
223.6,0.402643
223.667,0.40325
223.733,0.403909
223.8,0.405025
223.867,0.405127
223.933,0.405645
224,0.401467
224.067,0.40189
224.133,0.402463
224.2,0.402878
224.267,0.403164
224.333,0.404246
224.4,0.405723
224.467,0.405982
224.533,0.406319
224.6,0.406652
224.667,0.406961
224.733,0.408764
224.8,0.410006
224.867,0.410363
224.933,0.410974
225,0.41119
225.067,0.41177
225.133,0.412146
225.2,0.412013
225.267,0.412087
225.333,0.412761
225.4,0.413008
225.467,0.412851
225.533,0.413666
225.6,0.413854
225.667,0.407812
225.733,0.4082
225.8,0.408615
225.867,0.408925
225.933,0.409877
226,0.409661
226.067,0.409896
226.133,0.40945
226.2,0.409246
226.267,0.409689
226.333,0.410073
226.4,0.410171
226.467,0.410316
226.533,0.410249
226.6,0.410551
226.667,0.41088
226.733,0.411033
226.8,0.411319
226.867,0.411938
226.933,0.412612
227,0.413082
227.067,0.413364
227.133,0.41387
227.2,0.414466
227.267,0.414638
227.333,0.409857
227.4,0.410194
227.467,0.411319
227.533,0.411762
227.6,0.411868
227.667,0.4124
227.733,0.413141
227.8,0.413901
227.867,0.414031
227.933,0.414383
228,0.414136
228.067,0.414999
228.133,0.41501
228.2,0.414783
228.267,0.414905
228.333,0.414799
228.4,0.415018
228.467,0.41532
228.533,0.415347
228.6,0.415187
228.667,0.415406
228.733,0.415806
228.8,0.416182
228.867,0.416131
228.933,0.416676
229,0.41773
229.067,0.418083
229.133,0.418157
229.2,0.418678
229.267,0.419262
229.333,0.419584
229.4,0.41965
229.467,0.419846
229.533,0.419372
229.6,0.419341
229.667,0.419599
229.733,0.419568
229.8,0.419729
229.867,0.419819
229.933,0.420113
230,0.420469
230.067,0.420622
230.133,0.42081
230.2,0.420591
230.267,0.420649
230.333,0.420787
230.4,0.420567
230.467,0.420457
230.533,0.420265
230.6,0.420207
230.667,0.416178
230.733,0.416625
230.8,0.417561
230.867,0.418134
230.933,0.418866
231,0.418988
231.067,0.419109
231.133,0.4188
231.2,0.417264
231.267,0.416507
231.333,0.415379
231.4,0.414595
231.467,0.413968
231.533,0.41311
231.6,0.412432
231.667,0.412589
231.733,0.412616
231.8,0.41273
231.867,0.412569
231.933,0.412299
232,0.41251
232.067,0.412483
232.133,0.412741
232.2,0.412263
232.267,0.412287
232.333,0.409375
232.4,0.410884
232.467,0.411476
232.533,0.411487
232.6,0.410813
232.667,0.410688
232.733,0.410982
232.8,0.411186
232.867,0.411264
232.933,0.411969
233,0.411969
233.067,0.4124
233.133,0.412502
233.2,0.412514
233.267,0.412659
233.333,0.41311
233.4,0.413294
233.467,0.413478
233.533,0.413106
233.6,0.413306
233.667,0.413506
233.733,0.413357
233.8,0.413165
233.867,0.413274
233.933,0.41327
234,0.409955
234.067,0.410382
234.133,0.410786
234.2,0.411127
234.267,0.411519
234.333,0.411605
234.4,0.411331
234.467,0.411358
234.533,0.411476
234.6,0.411366
234.667,0.411875
234.733,0.41177
234.8,0.411907
234.867,0.412063
234.933,0.411965
235,0.411981
235.067,0.412224
235.133,0.412118
235.2,0.412197
235.267,0.412291
235.333,0.412271
235.4,0.412353
235.467,0.412122
235.533,0.41215
235.6,0.412346
235.667,0.408482
235.733,0.408842
235.8,0.409516
235.867,0.409697
235.933,0.410112
236,0.410155
236.067,0.410245
236.133,0.410802
236.2,0.411487
236.267,0.411742
236.333,0.412663
236.4,0.414376
236.467,0.414803
236.533,0.415242
236.6,0.41646
236.667,0.416989
236.733,0.417322
236.8,0.417585
236.867,0.417722
236.933,0.417938
237,0.41929
237.067,0.419584
237.133,0.420156
237.2,0.419748
237.267,0.419525
237.333,0.417522
237.4,0.417091
237.467,0.417612
237.533,0.417056
237.6,0.416695
237.667,0.416503
237.733,0.416398
237.8,0.416464
237.867,0.416707
237.933,0.412855
238,0.41329
238.067,0.414215
238.133,0.414352
238.2,0.414622
238.267,0.414756
238.333,0.415006
238.4,0.414995
238.467,0.415289
238.533,0.41599
238.6,0.416499
238.667,0.41695
238.733,0.417761
238.8,0.417816
238.867,0.418365
238.933,0.419137
239,0.419286
239.067,0.419098
239.133,0.419768
239.2,0.419591
239.267,0.420038
239.333,0.41965
239.4,0.419243
239.467,0.419011
239.533,0.418623
239.6,0.414893
239.667,0.414587
239.733,0.414889
239.8,0.414591
239.867,0.413686
239.933,0.412906
240,0.412906
240.067,0.412306
240.133,0.412416
240.2,0.412534
240.267,0.412832
240.333,0.413165
240.4,0.413686
240.467,0.413917
240.533,0.41405
240.6,0.414031
240.667,0.414113
240.733,0.414415
240.8,0.414654
240.867,0.41472
240.933,0.415014
241,0.415179
241.067,0.415774
241.133,0.416076
241.2,0.4163
241.267,0.413807
241.333,0.4157
241.4,0.416801
241.467,0.416981
241.533,0.416915
241.6,0.417091
241.667,0.41597
241.733,0.415057
241.8,0.41523
241.867,0.414967
241.933,0.415112
242,0.415602
242.067,0.415579
242.133,0.415677
242.2,0.415778
242.267,0.41561
242.333,0.415516
242.4,0.415919
242.467,0.416025
242.533,0.415512
242.6,0.41561
242.667,0.415633
242.733,0.415375
242.8,0.415394
242.867,0.415626
242.933,0.411001
243,0.411589
243.067,0.411965
243.133,0.412467
243.2,0.41289
243.267,0.413035
243.333,0.413682
243.4,0.413929
243.467,0.414368
243.533,0.414618
243.6,0.415065
243.667,0.415238
243.733,0.415242
243.8,0.415351
243.867,0.415696
243.933,0.415884
244,0.415912
244.067,0.416033
244.133,0.416174
244.2,0.416127
244.267,0.41597
244.333,0.415747
244.4,0.415492
244.467,0.415481
244.533,0.415191
244.6,0.412048
244.667,0.411311
244.733,0.411687
244.8,0.41137
244.867,0.41135
244.933,0.40965
245,0.409885
245.067,0.410496
245.133,0.411883
245.2,0.412216
245.267,0.413435
245.333,0.415892
245.4,0.416092
245.467,0.417942
245.533,0.418557
245.6,0.418835
245.667,0.419427
245.733,0.420042
245.8,0.420403
245.867,0.421359
245.933,0.421304
246,0.421351
246.067,0.421116
246.133,0.420642
246.2,0.420312
246.267,0.417667
246.333,0.417742
246.4,0.417624
246.467,0.416621
246.533,0.416441
246.6,0.416064
246.667,0.41485
246.733,0.415124
246.8,0.41601
246.867,0.415916
246.933,0.416927
247,0.41717
247.067,0.417393
247.133,0.417855
247.2,0.418228
247.267,0.418616
247.333,0.419054
247.4,0.419113
247.467,0.419815
247.533,0.419685
247.6,0.419631
247.667,0.420148
247.733,0.419995
247.8,0.419928
247.867,0.420062
247.933,0.416989
248,0.417471
248.067,0.417628
248.133,0.418431
248.2,0.418298
248.267,0.4188
248.333,0.418968
248.4,0.419007
248.467,0.419133
248.533,0.4188
248.6,0.419007
248.667,0.418945
248.733,0.419035
248.8,0.418968
248.867,0.418792
248.933,0.418749
249,0.419
249.067,0.418565
249.133,0.418506
249.2,0.418475
249.267,0.418149
249.333,0.418149
249.4,0.417812
249.467,0.418153
249.533,0.417612
249.6,0.414716
249.667,0.414325
249.733,0.414434
249.8,0.414991
249.867,0.414697
249.933,0.414281
250,0.414117
250.067,0.414716
250.133,0.414767
250.2,0.414736
250.267,0.414082
250.333,0.414066
250.4,0.413831
250.467,0.41407
250.533,0.413776
250.6,0.414023
250.667,0.413984
250.733,0.413114
250.8,0.412718
250.867,0.411981
250.933,0.41193
251,0.411597
251.067,0.408987
251.133,0.408756
251.2,0.408893
251.267,0.402204
251.333,0.401624
251.4,0.402482
251.467,0.403544
251.533,0.403775
251.6,0.403979
251.667,0.403764
251.733,0.405131
251.8,0.406146
251.867,0.408658
251.933,0.4107
252,0.413411
252.067,0.415336
252.133,0.417079
252.2,0.417848
252.267,0.419576
252.333,0.421202
252.4,0.422327
252.467,0.423616
252.533,0.424917
252.6,0.425705
252.667,0.426571
252.733,0.427425
252.8,0.427868
252.867,0.428663
252.933,0.425548
253,0.426132
253.067,0.427989
253.133,0.428847
253.2,0.429576
253.267,0.43056
253.333,0.431602
253.4,0.431998
253.467,0.431998
253.533,0.432801
253.6,0.433123
253.667,0.433374
253.733,0.433377
253.8,0.433644
253.867,0.432723
253.933,0.433385
254,0.434067
254.067,0.433189
254.133,0.434381
254.2,0.434835
254.267,0.435427
254.333,0.434957
254.4,0.435631
254.467,0.436336
254.533,0.436207
254.6,0.441211
254.667,0.441932
254.733,0.442179
254.8,0.442524
254.867,0.443112
254.933,0.443366
255,0.44375
255.067,0.443974
255.133,0.444315
255.2,0.444377
255.267,0.44466
255.333,0.444812
255.4,0.445079
255.467,0.445228
255.533,0.445569
255.6,0.445878
255.667,0.446262
255.733,0.44618
255.8,0.446396
255.867,0.446376
255.933,0.446243
256,0.446305
256.067,0.44665
256.133,0.44674
256.2,0.44676
256.267,0.441109
256.333,0.442034
256.4,0.442214
256.467,0.442093
256.533,0.441991
256.6,0.442504
256.667,0.443163
256.733,0.44357
256.8,0.444107
256.867,0.444432
256.933,0.444624
257,0.444836
257.067,0.444801
257.133,0.444624
257.2,0.444695
257.267,0.444973
257.333,0.445349
257.4,0.44553
257.467,0.4458
257.533,0.444354
257.6,0.444903
257.667,0.442606
257.733,0.443711
257.8,0.442892
257.867,0.444926
257.933,0.441007
258,0.441956
258.067,0.443543
258.133,0.443664
258.2,0.443782
258.267,0.443946
258.333,0.443903
258.4,0.443841
258.467,0.444585
258.533,0.445134
258.6,0.444953
258.667,0.44446
258.733,0.444373
258.8,0.444268
258.867,0.444554
258.933,0.445553
259,0.445596
259.067,0.444828
259.133,0.444048
259.2,0.444048
259.267,0.443605
259.333,0.44301
259.4,0.442794
259.467,0.441924
259.533,0.439898
259.6,0.435478
259.667,0.431951
259.733,0.435353
259.8,0.435964
259.867,0.433859
259.933,0.433209
260,0.434197
260.067,0.435188
260.133,0.438781
260.2,0.438985
260.267,0.440161
260.333,0.440615
260.4,0.440192
260.467,0.441223
260.533,0.442308
260.6,0.44299
260.667,0.443484
260.733,0.4433
260.8,0.443362
260.867,0.442477
260.933,0.442457
261,0.442073
261.067,0.44194
261.133,0.441732
261.2,0.442065
261.267,0.438664
261.333,0.438915
261.4,0.439138
261.467,0.44009
261.533,0.439992
261.6,0.440764
261.667,0.440894
261.733,0.440447
261.8,0.439636
261.867,0.439381
261.933,0.437281
262,0.439459
262.067,0.43799
262.133,0.440051
262.2,0.440588
262.267,0.440564
262.333,0.441799
262.4,0.441509
262.467,0.442128
262.533,0.441403
262.6,0.440212
262.667,0.440631
262.733,0.437586
262.8,0.438848
262.867,0.438519
262.933,0.437747
263,0.439146
263.067,0.439146
263.133,0.440474
263.2,0.440278
263.267,0.44049
263.333,0.440655
263.4,0.441144
263.467,0.441419
263.533,0.441329
263.6,0.441368
263.667,0.44145
263.733,0.441141
263.8,0.441321
263.867,0.440682
263.933,0.439863
264,0.438789
264.067,0.438993
264.133,0.439118
264.2,0.440674
264.267,0.440345
264.333,0.441493
264.4,0.442375
264.467,0.442183
264.533,0.442779
264.6,0.438538
264.667,0.438292
264.733,0.438491
264.8,0.438723
264.867,0.439118
264.933,0.439024
265,0.439467
265.067,0.439212
265.133,0.438742
265.2,0.438268
265.267,0.436701
265.333,0.43536
265.4,0.433671
265.467,0.433711
265.533,0.43063
265.6,0.432061
265.667,0.432351
265.733,0.434961
265.8,0.435012
265.867,0.437214
265.933,0.438327
266,0.438891
266.067,0.439965
266.133,0.439804
266.2,0.440157
266.267,0.437316
266.333,0.437735
266.4,0.437853
266.467,0.438127
266.533,0.438617
266.6,0.438868
266.667,0.438848
266.733,0.438942
266.8,0.438973
266.867,0.438801
266.933,0.439322
267,0.439079
267.067,0.439138
267.133,0.439397
267.2,0.439224
267.267,0.438825
267.333,0.439091
267.4,0.439271
267.467,0.439373
267.533,0.439118
267.6,0.439416
267.667,0.438809
267.733,0.439436
267.8,0.43926
267.867,0.438472
267.933,0.435016
268,0.435509
268.067,0.432731
268.133,0.43241
268.2,0.431645
268.267,0.428573
268.333,0.429114
268.4,0.429047
268.467,0.427883
268.533,0.428169
268.6,0.428463
268.667,0.43067
268.733,0.432112
268.8,0.432786
268.867,0.432292
268.933,0.433526
269,0.433773
269.067,0.43364
269.133,0.433319
269.2,0.43221
269.267,0.431203
269.333,0.434146
269.4,0.433762
269.467,0.435176
269.533,0.435764
269.6,0.433758
269.667,0.434914
269.733,0.436117
269.8,0.43625
269.867,0.43623
269.933,0.436779
270,0.437183
270.067,0.437774
270.133,0.437649
270.2,0.437473
270.267,0.437602
270.333,0.437853
270.4,0.437998
270.467,0.438488
270.533,0.438464
270.6,0.438464
270.667,0.438241
270.733,0.43826
270.8,0.437763
270.867,0.436759
270.933,0.435968
271,0.435392
271.067,0.435262
271.133,0.434146
271.2,0.435298
271.267,0.433871
271.333,0.432899
271.4,0.433432
271.467,0.433185
271.533,0.432707
271.6,0.432037
271.667,0.432029
271.733,0.432359
271.8,0.432386
271.867,0.432766
271.933,0.43344
272,0.433997
272.067,0.435004
272.133,0.435113
272.2,0.436524
272.267,0.436873
272.333,0.437049
272.4,0.438233
272.467,0.439463
272.533,0.439722
272.6,0.43922
272.667,0.439354
272.733,0.439283
272.8,0.43839
272.867,0.438538
272.933,0.433142
273,0.435494
273.067,0.435337
273.133,0.436109
273.2,0.43781
273.267,0.437813
273.333,0.437543
273.4,0.437904
273.467,0.438421
273.533,0.438695
273.6,0.439071
273.667,0.438233
273.733,0.43844
273.8,0.438644
273.867,0.438817
273.933,0.438938
274,0.439181
274.067,0.439781
274.133,0.440063
274.2,0.439357
274.267,0.439083
274.333,0.438127
274.4,0.437194
274.467,0.437457
274.533,0.436924
274.6,0.43453
274.667,0.435113
274.733,0.435619
274.8,0.436638
274.867,0.43826
274.933,0.438817
275,0.438958
275.067,0.439992
275.133,0.440067
275.2,0.440314
275.267,0.440153
275.333,0.440122
275.4,0.439557
275.467,0.440847
275.533,0.439887
275.6,0.439118
275.667,0.439761
275.733,0.440643
275.8,0.439506
275.867,0.438911
275.933,0.43935
276,0.441862
276.067,0.442496
276.133,0.442477
276.2,0.44415
276.267,0.442222
276.333,0.442959
276.4,0.443989
276.467,0.446556
276.533,0.448519
276.6,0.448641
276.667,0.449386
276.733,0.451462
276.8,0.452493
276.867,0.452007
276.933,0.453226
277,0.453069
277.067,0.452971
277.133,0.452579
277.2,0.453034
277.267,0.452607
277.333,0.451717
277.4,0.450773
277.467,0.451619
277.533,0.453347
277.6,0.454449
277.667,0.45524
277.733,0.455393
277.8,0.458038
277.867,0.459735
277.933,0.462368
278,0.465088
278.067,0.466122
278.133,0.469136
278.2,0.47077
278.267,0.473454
278.333,0.474011
278.4,0.473482
278.467,0.471029
278.533,0.47184
278.6,0.46885
278.667,0.467533
278.733,0.46682
278.8,0.465578
278.867,0.463587
278.933,0.464434
279,0.462545
279.067,0.461949
279.133,0.461636
279.2,0.45961
279.267,0.458912
279.333,0.458446
279.4,0.456725
279.467,0.45553
279.533,0.455193
279.6,0.451529
279.667,0.448147
279.733,0.448747
279.8,0.445482
279.867,0.444518
279.933,0.443456
280,0.445494
280.067,0.444997
280.133,0.445592
280.2,0.446341
280.267,0.449315
280.333,0.448915
280.4,0.448155
280.467,0.44705
280.533,0.448982
280.6,0.449119
280.667,0.446497
280.733,0.445984
280.8,0.44629
280.867,0.444863
280.933,0.444526
281,0.442684
281.067,0.442477
281.133,0.439792
281.2,0.438934
281.267,0.434381
281.333,0.432555
281.4,0.428949
281.467,0.42447
281.533,0.421825
281.6,0.419964
281.667,0.414756
281.733,0.412259
281.8,0.413039
281.867,0.409399
281.933,0.407318
282,0.406573
282.067,0.407008
282.133,0.40517
282.2,0.405123
282.267,0.405045
282.333,0.405684
282.4,0.4051
282.467,0.403552
282.533,0.402678
282.6,0.395381
282.667,0.391314
282.733,0.389495
282.8,0.38348
282.867,0.379785
282.933,0.369044
283,0.370662
283.067,0.369529
283.133,0.370082
283.2,0.366524
283.267,0.366148
283.333,0.364513
283.4,0.364251
283.467,0.363412
283.533,0.362131
283.6,0.363922
283.667,0.363271
283.733,0.363052
283.8,0.365595
283.867,0.367539
283.933,0.367982
284,0.366269
284.067,0.361457
284.133,0.358855
284.2,0.358647
284.267,0.357248
284.333,0.356084
284.4,0.353909
284.467,0.353286
284.533,0.352103
284.6,0.350594
284.667,0.350755
284.733,0.348654
284.8,0.347957
284.867,0.346033
284.933,0.3474
285,0.345104
285.067,0.346037
285.133,0.344191
285.2,0.344144
285.267,0.344379
285.333,0.343842
285.4,0.340276
285.467,0.338752
285.533,0.337443
285.6,0.336769
285.667,0.337447
285.733,0.336165
285.8,0.331855
285.867,0.329402
285.933,0.326498
286,0.325828
286.067,0.327685
286.133,0.325052
286.2,0.328022
286.267,0.322845
286.333,0.324201
286.4,0.325953
286.467,0.329378
286.533,0.330855
286.6,0.334457
286.667,0.334582
286.733,0.336346
286.8,0.337474
286.867,0.338752
286.933,0.340758
287,0.341397
287.067,0.3399
287.133,0.337451
287.2,0.337439
287.267,0.336549
287.333,0.335793
287.4,0.334657
287.467,0.336926
287.533,0.336126
287.6,0.337568
287.667,0.338395
287.733,0.337721
287.8,0.331792
287.867,0.328767
287.933,0.32196
288,0.319609
288.067,0.316007
288.133,0.311865
288.2,0.306038
288.267,0.299564
288.333,0.296347
288.4,0.291617
288.467,0.284175
288.533,0.280206
288.6,0.27526
288.667,0.274359
288.733,0.272889
288.8,0.2695
288.867,0.265487
288.933,0.263821
289,0.263085
289.067,0.260443
289.133,0.260792
289.2,0.261725
289.267,0.261129
289.333,0.261893
289.4,0.262062
289.467,0.264115
289.533,0.265146
289.6,0.265083
289.667,0.268677
289.733,0.27093
289.8,0.274108
289.867,0.275331
289.933,0.276142
290,0.277341
290.067,0.277764
290.133,0.276252
290.2,0.274614
290.267,0.274422
290.333,0.274116
290.4,0.274547
290.467,0.273399
290.533,0.271698
290.6,0.27334
290.667,0.273548
290.733,0.273759
290.8,0.275511
290.867,0.277145
290.933,0.278325
291,0.279465
291.067,0.280159
291.133,0.281115
291.2,0.279442
291.267,0.274535
291.333,0.272815
291.4,0.274641
291.467,0.273583
291.533,0.273117
291.6,0.272717
291.667,0.271224
291.733,0.27093
291.8,0.270558
291.867,0.269825
291.933,0.270765
292,0.269143
292.067,0.267054
292.133,0.267325
292.2,0.267097
292.267,0.26408
292.333,0.265064
292.4,0.262708
292.467,0.26002
292.533,0.258355
292.6,0.252998
292.667,0.24951
292.733,0.249624
292.8,0.247888
292.867,0.246258
292.933,0.246779
293,0.24525
293.067,0.245113
293.133,0.244682
293.2,0.243095
293.267,0.238314
293.333,0.237288
293.4,0.235093
293.467,0.234294
293.533,0.234701
293.6,0.235407
293.667,0.23632
293.733,0.237033
293.8,0.23851
293.867,0.241681
293.933,0.244863
294,0.247845
294.067,0.252637
294.133,0.253194
294.2,0.258312
294.267,0.264025
294.333,0.266572
294.4,0.26995
294.467,0.272576
294.533,0.273156
294.6,0.273332
294.667,0.272035
294.733,0.271412
294.8,0.268888
294.867,0.271694
294.933,0.27392
295,0.278003
295.067,0.282192
295.133,0.284622
295.2,0.290931
295.267,0.296355
295.333,0.297832
295.4,0.301449
295.467,0.302805
295.533,0.305458
295.6,0.305344
295.667,0.309275
295.733,0.310976
295.8,0.314722
295.867,0.315055
295.933,0.316054
296,0.313307
296.067,0.311101
296.133,0.310106
296.2,0.309263
296.267,0.300399
296.333,0.301684
296.4,0.303169
296.467,0.306109
296.533,0.30835
296.6,0.3129
296.667,0.31529
296.733,0.314698
296.8,0.313233
296.867,0.312034
296.933,0.312661
297,0.31426
297.067,0.315043
297.133,0.318092
297.2,0.316387
297.267,0.316525
297.333,0.316909
297.4,0.310023
297.467,0.301614
297.533,0.297319
297.6,0.288435
297.667,0.279199
297.733,0.278434
297.8,0.271365
297.867,0.269167
297.933,0.265322
298,0.268481
298.067,0.27026
298.133,0.27169
298.2,0.273336
298.267,0.27664
298.333,0.274833
298.4,0.270569
298.467,0.263218
298.533,0.26082
298.6,0.257238
298.667,0.25571
298.733,0.253934
298.8,0.253519
298.867,0.250698
298.933,0.251842
299,0.250843
299.067,0.248601
299.133,0.250317
299.2,0.249542
299.267,0.247751
299.333,0.249444
299.4,0.24625
299.467,0.247363
299.533,0.248613
299.6,0.250008
299.667,0.25018
299.733,0.249224
299.8,0.248107
299.867,0.24797
299.933,0.249216
300,0.252696
300.067,0.259922
300.133,0.262309
300.2,0.262708
300.267,0.262838
300.333,0.261713
300.4,0.260055
300.467,0.259464
300.533,0.258327
300.6,0.254953
300.667,0.256909
300.733,0.258257
300.8,0.262869
300.867,0.268649
300.933,0.269555
301,0.274555
301.067,0.277811
301.133,0.278709
301.2,0.279575
301.267,0.275797
301.333,0.277466
301.4,0.280131
301.467,0.286111
301.533,0.287189
301.6,0.292761
301.667,0.295367
301.733,0.296457
301.8,0.29632
301.867,0.302793
301.933,0.306775
302,0.310274
302.067,0.312073
302.133,0.312861
302.2,0.312104
302.267,0.312092
302.333,0.311093
302.4,0.308981
302.467,0.305826
302.533,0.305047
302.6,0.304913
302.667,0.305372
302.733,0.305454
302.8,0.30438
302.867,0.304169
302.933,0.305646
303,0.305627
303.067,0.302903
303.133,0.300462
303.2,0.297526
303.267,0.295736
303.333,0.293431
303.4,0.289807
303.467,0.286895
303.533,0.286918
303.6,0.288917
303.667,0.29333
303.733,0.295583
303.8,0.299517
303.867,0.302691
303.933,0.30545
304,0.310733
304.067,0.316693
304.133,0.320251
304.2,0.325839
304.267,0.329057
304.333,0.330985
304.4,0.334073
304.467,0.337455
304.533,0.338681
304.6,0.34035
304.667,0.33789
304.733,0.339814
304.8,0.339234
304.867,0.339943
304.933,0.338975
305,0.339673
305.067,0.338787
305.133,0.337063
305.2,0.333391
305.267,0.328249
305.333,0.327148
305.4,0.321905
305.467,0.322426
305.533,0.323253
305.6,0.323182
305.667,0.325557
305.733,0.325498
305.8,0.328731
305.867,0.330589
305.933,0.331815
306,0.331208
306.067,0.32921
306.133,0.328481
306.2,0.325886
306.267,0.3175
306.333,0.31529
306.4,0.309945
306.467,0.306665
306.533,0.304545
306.6,0.299286
306.667,0.295203
306.733,0.29389
306.8,0.292687
306.867,0.289744
306.933,0.288556
307,0.285704
307.067,0.281942
307.133,0.280519
307.2,0.275448
307.267,0.27265
307.333,0.270805
307.4,0.267454
307.467,0.263245
307.533,0.262179
307.6,0.258026
307.667,0.253417
307.733,0.249976
307.8,0.24413
307.867,0.240752
307.933,0.236617
308,0.230802
308.067,0.227765
308.133,0.225857
308.2,0.223458
308.267,0.221856
308.333,0.223576
308.4,0.224164
308.467,0.224465
308.533,0.226178
308.6,0.231327
308.667,0.240152
308.733,0.243224
308.8,0.247018
308.867,0.251172
308.933,0.252022
309,0.250815
309.067,0.248625
309.133,0.2467
309.2,0.245098
309.267,0.242272
309.333,0.240912
309.4,0.239862
309.467,0.241947
309.533,0.243295
309.6,0.249534
309.667,0.254996
309.733,0.254275
309.8,0.259577
309.867,0.263183
309.933,0.263328
310,0.260126
310.067,0.255968
310.133,0.255733
310.2,0.254123
310.267,0.247472
310.333,0.246791
310.4,0.243534
310.467,0.241112
310.533,0.23902
310.6,0.232052
310.667,0.227005
310.733,0.224912
310.8,0.224301
310.867,0.219007
310.933,0.217843
311,0.211683
311.067,0.205636
311.133,0.204049
311.2,0.196458
311.267,0.192442
311.333,0.191023
311.4,0.182343
311.467,0.177915
311.533,0.174227
311.6,0.17032
311.667,0.168749
311.733,0.16733
311.8,0.167432
311.867,0.166907
311.933,0.164873
312,0.162095
312.067,0.160151
312.133,0.161542
312.2,0.162902
312.267,0.164681
312.333,0.164509
312.4,0.166456
312.467,0.171821
312.533,0.172816
312.6,0.172072
312.667,0.170532
312.733,0.170567
312.8,0.168228
312.867,0.16454
312.933,0.159019
313,0.155257
313.067,0.153348
313.133,0.154583
313.2,0.15791
313.267,0.159677
313.333,0.160672
313.4,0.16215
313.467,0.167064
313.533,0.168032
313.6,0.169768
313.667,0.17313
313.733,0.174596
313.8,0.175818
313.867,0.177394
313.933,0.179016
314,0.183327
314.067,0.187065
314.133,0.189628
314.2,0.193347
314.267,0.20205
314.333,0.208626
314.4,0.21932
314.467,0.229156
314.533,0.231131
314.6,0.234686
314.667,0.238263
314.733,0.240356
314.8,0.241896
314.867,0.241512
314.933,0.240771
315,0.239937
315.067,0.239028
315.133,0.238028
315.2,0.23719
315.267,0.236445
315.333,0.23737
315.4,0.235038
315.467,0.232977
315.533,0.230877
315.6,0.229372
315.667,0.22501
315.733,0.221922
315.8,0.217463
315.867,0.213481
315.933,0.211792
316,0.205726
316.067,0.203806
316.133,0.203841
316.2,0.204159
316.267,0.20234
316.333,0.201858
316.4,0.20091
316.467,0.196188
316.533,0.19279
316.6,0.188056
316.667,0.180082
316.733,0.178381
316.8,0.17052
316.867,0.16164
316.933,0.159532
317,0.152627
317.067,0.147086
317.133,0.145769
317.2,0.140628
317.267,0.134538
317.333,0.130404
317.4,0.125274
317.467,0.120317
317.533,0.11875
317.6,0.1146
317.667,0.111014
317.733,0.108874
317.8,0.104576
317.867,0.0988698
317.933,0.0937559
318,0.0863691
318.067,0.0788607
318.133,0.0751967
318.2,0.0695655
318.267,0.063946
318.333,0.0617319
318.4,0.0571352
318.467,0.0518332
318.533,0.0484278
318.6,0.0398849
318.667,0.0351198
318.733,0.0312794
318.8,0.0239004
318.867,0.017552
318.933,0.0148285
319,0.0115211
319.067,0.0105767
319.133,0.0102828
319.2,0.00813531
319.267,0.00576447
319.333,0.00420481
319.4,0.00151655
319.467,0.0010659
319.533,0.00117954
319.6,0.00137548
319.667,0.00143818
319.733,0.00107374
319.8,0.00105022
319.867,0.000983604
319.933,0.000975767
320,0.000889554
320.067,0.000881717
320.133,0.000795504
320.2,0.000721048
320.267,0.000728886
320.333,0.000768073
320.4,0.000705373
320.467,0.000693617
320.533,0.000693617
320.6,0.000705373
320.667,0.00071713
320.733,0.000752398
320.8,0.000815098
320.867,0.000858204
320.933,0.000897392
321,0.00090131
321.067,0.000948335
321.133,0.000975767
321.2,0.000987523
321.267,0.00159101
321.333,0.00163803
321.4,0.00158709
321.467,0.0015675
321.533,0.00162628
321.6,0.00158709
321.667,0.00156358
321.733,0.00155966
321.8,0.00154007
321.867,0.0015675
321.933,0.00153615
322,0.00159101
322.067,0.00153615
322.133,0.00155966
322.2,0.00202991
322.267,0.00209261
322.333,0.00208477
322.4,0.00200248
322.467,0.00208085
322.533,0.00215531
322.6,0.00219841
322.667,0.00216706
322.733,0.00221409
322.8,0.00240219
322.867,0.00231206
322.933,0.00239827
323,0.00243354
323.067,0.00237868
323.133,0.00244921
323.2,0.0025511
323.267,0.00263731
323.333,0.00242962
323.4,0.00252759
323.467,0.00256678
323.533,0.00279406
323.6,0.00271961
323.667,0.00274704
323.733,0.00277055
323.8,0.00285676
323.867,0.00349552
323.933,0.0033035
324,0.00324472
324.067,0.00325647
324.133,0.00329174
324.2,0.0033035
324.267,0.00311148
324.333,0.00301743
324.4,0.0029273
324.467,0.00289987
324.533,0.00308405
324.6,0.00315459
324.667,0.00307229
324.733,0.00316242
324.8,0.00302527
324.867,0.00291554
324.933,0.00270785
325,0.00262556
325.067,0.00268042
325.133,0.00273528
325.2,0.00262164
325.267,0.00265691
325.333,0.00265691
325.4,0.00287244
325.467,0.00290771
325.533,0.00258245
325.6,0.00260204
325.667,0.00254326
325.733,0.00250799
325.8,0.00245313
325.867,0.00251583
325.933,0.00241786
326,0.00241394
326.067,0.00247273
326.133,0.00250799
326.2,0.00234341
326.267,0.00217098
326.333,0.00220625
326.4,0.00196721
326.467,0.00191235
326.533,0.00186924
326.6,0.00182221
326.667,0.001881
326.733,0.00183789
326.8,0.00183397
326.867,0.00183789
326.933,0.00184965
327,0.00183397
327.067,0.0018183
327.133,0.0018183
327.2,0.00208477
327.267,0.00195545
327.333,0.00196721
327.4,0.00190843
327.467,0.00190451
327.533,0.00190059
327.6,0.00188883
327.667,0.00191235
327.733,0.00976942
327.8,0.0208595
327.867,0.0259421
327.933,0.0323923
328,0.0352648
328.067,0.0364169
328.133,0.0381372
328.2,0.0397008
328.267,0.0405825
328.333,0.044995
328.4,0.0543059
328.467,0.0602506
328.533,0.0720931
328.6,0.0840178
328.667,0.0892768
328.733,0.0956643
328.8,0.0964637
328.867,0.0964167
328.933,0.0976903
329,0.0979058
329.067,0.0974081
329.133,0.0983016
329.2,0.0993871
329.267,0.100128
329.333,0.100684
329.4,0.101245
329.467,0.101049
329.533,0.10282
329.6,0.103063
329.667,0.1007
329.733,0.0969849
329.8,0.0927644
329.867,0.0912165
329.933,0.0873448
330,0.0839825
330.067,0.0822073
330.133,0.0783121
330.2,0.0744718
330.267,0.0727671
330.333,0.0720892
330.4,0.0726221
330.467,0.0727985
330.533,0.0746011
330.6,0.0690952
330.667,0.0662973
330.733,0.0591573
330.8,0.0528364
330.867,0.0492233
330.933,0.0451478
331,0.0420716
331.067,0.0439761
331.133,0.0482632
331.2,0.0522015
331.267,0.0525621
331.333,0.0558029
331.4,0.0567473
331.467,0.0592435
331.533,0.0636913
331.6,0.0682762
331.667,0.069009
331.733,0.0717326
331.8,0.074413
331.867,0.0755886
331.933,0.0771757
332,0.0787118
332.067,0.0803655
332.133,0.0810905
332.2,0.0819291
332.267,0.0818703
332.333,0.0821525
332.4,0.0827129
332.467,0.0830538
332.533,0.0815137
332.6,0.0828657
332.667,0.0827207
332.733,0.0839473
332.8,0.0855735
332.867,0.0853854
332.933,0.0850994
333,0.0866434
333.067,0.0852169
333.133,0.0842412
333.2,0.0806555
333.267,0.0791272
333.333,0.0764233
333.4,0.072869
333.467,0.0720931
333.533,0.0697497
333.6,0.0665716
333.667,0.0658858
333.733,0.0639421
333.8,0.0591299
333.867,0.0555677
333.933,0.0490117
334,0.0411507
334.067,0.0364325
334.133,0.0299196
334.2,0.0237084
334.267,0.0203461
334.333,0.0163882
334.4,0.0139586
334.467,0.0124067
334.533,0.0113056
334.6,0.0101025
334.667,0.0108902
334.733,0.0116661
334.8,0.00953038
334.867,0.00838611
334.933,0.00657173
335,0.00709292
335.067,0.00726143
335.133,0.00749263
335.2,0.00793937
335.267,0.00844097
335.333,0.00889554
335.4,0.00902094
335.467,0.00906013
335.533,0.00855069
335.6,0.00891122
335.667,0.00906405
335.733,0.00922472
335.8,0.00910324
335.867,0.0093266
335.933,0.00967929
336,0.00997711
336.067,0.0101104
336.133,0.0103141
336.2,0.0109333
336.267,0.0108118
336.333,0.0108471
336.4,0.0109803
336.467,0.0115054
336.533,0.0137783
336.6,0.0178342
336.667,0.0195271
336.733,0.0228345
336.8,0.0228384
336.867,0.0237397
336.933,0.0247077
337,0.0252524
337.067,0.0262987
337.133,0.0292965
337.2,0.0323061
337.267,0.0334465
337.333,0.0355195
337.4,0.0399398
337.467,0.0430435
337.533,0.0473149
337.6,0.0530088
337.667,0.0560341
337.733,0.0615007
337.8,0.0708743
337.867,0.0770033
337.933,0.0858126
338,0.092255
338.067,0.0943202
338.133,0.0973611
338.2,0.101828
338.267,0.103659
338.333,0.103999
338.4,0.103173
338.467,0.102322
338.533,0.1009
338.6,0.0980626
338.667,0.0971809
338.733,0.0943986
338.8,0.091146
338.867,0.0900056
338.933,0.0879953
339,0.0857656
339.067,0.0869294
339.133,0.085985
339.2,0.0830224
339.267,0.0818037
339.333,0.0794642
339.4,0.0752829
339.467,0.0747069
339.533,0.071709
339.6,0.0697301
339.667,0.0682214
339.733,0.0675944
339.8,0.0622531
339.867,0.0616065
339.933,0.0584441
340,0.0572842
340.067,0.0559244
340.133,0.0538866
340.2,0.0481496
340.267,0.0465194
340.333,0.0474089
340.4,0.0482123
340.467,0.0472365
340.533,0.0421892
340.6,0.0390934
340.667,0.0370635
340.733,0.0352961
340.8,0.0348807
340.867,0.033611
340.933,0.0264946
341,0.0212396
341.067,0.0207223
341.133,0.0175442
341.2,0.0120227
341.267,0.00974591
341.333,0.00511788
341.4,0.00157142
341.467,0.00108157
341.533,0.00107374
341.6,0.00116778
341.667,0.00117954
341.733,0.00126967
341.8,0.00136764
341.867,0.00140683
341.933,0.00145385
342,0.0015048
342.067,0.00161452
342.133,0.00174384
342.2,0.00285284
342.267,0.00270785
342.333,0.00266083
342.4,0.00275096
342.467,0.00279406
342.533,0.00276271
342.6,0.00277447
342.667,0.00284501
342.733,0.00277055
342.8,0.00271177
342.867,0.00264907
342.933,0.00265299
343,0.00267258
343.067,0.00270785
343.133,0.00270393
343.2,0.00270001
343.267,0.00264515
343.333,0.00249624
343.4,0.00244529
343.467,0.00248056
343.533,0.00243746
343.6,0.0024257
343.667,0.0024257
343.733,0.00244138
343.8,0.00249624
343.867,0.00297824
343.933,0.00277447
344,0.00265299
344.067,0.00260204
344.133,0.00266474
344.2,0.00259029
344.267,0.00257853
344.333,0.00249232
344.4,0.00253934
344.467,0.00242962
344.533,0.00235908
344.6,0.00235124
344.667,0.00245313
344.733,0.00250799
344.8,0.00257069
344.867,0.00259421
344.933,0.00262164
345,0.00260596
345.067,0.00263339
345.133,0.00257069
345.2,0.00258245
345.267,0.00251583
345.333,0.00251975
345.4,0.00252367
345.467,0.00253151
345.533,0.00290771
345.6,0.00295865
345.667,0.00288811
345.733,0.0028646
345.8,0.00289595
345.867,0.00285676
345.933,0.0028019
346,0.00284892
346.067,0.00285676
346.133,0.00287636
346.2,0.00289203
346.267,0.00258245
346.333,0.0024884
346.4,0.00239827
346.467,0.00242178
346.533,0.00237084
346.6,0.00237868
346.667,0.00239043
346.733,0.00244138
346.8,0.00246097
346.867,0.00249624
346.933,0.00251975
347,0.00250799
347.067,0.00250799
347.133,0.00246881
347.2,0.00245313
347.267,0.00246881
347.333,0.00256286
347.4,0.00250016
347.467,0.00248056
347.533,0.00244529
347.6,0.00244921
347.667,0.00245313
347.733,0.00246489
347.8,0.00252759
347.867,0.00253543
347.933,0.00261772
348,0.00256678
348.067,0.00235908
348.133,0.00234733
348.2,0.00224152
348.267,0.00221017
348.333,0.0021749
348.4,0.00220233
348.467,0.00226111
348.533,0.00228071
348.6,0.00229638
348.667,0.00216315
348.733,0.00212788
348.8,0.00208085
348.867,0.0020064
348.933,0.00198288
349,0.00201031
349.067,0.00199072
349.133,0.0020495
349.2,0.00202599
349.267,0.00203383
349.333,0.00204558
349.4,0.00203383
349.467,0.00201815
349.533,0.0020064
349.6,0.00231206
349.667,0.00237084
349.733,0.00231598
349.8,0.00229638
349.867,0.00222976
349.933,0.00226895
350,0.00227287
350.067,0.00233557
350.133,0.00229246
350.2,0.00229638
350.267,0.00240611
350.333,0.00238259
350.4,0.00247273
350.467,0.0109333
350.533,0.0157612
350.6,0.0255815
350.667,0.0353941
350.733,0.0388857
350.8,0.046198
350.867,0.0506419
350.933,0.0516529
351,0.0532635
351.067,0.054302
351.133,0.0547291
351.2,0.0553796
351.267,0.0557127
351.333,0.0561046
351.4,0.0565043
351.467,0.0568688
351.533,0.0571979
351.6,0.0574448
351.667,0.0578641
351.733,0.0581384
351.8,0.0583971
351.867,0.0587302
351.933,0.0591456
352,0.0592984
352.067,0.0593964
352.133,0.0601331
352.2,0.0601879
352.267,0.0603212
352.333,0.0607679
352.4,0.0609325
352.467,0.0612578
352.533,0.0631113
352.6,0.0701259
352.667,0.0771718
352.733,0.0805145
352.8,0.0881482
352.867,0.0930779
352.933,0.0952332
353,0.0982859
353.067,0.100688
353.133,0.101441
353.2,0.102969
353.267,0.104771
353.333,0.10559
353.4,0.106942
353.467,0.108059
353.533,0.108455
353.6,0.108486
353.667,0.108455
353.733,0.108541
353.8,0.108953
353.867,0.110077
353.933,0.110407
354,0.111414
354.067,0.112197
354.133,0.112903
354.2,0.112503
354.267,0.112491
354.333,0.111735
354.4,0.111621
354.467,0.111794
354.533,0.111437
354.6,0.112276
354.667,0.111845
354.733,0.112049
354.8,0.112327
354.867,0.112448
354.933,0.112515
355,0.112754
355.067,0.112476
355.133,0.112632
355.2,0.116359
355.267,0.123162
355.333,0.12616
355.4,0.132148
355.467,0.137434
355.533,0.139974
355.6,0.143324
355.667,0.145679
355.733,0.145162
355.8,0.145397
355.867,0.145409
355.933,0.145832
356,0.145695
356.067,0.146604
356.133,0.147309
356.2,0.148011
356.267,0.148462
356.333,0.148124
356.4,0.147901
356.467,0.148199
356.533,0.147964
356.6,0.148124
356.667,0.151256
356.733,0.15305
356.8,0.15787
356.867,0.164317
356.933,0.168275
357,0.175066
357.067,0.179909
357.133,0.182433
357.2,0.186865
357.267,0.189937
357.333,0.190827
357.4,0.192692
357.467,0.194613
357.533,0.194613
357.6,0.194616
357.667,0.195306
357.733,0.1952
357.8,0.195326
357.867,0.194871
357.933,0.196482
358,0.196611
358.067,0.197285
358.133,0.197458
358.2,0.198014
358.267,0.198688
358.333,0.198857
358.4,0.198359
358.467,0.19821
358.533,0.198014
358.6,0.197301
358.667,0.197869
358.733,0.198014
358.8,0.198375
358.867,0.197802
358.933,0.197168
359,0.199252
359.067,0.20361
359.133,0.20602
359.2,0.210476
359.267,0.215448
359.333,0.217431
359.4,0.220606
359.467,0.22414
359.533,0.226209
359.6,0.226993
359.667,0.230571
359.733,0.232515
359.8,0.232663
359.867,0.232742
359.933,0.23273
360,0.232099
360.067,0.232334
360.133,0.232714
360.2,0.233365
360.267,0.234254
360.333,0.234552
360.4,0.23525
360.467,0.235704
360.533,0.23641
360.6,0.237315
360.667,0.237844
360.733,0.237746
360.8,0.239255
360.867,0.23996
360.933,0.239843
361,0.242065
361.067,0.247625
361.133,0.25105
361.2,0.258316
361.267,0.265083
361.333,0.267462
361.4,0.271099
361.467,0.274825
361.533,0.276393
361.6,0.279496
361.667,0.28075
361.733,0.281456
361.8,0.281761
361.867,0.282412
361.933,0.283325
362,0.285484
362.067,0.288423
362.133,0.290402
362.2,0.293185
362.267,0.297193
362.333,0.298851
362.4,0.302292
362.467,0.305235
362.533,0.30596
362.6,0.308859
362.667,0.310529
362.733,0.311089
362.8,0.312559
362.867,0.314271
362.933,0.31493
363,0.316913
363.067,0.316536
363.133,0.316893
363.2,0.31772
363.267,0.318684
363.333,0.318119
363.4,0.317022
363.467,0.31576
363.533,0.315843
363.6,0.315435
363.667,0.313687
363.733,0.314001
363.8,0.312845
363.867,0.311618
363.933,0.310599
364,0.309451
364.067,0.306508
364.133,0.305728
364.2,0.30391
364.267,0.30259
364.333,0.300552
364.4,0.299082
364.467,0.296821
364.533,0.296253
364.6,0.289489
364.667,0.288568
364.733,0.287679
364.8,0.286581
364.867,0.284771
364.933,0.284457
365,0.282616
365.067,0.281444
365.133,0.282678
365.2,0.284673
365.267,0.28644
365.333,0.287734
365.4,0.28983
365.467,0.291946
365.533,0.292942
365.6,0.2957
365.667,0.299129
365.733,0.300442
365.8,0.30355
365.867,0.306716
365.933,0.308189
366,0.311818
366.067,0.314483
366.133,0.317022
366.2,0.32089
366.267,0.323347
366.333,0.324209
366.4,0.325299
366.467,0.326972
366.533,0.328214
366.6,0.329511
366.667,0.330107
366.733,0.331921
366.8,0.334265
366.867,0.335323
366.933,0.335636
367,0.336373
367.067,0.337368
367.133,0.337161
367.2,0.337263
367.267,0.336953
367.333,0.337094
367.4,0.337129
367.467,0.337047
367.533,0.337133
367.6,0.336291
367.667,0.334774
367.733,0.334535
367.8,0.335209
367.867,0.335358
367.933,0.33381
368,0.33794
368.067,0.342525
368.133,0.344034
368.2,0.347796
368.267,0.350206
368.333,0.35175
368.4,0.354909
368.467,0.358428
368.533,0.359419
368.6,0.36168
368.667,0.3642
368.733,0.366108
368.8,0.368691
368.867,0.369428
368.933,0.370027
369,0.373625
369.067,0.375831
369.133,0.376313
369.2,0.37904
369.267,0.381454
369.333,0.382305
369.4,0.383649
369.467,0.383245
369.533,0.383515
369.6,0.378135
369.667,0.378899
369.733,0.380279
369.8,0.380686
369.867,0.380968
369.933,0.381211
370,0.381631
370.067,0.38241
370.133,0.383668
370.2,0.385886
370.267,0.388285
370.333,0.389006
370.4,0.391231
370.467,0.394049
370.533,0.395726
370.6,0.398336
370.667,0.400225
370.733,0.401698
370.8,0.404449
370.867,0.409058
370.933,0.411358
371,0.416354
371.067,0.421272
371.133,0.423847
371.2,0.428103
371.267,0.426414
371.333,0.429122
371.4,0.432954
371.467,0.438107
371.533,0.440102
371.6,0.443809
371.667,0.448226
371.733,0.450385
371.8,0.452763
371.867,0.455138
371.933,0.456247
372,0.457642
372.067,0.456745
372.133,0.456373
372.2,0.456569
372.267,0.455781
372.333,0.455656
372.4,0.455319
372.467,0.455832
372.533,0.455546
372.6,0.454527
372.667,0.452967
372.733,0.453379
372.8,0.452121
372.867,0.451298
372.933,0.444938
373,0.44502
373.067,0.442751
373.133,0.442124
373.2,0.440909
373.267,0.439694
373.333,0.438476
373.4,0.437069
373.467,0.43627
373.533,0.436113
373.6,0.434847
373.667,0.434565
373.733,0.435619
373.8,0.437672
373.867,0.439687
373.933,0.440662
374,0.443433
374.067,0.446156
374.133,0.447783
374.2,0.449762
374.267,0.451537
374.333,0.452462
374.4,0.454801
374.467,0.455464
374.533,0.455609
374.6,0.45198
374.667,0.452924
374.733,0.453884
374.8,0.455773
374.867,0.455989
374.933,0.456459
375,0.457419
375.067,0.458077
375.133,0.458548
375.2,0.459253
375.267,0.460029
375.333,0.460656
375.4,0.461346
375.467,0.462031
375.533,0.46256
375.6,0.461718
375.667,0.461737
375.733,0.461561
375.8,0.460981
375.867,0.45986
375.933,0.459135
376,0.459139
376.067,0.459088
376.133,0.459178
376.2,0.460186
376.267,0.459131
376.333,0.460209
376.4,0.462098
376.467,0.46318
376.533,0.463689
376.6,0.464774
376.667,0.465637
376.733,0.464884
376.8,0.463807
376.867,0.46343
376.933,0.462948
377,0.462694
377.067,0.461549
377.133,0.461561
377.2,0.461369
377.267,0.462023
377.333,0.461804
377.4,0.463281
377.467,0.464061
377.533,0.464038
377.6,0.464531
377.667,0.464567
377.733,0.465037
377.8,0.465554
377.867,0.465836
377.933,0.455413
378,0.456055
378.067,0.457442
378.133,0.458571
378.2,0.460346
378.267,0.460758
378.333,0.461506
378.4,0.461679
378.467,0.461926
378.533,0.462556
378.6,0.463477
378.667,0.46452
378.733,0.464904
378.8,0.465805
378.867,0.467796
378.933,0.468411
379,0.469187
379.067,0.470069
379.133,0.470794
379.2,0.471585
379.267,0.471907
379.333,0.471722
379.4,0.472095
379.467,0.47124
379.533,0.471464
379.6,0.46336
379.667,0.464061
379.733,0.464449
379.8,0.46564
379.867,0.466973
379.933,0.467404
380,0.468011
380.067,0.469301
380.133,0.470225
380.2,0.470449
380.267,0.471405
380.333,0.472216
380.4,0.472863
380.467,0.473035
380.533,0.473889
380.6,0.473815
380.667,0.474226
380.733,0.47407
380.8,0.475022
380.867,0.476335
380.933,0.476715
381,0.477471
381.067,0.47793
381.133,0.478157
381.2,0.478239
381.267,0.481437
381.333,0.482001
381.4,0.482675
381.467,0.482393
381.533,0.482444
381.6,0.482413
381.667,0.482765
381.733,0.482812
381.8,0.483079
381.867,0.482985
381.933,0.483451
382,0.483526
382.067,0.483522
382.133,0.483749
382.2,0.483553
382.267,0.483698
382.333,0.483678
382.4,0.483686
346