0,0.0484552
0,0.0484552
0,0.0484552
0,0.0484552
0,0.0484552
0,0.0484552
0,0.0484552
0,0.0484552
0,0.0484552
0,0.0484552
0,0.0484552
0,0.0484552
0.8,0.084684
0.8,0.084684
0.8,0.084684
0.8,0.084684
0.8,0.084684
0.8,0.084684
0.8,0.084684
0.8,0.084684
0.8,0.084684
0.8,0.084684
0.8,0.084684
0.8,0.084684
1.6,0.0932073
1.6,0.0932073
1.6,0.0932073
1.6,0.0932073
1.6,0.0932073
1.6,0.0932073
1.6,0.0932073
1.6,0.0932073
1.6,0.0932073
1.6,0.0932073
1.6,0.0932073
1.6,0.0932073
2.4,0.100747
2.4,0.100747
2.4,0.100747
2.4,0.100747
2.4,0.100747
2.4,0.100747
2.4,0.100747
2.4,0.100747
2.4,0.100747
2.4,0.100747
2.4,0.100747
2.4,0.100747
3.2,0.101903
3.2,0.101903
3.2,0.101903
3.2,0.101903
3.2,0.101903
3.2,0.101903
3.2,0.101903
3.2,0.101903
3.2,0.101903
3.2,0.101903
3.2,0.101903
3.2,0.101903
4,0.101025
4,0.101025
4,0.101025
4,0.101025
4,0.101025
4,0.101025
4,0.101025
4,0.101025
4,0.101025
4,0.101025
4,0.101025
4,0.101025
4.8,0.101448
4.8,0.101448
4.8,0.101448
4.8,0.101448
4.8,0.101448
4.8,0.101448
4.8,0.101448
4.8,0.101448
4.8,0.101448
4.8,0.101448
4.8,0.101448
4.8,0.101448
5.6,0.119804
5.6,0.119804
5.6,0.119804
5.6,0.119804
5.6,0.119804
5.6,0.119804
5.6,0.119804
5.6,0.119804
5.6,0.119804
5.6,0.119804
5.6,0.119804
5.6,0.119804
6.4,0.140902
6.4,0.140902
6.4,0.140902
6.4,0.140902
6.4,0.140902
6.4,0.140902
6.4,0.140902
6.4,0.140902
6.4,0.140902
6.4,0.140902
6.4,0.140902
6.4,0.140902
7.2,0.149186
7.2,0.149186
7.2,0.149186
7.2,0.149186
7.2,0.149186
7.2,0.149186
7.2,0.149186
7.2,0.149186
7.2,0.149186
7.2,0.149186
7.2,0.149186
7.2,0.149186
8,0.173683
8,0.173683
8,0.173683
8,0.173683
8,0.173683
8,0.173683
8,0.173683
8,0.173683
8,0.173683
8,0.173683
8,0.173683
8,0.173683
8.8,0.176673
8.8,0.176673
8.8,0.176673
8.8,0.176673
8.8,0.176673
8.8,0.176673
8.8,0.176673
8.8,0.176673
8.8,0.176673
8.8,0.176673
8.8,0.176673
8.8,0.176673
9.6,0.178166
9.6,0.178166
9.6,0.178166
9.6,0.178166
9.6,0.178166
9.6,0.178166
9.6,0.178166
9.6,0.178166
9.6,0.178166
9.6,0.178166
9.6,0.178166
9.6,0.178166
10.4,0.174995
10.4,0.174995
10.4,0.174995
10.4,0.174995
10.4,0.174995
10.4,0.174995
10.4,0.174995
10.4,0.174995
10.4,0.174995
10.4,0.174995
10.4,0.174995
10.4,0.174995
11.2,0.171751
11.2,0.171751
11.2,0.171751
11.2,0.171751
11.2,0.171751
11.2,0.171751
11.2,0.171751
11.2,0.171751
11.2,0.171751
11.2,0.171751
11.2,0.171751
11.2,0.171751
12,0.165978
12,0.165978
12,0.165978
12,0.165978
12,0.165978
12,0.165978
12,0.165978
12,0.165978
12,0.165978
12,0.165978
12,0.165978
12,0.165978
12.8,0.161256
12.8,0.161256
12.8,0.161256
12.8,0.161256
12.8,0.161256
12.8,0.161256
12.8,0.161256
12.8,0.161256
12.8,0.161256
12.8,0.161256
12.8,0.161256
12.8,0.161256
13.6,0.161542
13.6,0.161542
13.6,0.161542
13.6,0.161542
13.6,0.161542
13.6,0.161542
13.6,0.161542
13.6,0.161542
13.6,0.161542
13.6,0.161542
13.6,0.161542
13.6,0.161542
14.4,0.161201
14.4,0.161201
14.4,0.161201
14.4,0.161201
14.4,0.161201
14.4,0.161201
14.4,0.161201
14.4,0.161201
14.4,0.161201
14.4,0.161201
14.4,0.161201
14.4,0.161201
15.2,0.159524
15.2,0.159524
15.2,0.159524
15.2,0.159524
15.2,0.159524
15.2,0.159524
15.2,0.159524
15.2,0.159524
15.2,0.159524
15.2,0.159524
15.2,0.159524
15.2,0.159524
16,0.159497
16,0.159497
16,0.159497
16,0.159497
16,0.159497
16,0.159497
16,0.159497
16,0.159497
16,0.159497
16,0.159497
16,0.159497
16,0.159497
16.8,0.15945
16.8,0.15945
16.8,0.15945
16.8,0.15945
16.8,0.15945
16.8,0.15945
16.8,0.15945
16.8,0.15945
16.8,0.15945
16.8,0.15945
16.8,0.15945
16.8,0.15945
17.6,0.160668
17.6,0.160668
17.6,0.160668
17.6,0.160668
17.6,0.160668
17.6,0.160668
17.6,0.160668
17.6,0.160668
17.6,0.160668
17.6,0.160668
17.6,0.160668
17.6,0.160668
18.4,0.160241
18.4,0.160241
18.4,0.160241
18.4,0.160241
18.4,0.160241
18.4,0.160241
18.4,0.160241
18.4,0.160241
18.4,0.160241
18.4,0.160241
18.4,0.160241
18.4,0.160241
19.2,0.160751
19.2,0.160751
19.2,0.160751
19.2,0.160751
19.2,0.160751
19.2,0.160751
19.2,0.160751
19.2,0.160751
19.2,0.160751
19.2,0.160751
19.2,0.160751
19.2,0.160751
20,0.156942
20,0.156942
20,0.156942
20,0.156942
20,0.156942
20,0.156942
20,0.156942
20,0.156942
20,0.156942
20,0.156942
20,0.156942
20,0.156942
20.8,0.158125
20.8,0.158125
20.8,0.158125
20.8,0.158125
20.8,0.158125
20.8,0.158125
20.8,0.158125
20.8,0.158125
20.8,0.158125
20.8,0.158125
20.8,0.158125
20.8,0.158125
21.6,0.157788
21.6,0.157788
21.6,0.157788
21.6,0.157788
21.6,0.157788
21.6,0.157788
21.6,0.157788
21.6,0.157788
21.6,0.157788
21.6,0.157788
21.6,0.157788
21.6,0.157788
22.4,0.158051
22.4,0.158051
22.4,0.158051
22.4,0.158051
22.4,0.158051
22.4,0.158051
22.4,0.158051
22.4,0.158051
22.4,0.158051
22.4,0.158051
22.4,0.158051
22.4,0.158051
23.2,0.164058
23.2,0.164058
23.2,0.164058
23.2,0.164058
23.2,0.164058
23.2,0.164058
23.2,0.164058
23.2,0.164058
23.2,0.164058
23.2,0.164058
23.2,0.164058
23.2,0.164058
24,0.164325
24,0.164325
24,0.164325
24,0.164325
24,0.164325
24,0.164325
24,0.164325
24,0.164325
24,0.164325
24,0.164325
24,0.164325
24,0.164325
24.8,0.163314
24.8,0.163314
24.8,0.163314
24.8,0.163314
24.8,0.163314
24.8,0.163314
24.8,0.163314
24.8,0.163314
24.8,0.163314
24.8,0.163314
24.8,0.163314
24.8,0.163314
25.6,0.165128
25.6,0.165128
25.6,0.165128
25.6,0.165128
25.6,0.165128
25.6,0.165128
25.6,0.165128
25.6,0.165128
25.6,0.165128
25.6,0.165128
25.6,0.165128
25.6,0.165128
26.4,0.169152
26.4,0.169152
26.4,0.169152
26.4,0.169152
26.4,0.169152
26.4,0.169152
26.4,0.169152
26.4,0.169152
26.4,0.169152
26.4,0.169152
26.4,0.169152
26.4,0.169152
27.2,0.173502
27.2,0.173502
27.2,0.173502
27.2,0.173502
27.2,0.173502
27.2,0.173502
27.2,0.173502
27.2,0.173502
27.2,0.173502
27.2,0.173502
27.2,0.173502
27.2,0.173502
28,0.186313
28,0.186313
28,0.186313
28,0.186313
28,0.186313
28,0.186313
28,0.186313
28,0.186313
28,0.186313
28,0.186313
28,0.186313
28,0.186313
28.8,0.204844
28.8,0.204844
28.8,0.204844
28.8,0.204844
28.8,0.204844
28.8,0.204844
28.8,0.204844
28.8,0.204844
28.8,0.204844
28.8,0.204844
28.8,0.204844
28.8,0.204844
29.6,0.201678
29.6,0.201678
29.6,0.201678
29.6,0.201678
29.6,0.201678
29.6,0.201678
29.6,0.201678
29.6,0.201678
29.6,0.201678
29.6,0.201678
29.6,0.201678
29.6,0.201678
30.4,0.208575
30.4,0.208575
30.4,0.208575
30.4,0.208575
30.4,0.208575
30.4,0.208575
30.4,0.208575
30.4,0.208575
30.4,0.208575
30.4,0.208575
30.4,0.208575
30.4,0.208575
31.2,0.209504
31.2,0.209504
31.2,0.209504
31.2,0.209504
31.2,0.209504
31.2,0.209504
31.2,0.209504
31.2,0.209504
31.2,0.209504
31.2,0.209504
31.2,0.209504
31.2,0.209504
32,0.208379
32,0.208379
32,0.208379
32,0.208379
32,0.208379
32,0.208379
32,0.208379
32,0.208379
32,0.208379
32,0.208379
32,0.208379
32,0.208379
32.8,0.210013
32.8,0.210013
32.8,0.210013
32.8,0.210013
32.8,0.210013
32.8,0.210013
32.8,0.210013
32.8,0.210013
32.8,0.210013
32.8,0.210013
32.8,0.210013
32.8,0.210013
33.6,0.231476
33.6,0.231476
33.6,0.231476
33.6,0.231476
33.6,0.231476
33.6,0.231476
33.6,0.231476
33.6,0.231476
33.6,0.231476
33.6,0.231476
33.6,0.231476
33.6,0.231476
34.4,0.261302
34.4,0.261302
34.4,0.261302
34.4,0.261302
34.4,0.261302
34.4,0.261302
34.4,0.261302
34.4,0.261302
34.4,0.261302
34.4,0.261302
34.4,0.261302
34.4,0.261302
35.2,0.274488
35.2,0.274488
35.2,0.274488
35.2,0.274488
35.2,0.274488
35.2,0.274488
35.2,0.274488
35.2,0.274488
35.2,0.274488
35.2,0.274488
35.2,0.274488
35.2,0.274488
36,0.283223
36,0.283223
36,0.283223
36,0.283223
36,0.283223
36,0.283223
36,0.283223
36,0.283223
36,0.283223
36,0.283223
36,0.283223
36,0.283223
36.8,0.285829
36.8,0.285829
36.8,0.285829
36.8,0.285829
36.8,0.285829
36.8,0.285829
36.8,0.285829
36.8,0.285829
36.8,0.285829
36.8,0.285829
36.8,0.285829
36.8,0.285829
37.6,0.279645
37.6,0.279645
37.6,0.279645
37.6,0.279645
37.6,0.279645
37.6,0.279645
37.6,0.279645
37.6,0.279645
37.6,0.279645
37.6,0.279645
37.6,0.279645
37.6,0.279645
38.4,0.291382
38.4,0.291382
38.4,0.291382
38.4,0.291382
38.4,0.291382
38.4,0.291382
38.4,0.291382
38.4,0.291382
38.4,0.291382
38.4,0.291382
38.4,0.291382
38.4,0.291382
39.2,0.320337
39.2,0.320337
39.2,0.320337
39.2,0.320337
39.2,0.320337
39.2,0.320337
39.2,0.320337
39.2,0.320337
39.2,0.320337
39.2,0.320337
39.2,0.320337
39.2,0.320337
40,0.334359
40,0.334359
40,0.334359
40,0.334359
40,0.334359
40,0.334359
40,0.334359
40,0.334359
40,0.334359
40,0.334359
40,0.334359
40,0.334359
40.8,0.35878
40.8,0.35878
40.8,0.35878
40.8,0.35878
40.8,0.35878
40.8,0.35878
40.8,0.35878
40.8,0.35878
40.8,0.35878
40.8,0.35878
40.8,0.35878
40.8,0.35878
41.6,0.380075
41.6,0.380075
41.6,0.380075
41.6,0.380075
41.6,0.380075
41.6,0.380075
41.6,0.380075
41.6,0.380075
41.6,0.380075
41.6,0.380075
41.6,0.380075
41.6,0.380075
42.4,0.395127
42.4,0.395127
42.4,0.395127
42.4,0.395127
42.4,0.395127
42.4,0.395127
42.4,0.395127
42.4,0.395127
42.4,0.395127
42.4,0.395127
42.4,0.395127
42.4,0.395127
43.2,0.399845
43.2,0.399845
43.2,0.399845
43.2,0.399845
43.2,0.399845
43.2,0.399845
43.2,0.399845
43.2,0.399845
43.2,0.399845
43.2,0.399845
43.2,0.399845
43.2,0.399845
44,0.414364
44,0.414364
44,0.414364
44,0.414364
44,0.414364
44,0.414364
44,0.414364
44,0.414364
44,0.414364
44,0.414364
44,0.414364
44,0.414364
44.8,0.419258
44.8,0.419258
44.8,0.419258
44.8,0.419258
44.8,0.419258
44.8,0.419258
44.8,0.419258
44.8,0.419258
44.8,0.419258
44.8,0.419258
44.8,0.419258
44.8,0.419258
45.6,0.42641
45.6,0.42641
45.6,0.42641
45.6,0.42641
45.6,0.42641
45.6,0.42641
45.6,0.42641
45.6,0.42641
45.6,0.42641
45.6,0.42641
45.6,0.42641
45.6,0.42641
46.4,0.427319
46.4,0.427319
46.4,0.427319
46.4,0.427319
46.4,0.427319
46.4,0.427319
46.4,0.427319
46.4,0.427319
46.4,0.427319
46.4,0.427319
46.4,0.427319
46.4,0.427319
47.2,0.427966
47.2,0.427966
47.2,0.427966
47.2,0.427966
47.2,0.427966
47.2,0.427966
47.2,0.427966
47.2,0.427966
47.2,0.427966
47.2,0.427966
47.2,0.427966
47.2,0.427966
48,0.418157
48,0.418157
48,0.418157
48,0.418157
48,0.418157
48,0.418157
48,0.418157
48,0.418157
48,0.418157
48,0.418157
48,0.418157
48,0.418157
48.8,0.41755
48.8,0.41755
48.8,0.41755
48.8,0.41755
48.8,0.41755
48.8,0.41755
48.8,0.41755
48.8,0.41755
48.8,0.41755
48.8,0.41755
48.8,0.41755
48.8,0.41755
49.6,0.403619
49.6,0.403619
49.6,0.403619
49.6,0.403619
49.6,0.403619
49.6,0.403619
49.6,0.403619
49.6,0.403619
49.6,0.403619
49.6,0.403619
49.6,0.403619
49.6,0.403619
50.4,0.403568
50.4,0.403568
50.4,0.403568
50.4,0.403568
50.4,0.403568
50.4,0.403568
50.4,0.403568
50.4,0.403568
50.4,0.403568
50.4,0.403568
50.4,0.403568
50.4,0.403568
51.2,0.397948
51.2,0.397948
51.2,0.397948
51.2,0.397948
51.2,0.397948
51.2,0.397948
51.2,0.397948
51.2,0.397948
51.2,0.397948
51.2,0.397948
51.2,0.397948
51.2,0.397948
52,0.389652
52,0.389652
52,0.389652
52,0.389652
52,0.389652
52,0.389652
52,0.389652
52,0.389652
52,0.389652
52,0.389652
52,0.389652
52,0.389652
52.8,0.400734
52.8,0.400734
52.8,0.400734
52.8,0.400734
52.8,0.400734
52.8,0.400734
52.8,0.400734
52.8,0.400734
52.8,0.400734
52.8,0.400734
52.8,0.400734
52.8,0.400734
53.6,0.421527
53.6,0.421527
53.6,0.421527
53.6,0.421527
53.6,0.421527
53.6,0.421527
53.6,0.421527
53.6,0.421527
53.6,0.421527
53.6,0.421527
53.6,0.421527
53.6,0.421527
54.4,0.435607
54.4,0.435607
54.4,0.435607
54.4,0.435607
54.4,0.435607
54.4,0.435607
54.4,0.435607
54.4,0.435607
54.4,0.435607
54.4,0.435607
54.4,0.435607
54.4,0.435607
55.2,0.44205
55.2,0.44205
55.2,0.44205
55.2,0.44205
55.2,0.44205
55.2,0.44205
55.2,0.44205
55.2,0.44205
55.2,0.44205
55.2,0.44205
55.2,0.44205
55.2,0.44205
56,0.442845
56,0.442845
56,0.442845
56,0.442845
56,0.442845
56,0.442845
56,0.442845
56,0.442845
56,0.442845
56,0.442845
56,0.442845
56,0.442845
56.8,0.443543
56.8,0.443543
56.8,0.443543
56.8,0.443543
56.8,0.443543
56.8,0.443543
56.8,0.443543
56.8,0.443543
56.8,0.443543
56.8,0.443543
56.8,0.443543
56.8,0.443543
57.6,0.445964
57.6,0.445964
57.6,0.445964
57.6,0.445964
57.6,0.445964
57.6,0.445964
57.6,0.445964
57.6,0.445964
57.6,0.445964
57.6,0.445964
57.6,0.445964
57.6,0.445964
58.4,0.445639
58.4,0.445639
58.4,0.445639
58.4,0.445639
58.4,0.445639
58.4,0.445639
58.4,0.445639
58.4,0.445639
58.4,0.445639
58.4,0.445639
58.4,0.445639
58.4,0.445639
59.2,0.445361
59.2,0.445361
59.2,0.445361
59.2,0.445361
59.2,0.445361
59.2,0.445361
59.2,0.445361
59.2,0.445361
59.2,0.445361
59.2,0.445361
59.2,0.445361
59.2,0.445361
60,0.450334
60,0.450334
60,0.450334
60,0.450334
60,0.450334
60,0.450334
60,0.450334
60,0.450334
60,0.450334
60,0.450334
60,0.450334
60,0.450334
60.8,0.445369
60.8,0.445369
60.8,0.445369
60.8,0.445369
60.8,0.445369
60.8,0.445369
60.8,0.445369
60.8,0.445369
60.8,0.445369
60.8,0.445369
60.8,0.445369
60.8,0.445369
61.6,0.438088
61.6,0.438088
61.6,0.438088
61.6,0.438088
61.6,0.438088
61.6,0.438088
61.6,0.438088
61.6,0.438088
61.6,0.438088
61.6,0.438088
61.6,0.438088
61.6,0.438088
62.4,0.436465
62.4,0.436465
62.4,0.436465
62.4,0.436465
62.4,0.436465
62.4,0.436465
62.4,0.436465
62.4,0.436465
62.4,0.436465
62.4,0.436465
62.4,0.436465
62.4,0.436465
63.2,0.442963
63.2,0.442963
63.2,0.442963
63.2,0.442963
63.2,0.442963
63.2,0.442963
63.2,0.442963
63.2,0.442963
63.2,0.442963
63.2,0.442963
63.2,0.442963
63.2,0.442963
64,0.441003
64,0.441003
64,0.441003
64,0.441003
64,0.441003
64,0.441003
64,0.441003
64,0.441003
64,0.441003
64,0.441003
64,0.441003
64,0.441003
64.8,0.445396
64.8,0.445396
64.8,0.445396
64.8,0.445396
64.8,0.445396
64.8,0.445396
64.8,0.445396
64.8,0.445396
64.8,0.445396
64.8,0.445396
64.8,0.445396
64.8,0.445396
65.6,0.44502
65.6,0.44502
65.6,0.44502
65.6,0.44502
65.6,0.44502
65.6,0.44502
65.6,0.44502
65.6,0.44502
65.6,0.44502
65.6,0.44502
65.6,0.44502
65.6,0.44502
66.4,0.44482
66.4,0.44482
66.4,0.44482
66.4,0.44482
66.4,0.44482
66.4,0.44482
66.4,0.44482
66.4,0.44482
66.4,0.44482
66.4,0.44482
66.4,0.44482
66.4,0.44482
67.2,0.436144
67.2,0.436144
67.2,0.436144
67.2,0.436144
67.2,0.436144
67.2,0.436144
67.2,0.436144
67.2,0.436144
67.2,0.436144
67.2,0.436144
67.2,0.436144
67.2,0.436144
68,0.43806
68,0.43806
68,0.43806
68,0.43806
68,0.43806
68,0.43806
68,0.43806
68,0.43806
68,0.43806
68,0.43806
68,0.43806
68,0.43806
68.8,0.439212
68.8,0.439212
68.8,0.439212
68.8,0.439212
68.8,0.439212
68.8,0.439212
68.8,0.439212
68.8,0.439212
68.8,0.439212
68.8,0.439212
68.8,0.439212
68.8,0.439212
69.6,0.438954
69.6,0.438954
69.6,0.438954
69.6,0.438954
69.6,0.438954
69.6,0.438954
69.6,0.438954
69.6,0.438954
69.6,0.438954
69.6,0.438954
69.6,0.438954
69.6,0.438954
70.4,0.439142
70.4,0.439142
70.4,0.439142
70.4,0.439142
70.4,0.439142
70.4,0.439142
70.4,0.439142
70.4,0.439142
70.4,0.439142
70.4,0.439142
70.4,0.439142
70.4,0.439142
71.2,0.435043
71.2,0.435043
71.2,0.435043
71.2,0.435043
71.2,0.435043
71.2,0.435043
71.2,0.435043
71.2,0.435043
71.2,0.435043
71.2,0.435043
71.2,0.435043
71.2,0.435043
72,0.438264
72,0.438264
72,0.438264
72,0.438264
72,0.438264
72,0.438264
72,0.438264
72,0.438264
72,0.438264
72,0.438264
72,0.438264
72,0.438264
72.8,0.437571
72.8,0.437571
72.8,0.437571
72.8,0.437571
72.8,0.437571
72.8,0.437571
72.8,0.437571
72.8,0.437571
72.8,0.437571
72.8,0.437571
72.8,0.437571
72.8,0.437571
73.6,0.440055
73.6,0.440055
73.6,0.440055
73.6,0.440055
73.6,0.440055
73.6,0.440055
73.6,0.440055
73.6,0.440055
73.6,0.440055
73.6,0.440055
73.6,0.440055
73.6,0.440055
74.4,0.436567
74.4,0.436567
74.4,0.436567
74.4,0.436567
74.4,0.436567
74.4,0.436567
74.4,0.436567
74.4,0.436567
74.4,0.436567
74.4,0.436567
74.4,0.436567
74.4,0.436567
75.2,0.439361
75.2,0.439361
75.2,0.439361
75.2,0.439361
75.2,0.439361
75.2,0.439361
75.2,0.439361
75.2,0.439361
75.2,0.439361
75.2,0.439361
75.2,0.439361
75.2,0.439361
76,0.438903
76,0.438903
76,0.438903
76,0.438903
76,0.438903
76,0.438903
76,0.438903
76,0.438903
76,0.438903
76,0.438903
76,0.438903
76,0.438903
76.8,0.441548
76.8,0.441548
76.8,0.441548
76.8,0.441548
76.8,0.441548
76.8,0.441548
76.8,0.441548
76.8,0.441548
76.8,0.441548
76.8,0.441548
76.8,0.441548
76.8,0.441548
77.6,0.442285
77.6,0.442285
77.6,0.442285
77.6,0.442285
77.6,0.442285
77.6,0.442285
77.6,0.442285
77.6,0.442285
77.6,0.442285
77.6,0.442285
77.6,0.442285
77.6,0.442285
78.4,0.438378
78.4,0.438378
78.4,0.438378
78.4,0.438378
78.4,0.438378
78.4,0.438378
78.4,0.438378
78.4,0.438378
78.4,0.438378
78.4,0.438378
78.4,0.438378
78.4,0.438378
79.2,0.429921
79.2,0.429921
79.2,0.429921
79.2,0.429921
79.2,0.429921
79.2,0.429921
79.2,0.429921
79.2,0.429921
79.2,0.429921
79.2,0.429921
79.2,0.429921
79.2,0.429921
80,0.431496
80,0.431496
80,0.431496
80,0.431496
80,0.431496
80,0.431496
80,0.431496
80,0.431496
80,0.431496
80,0.431496
80,0.431496
80,0.431496
80.8,0.428847
80.8,0.428847
80.8,0.428847
80.8,0.428847
80.8,0.428847
80.8,0.428847
80.8,0.428847
80.8,0.428847
80.8,0.428847
80.8,0.428847
80.8,0.428847
80.8,0.428847
81.6,0.432002
81.6,0.432002
81.6,0.432002
81.6,0.432002
81.6,0.432002
81.6,0.432002
81.6,0.432002
81.6,0.432002
81.6,0.432002
81.6,0.432002
81.6,0.432002
81.6,0.432002
82.4,0.431657
82.4,0.431657
82.4,0.431657
82.4,0.431657
82.4,0.431657
82.4,0.431657
82.4,0.431657
82.4,0.431657
82.4,0.431657
82.4,0.431657
82.4,0.431657
82.4,0.431657
83.2,0.437555
83.2,0.437555
83.2,0.437555
83.2,0.437555
83.2,0.437555
83.2,0.437555
83.2,0.437555
83.2,0.437555
83.2,0.437555
83.2,0.437555
83.2,0.437555
83.2,0.437555
84,0.430724
84,0.430724
84,0.430724
84,0.430724
84,0.430724
84,0.430724
84,0.430724
84,0.430724
84,0.430724
84,0.430724
84,0.430724
84,0.430724
84.8,0.434537
84.8,0.434537
84.8,0.434537
84.8,0.434537
84.8,0.434537
84.8,0.434537
84.8,0.434537
84.8,0.434537
84.8,0.434537
84.8,0.434537
84.8,0.434537
84.8,0.434537
85.6,0.435419
85.6,0.435419
85.6,0.435419
85.6,0.435419
85.6,0.435419
85.6,0.435419
85.6,0.435419
85.6,0.435419
85.6,0.435419
85.6,0.435419
85.6,0.435419
85.6,0.435419
86.4,0.437998
86.4,0.437998
86.4,0.437998
86.4,0.437998
86.4,0.437998
86.4,0.437998
86.4,0.437998
86.4,0.437998
86.4,0.437998
86.4,0.437998
86.4,0.437998
86.4,0.437998
87.2,0.439628
87.2,0.439628
87.2,0.439628
87.2,0.439628
87.2,0.439628
87.2,0.439628
87.2,0.439628
87.2,0.439628
87.2,0.439628
87.2,0.439628
87.2,0.439628
87.2,0.439628
88,0.432739
88,0.432739
88,0.432739
88,0.432739
88,0.432739
88,0.432739
88,0.432739
88,0.432739
88,0.432739
88,0.432739
88,0.432739
88,0.432739
88.8,0.432899
88.8,0.432899
88.8,0.432899
88.8,0.432899
88.8,0.432899
88.8,0.432899
88.8,0.432899
88.8,0.432899
88.8,0.432899
88.8,0.432899
88.8,0.432899
88.8,0.432899
89.6,0.43337
89.6,0.43337
89.6,0.43337
89.6,0.43337
89.6,0.43337
89.6,0.43337
89.6,0.43337
89.6,0.43337
89.6,0.43337
89.6,0.43337
89.6,0.43337
89.6,0.43337
90.4,0.438049
90.4,0.438049
90.4,0.438049
90.4,0.438049
90.4,0.438049
90.4,0.438049
90.4,0.438049
90.4,0.438049
90.4,0.438049
90.4,0.438049
90.4,0.438049
90.4,0.438049
91.2,0.431477
91.2,0.431477
91.2,0.431477
91.2,0.431477
91.2,0.431477
91.2,0.431477
91.2,0.431477
91.2,0.431477
91.2,0.431477
91.2,0.431477
91.2,0.431477
91.2,0.431477
92,0.423432
92,0.423432
92,0.423432
92,0.423432
92,0.423432
92,0.423432
92,0.423432
92,0.423432
92,0.423432
92,0.423432
92,0.423432
92,0.423432
92.8,0.418443
92.8,0.418443
92.8,0.418443
92.8,0.418443
92.8,0.418443
92.8,0.418443
92.8,0.418443
92.8,0.418443
92.8,0.418443
92.8,0.418443
92.8,0.418443
92.8,0.418443
93.6,0.422189
93.6,0.422189
93.6,0.422189
93.6,0.422189
93.6,0.422189
93.6,0.422189
93.6,0.422189
93.6,0.422189
93.6,0.422189
93.6,0.422189
93.6,0.422189
93.6,0.422189
94.4,0.419666
94.4,0.419666
94.4,0.419666
94.4,0.419666
94.4,0.419666
94.4,0.419666
94.4,0.419666
94.4,0.419666
94.4,0.419666
94.4,0.419666
94.4,0.419666
94.4,0.419666
95.2,0.427821
95.2,0.427821
95.2,0.427821
95.2,0.427821
95.2,0.427821
95.2,0.427821
95.2,0.427821
95.2,0.427821
95.2,0.427821
95.2,0.427821
95.2,0.427821
95.2,0.427821
96,0.439036
96,0.439036
96,0.439036
96,0.439036
96,0.439036
96,0.439036
96,0.439036
96,0.439036
96,0.439036
96,0.439036
96,0.439036
96,0.439036
96.8,0.441603
96.8,0.441603
96.8,0.441603
96.8,0.441603
96.8,0.441603
96.8,0.441603
96.8,0.441603
96.8,0.441603
96.8,0.441603
96.8,0.441603
96.8,0.441603
96.8,0.441603
97.6,0.424125
97.6,0.424125
97.6,0.424125
97.6,0.424125
97.6,0.424125
97.6,0.424125
97.6,0.424125
97.6,0.424125
97.6,0.424125
97.6,0.424125
97.6,0.424125
97.6,0.424125
98.4,0.394707
98.4,0.394707
98.4,0.394707
98.4,0.394707
98.4,0.394707
98.4,0.394707
98.4,0.394707
98.4,0.394707
98.4,0.394707
98.4,0.394707
98.4,0.394707
98.4,0.394707
99.2,0.364807
99.2,0.364807
99.2,0.364807
99.2,0.364807
99.2,0.364807
99.2,0.364807
99.2,0.364807
99.2,0.364807
99.2,0.364807
99.2,0.364807
99.2,0.364807
99.2,0.364807
100,0.350167
100,0.350167
100,0.350167
100,0.350167
100,0.350167
100,0.350167
100,0.350167
100,0.350167
100,0.350167
100,0.350167
100,0.350167
100,0.350167
100.8,0.333218
100.8,0.333218
100.8,0.333218
100.8,0.333218
100.8,0.333218
100.8,0.333218
100.8,0.333218
100.8,0.333218
100.8,0.333218
100.8,0.333218
100.8,0.333218
100.8,0.333218
101.6,0.31317
101.6,0.31317
101.6,0.31317
101.6,0.31317
101.6,0.31317
101.6,0.31317
101.6,0.31317
101.6,0.31317
101.6,0.31317
101.6,0.31317
101.6,0.31317
101.6,0.31317
102.4,0.292526
102.4,0.292526
102.4,0.292526
102.4,0.292526
102.4,0.292526
102.4,0.292526
102.4,0.292526
102.4,0.292526
102.4,0.292526
102.4,0.292526
102.4,0.292526
102.4,0.292526
103.2,0.289779
103.2,0.289779
103.2,0.289779
103.2,0.289779
103.2,0.289779
103.2,0.289779
103.2,0.289779
103.2,0.289779
103.2,0.289779
103.2,0.289779
103.2,0.289779
103.2,0.289779
104,0.307664
104,0.307664
104,0.307664
104,0.307664
104,0.307664
104,0.307664
104,0.307664
104,0.307664
104,0.307664
104,0.307664
104,0.307664
104,0.307664
104.8,0.31366
104.8,0.31366
104.8,0.31366
104.8,0.31366
104.8,0.31366
104.8,0.31366
104.8,0.31366
104.8,0.31366
104.8,0.31366
104.8,0.31366
104.8,0.31366
104.8,0.31366
105.6,0.336424
105.6,0.336424
105.6,0.336424
105.6,0.336424
105.6,0.336424
105.6,0.336424
105.6,0.336424
105.6,0.336424
105.6,0.336424
105.6,0.336424
105.6,0.336424
105.6,0.336424
106.4,0.333246
106.4,0.333246
106.4,0.333246
106.4,0.333246
106.4,0.333246
106.4,0.333246
106.4,0.333246
106.4,0.333246
106.4,0.333246
106.4,0.333246
106.4,0.333246
106.4,0.333246
107.2,0.364631
107.2,0.364631
107.2,0.364631
107.2,0.364631
107.2,0.364631
107.2,0.364631
107.2,0.364631
107.2,0.364631
107.2,0.364631
107.2,0.364631
107.2,0.364631
107.2,0.364631
108,0.344026
108,0.344026
108,0.344026
108,0.344026
108,0.344026
108,0.344026
108,0.344026
108,0.344026
108,0.344026
108,0.344026
108,0.344026
108,0.344026
108.8,0.370764
108.8,0.370764
108.8,0.370764
108.8,0.370764
108.8,0.370764
108.8,0.370764
108.8,0.370764
108.8,0.370764
108.8,0.370764
108.8,0.370764
108.8,0.370764
108.8,0.370764
109.6,0.381054
109.6,0.381054
109.6,0.381054
109.6,0.381054
109.6,0.381054
109.6,0.381054
109.6,0.381054
109.6,0.381054
109.6,0.381054
109.6,0.381054
109.6,0.381054
109.6,0.381054
110.4,0.361151
110.4,0.361151
110.4,0.361151
110.4,0.361151
110.4,0.361151
110.4,0.361151
110.4,0.361151
110.4,0.361151
110.4,0.361151
110.4,0.361151
110.4,0.361151
110.4,0.361151
111.2,0.35099
111.2,0.35099
111.2,0.35099
111.2,0.35099
111.2,0.35099
111.2,0.35099
111.2,0.35099
111.2,0.35099
111.2,0.35099
111.2,0.35099
111.2,0.35099
111.2,0.35099
112,0.34028
112,0.34028
112,0.34028
112,0.34028
112,0.34028
112,0.34028
112,0.34028
112,0.34028
112,0.34028
112,0.34028
112,0.34028
112,0.34028
112.8,0.351797
112.8,0.351797
112.8,0.351797
112.8,0.351797
112.8,0.351797
112.8,0.351797
112.8,0.351797
112.8,0.351797
112.8,0.351797
112.8,0.351797
112.8,0.351797
112.8,0.351797
113.6,0.367676
113.6,0.367676
113.6,0.367676
113.6,0.367676
113.6,0.367676
113.6,0.367676
113.6,0.367676
113.6,0.367676
113.6,0.367676
113.6,0.367676
113.6,0.367676
113.6,0.367676
114.4,0.323653
114.4,0.323653
114.4,0.323653
114.4,0.323653
114.4,0.323653
114.4,0.323653
114.4,0.323653
114.4,0.323653
114.4,0.323653
114.4,0.323653
114.4,0.323653
114.4,0.323653
115.2,0.276165
115.2,0.276165
115.2,0.276165
115.2,0.276165
115.2,0.276165
115.2,0.276165
115.2,0.276165
115.2,0.276165
115.2,0.276165
115.2,0.276165
115.2,0.276165
115.2,0.276165
116,0.247856
116,0.247856
116,0.247856
116,0.247856
116,0.247856
116,0.247856
116,0.247856
116,0.247856
116,0.247856
116,0.247856
116,0.247856
116,0.247856
116.8,0.211491
116.8,0.211491
116.8,0.211491
116.8,0.211491
116.8,0.211491
116.8,0.211491
116.8,0.211491
116.8,0.211491
116.8,0.211491
116.8,0.211491
116.8,0.211491
116.8,0.211491
117.6,0.200859
117.6,0.200859
117.6,0.200859
117.6,0.200859
117.6,0.200859
117.6,0.200859
117.6,0.200859
117.6,0.200859
117.6,0.200859
117.6,0.200859
117.6,0.200859
117.6,0.200859
118.4,0.216036
118.4,0.216036
118.4,0.216036
118.4,0.216036
118.4,0.216036
118.4,0.216036
118.4,0.216036
118.4,0.216036
118.4,0.216036
118.4,0.216036
118.4,0.216036
118.4,0.216036
119.2,0.182884
119.2,0.182884
119.2,0.182884
119.2,0.182884
119.2,0.182884
119.2,0.182884
119.2,0.182884
119.2,0.182884
119.2,0.182884
119.2,0.182884
119.2,0.182884
119.2,0.182884
120,0.180752
120,0.180752
120,0.180752
120,0.180752
120,0.180752
120,0.180752
120,0.180752
120,0.180752
120,0.180752
120,0.180752
120,0.180752
120,0.180752
120.8,0.196721
120.8,0.196721
120.8,0.196721
120.8,0.196721
120.8,0.196721
120.8,0.196721
120.8,0.196721
120.8,0.196721
120.8,0.196721
120.8,0.196721
120.8,0.196721
120.8,0.196721
121.6,0.201286
121.6,0.201286
121.6,0.201286
121.6,0.201286
121.6,0.201286
121.6,0.201286
121.6,0.201286
121.6,0.201286
121.6,0.201286
121.6,0.201286
121.6,0.201286
121.6,0.201286
122.4,0.19589
122.4,0.19589
122.4,0.19589
122.4,0.19589
122.4,0.19589
122.4,0.19589
122.4,0.19589
122.4,0.19589
122.4,0.19589
122.4,0.19589
122.4,0.19589
122.4,0.19589
123.2,0.138641
123.2,0.138641
123.2,0.138641
123.2,0.138641
123.2,0.138641
123.2,0.138641
123.2,0.138641
123.2,0.138641
123.2,0.138641
123.2,0.138641
123.2,0.138641
123.2,0.138641
124,0.123546
124,0.123546
124,0.123546
124,0.123546
124,0.123546
124,0.123546
124,0.123546
124,0.123546
124,0.123546
124,0.123546
124,0.123546
124,0.123546
124.8,0.163333
124.8,0.163333
124.8,0.163333
124.8,0.163333
124.8,0.163333
124.8,0.163333
124.8,0.163333
124.8,0.163333
124.8,0.163333
124.8,0.163333
124.8,0.163333
124.8,0.163333
125.6,0.183244
125.6,0.183244
125.6,0.183244
125.6,0.183244
125.6,0.183244
125.6,0.183244
125.6,0.183244
125.6,0.183244
125.6,0.183244
125.6,0.183244
125.6,0.183244
125.6,0.183244
126.4,0.181583
126.4,0.181583
126.4,0.181583
126.4,0.181583
126.4,0.181583
126.4,0.181583
126.4,0.181583
126.4,0.181583
126.4,0.181583
126.4,0.181583
126.4,0.181583
126.4,0.181583
127.2,0.214673
127.2,0.214673
127.2,0.214673
127.2,0.214673
127.2,0.214673
127.2,0.214673
127.2,0.214673
127.2,0.214673
127.2,0.214673
127.2,0.214673
127.2,0.214673
127.2,0.214673
128,0.157239
128,0.157239
128,0.157239
128,0.157239
128,0.157239
128,0.157239
128,0.157239
128,0.157239
128,0.157239
128,0.157239
128,0.157239
128,0.157239
128.8,0.114964
128.8,0.114964
128.8,0.114964
128.8,0.114964
128.8,0.114964
128.8,0.114964
128.8,0.114964
128.8,0.114964
128.8,0.114964
128.8,0.114964
128.8,0.114964
128.8,0.114964
129.6,0.0921257
129.6,0.0921257
129.6,0.0921257
129.6,0.0921257
129.6,0.0921257
129.6,0.0921257
129.6,0.0921257
129.6,0.0921257
129.6,0.0921257
129.6,0.0921257
129.6,0.0921257
129.6,0.0921257
130.4,0.0386309
130.4,0.0386309
130.4,0.0386309
130.4,0.0386309
130.4,0.0386309
130.4,0.0386309
130.4,0.0386309
130.4,0.0386309
130.4,0.0386309
130.4,0.0386309
130.4,0.0386309
130.4,0.0386309
131.2,0.00183789
131.2,0.00183789
131.2,0.00183789
131.2,0.00183789
131.2,0.00183789
131.2,0.00183789
131.2,0.00183789
131.2,0.00183789
131.2,0.00183789
131.2,0.00183789
131.2,0.00183789
131.2,0.00183789
132,0.0011717
132,0.0011717
132,0.0011717
132,0.0011717
132,0.0011717
132,0.0011717
132,0.0011717
132,0.0011717
132,0.0011717
132,0.0011717
132,0.0011717
132,0.0011717
132.8,0.000889554
132.8,0.000889554
132.8,0.000889554
132.8,0.000889554
132.8,0.000889554
132.8,0.000889554
132.8,0.000889554
132.8,0.000889554
132.8,0.000889554
132.8,0.000889554
132.8,0.000889554
132.8,0.000889554
133.6,0.0464449
133.6,0.0464449
133.6,0.0464449
133.6,0.0464449
133.6,0.0464449
133.6,0.0464449
133.6,0.0464449
133.6,0.0464449
133.6,0.0464449
133.6,0.0464449
133.6,0.0464449
133.6,0.0464449
134.4,0.177966
134.4,0.177966
134.4,0.177966
134.4,0.177966
134.4,0.177966
134.4,0.177966
134.4,0.177966
134.4,0.177966
134.4,0.177966
134.4,0.177966
134.4,0.177966
134.4,0.177966
135.2,0.220382
135.2,0.220382
135.2,0.220382
135.2,0.220382
135.2,0.220382
135.2,0.220382
135.2,0.220382
135.2,0.220382
135.2,0.220382
135.2,0.220382
135.2,0.220382
135.2,0.220382
136,0.135244
136,0.135244
136,0.135244
136,0.135244
136,0.135244
136,0.135244
136,0.135244
136,0.135244
136,0.135244
136,0.135244
136,0.135244
136,0.135244
136.8,0.0528677
136.8,0.0528677
136.8,0.0528677
136.8,0.0528677
136.8,0.0528677
136.8,0.0528677
136.8,0.0528677
136.8,0.0528677
136.8,0.0528677
136.8,0.0528677
136.8,0.0528677
136.8,0.0528677
137.6,0.02749
137.6,0.02749
137.6,0.02749
137.6,0.02749
137.6,0.02749
137.6,0.02749
137.6,0.02749
137.6,0.02749
137.6,0.02749
137.6,0.02749
137.6,0.02749
137.6,0.02749
138.4,0.00531381
138.4,0.00531381
138.4,0.00531381
138.4,0.00531381
138.4,0.00531381
138.4,0.00531381
138.4,0.00531381
138.4,0.00531381
138.4,0.00531381
138.4,0.00531381
138.4,0.00531381
138.4,0.00531381
139.2,0.00541962
139.2,0.00541962
139.2,0.00541962
139.2,0.00541962
139.2,0.00541962
139.2,0.00541962
139.2,0.00541962
139.2,0.00541962
139.2,0.00541962
139.2,0.00541962
139.2,0.00541962
139.2,0.00541962
140,0.00608972
140,0.00608972
140,0.00608972
140,0.00608972
140,0.00608972
140,0.00608972
140,0.00608972
140,0.00608972
140,0.00608972
140,0.00608972
140,0.00608972
140,0.00608972
140.8,0.0390071
140.8,0.0390071
140.8,0.0390071
140.8,0.0390071
140.8,0.0390071
140.8,0.0390071
140.8,0.0390071
140.8,0.0390071
140.8,0.0390071
140.8,0.0390071
140.8,0.0390071
140.8,0.0390071
141.6,0.110653
141.6,0.110653
141.6,0.110653
141.6,0.110653
141.6,0.110653
141.6,0.110653
141.6,0.110653
141.6,0.110653
141.6,0.110653
141.6,0.110653
141.6,0.110653
141.6,0.110653
142.4,0.174051
142.4,0.174051
142.4,0.174051
142.4,0.174051
142.4,0.174051
142.4,0.174051
142.4,0.174051
142.4,0.174051
142.4,0.174051
142.4,0.174051
142.4,0.174051
142.4,0.174051
143.2,0.192171
143.2,0.192171
143.2,0.192171
143.2,0.192171
143.2,0.192171
143.2,0.192171
143.2,0.192171
143.2,0.192171
143.2,0.192171
143.2,0.192171
143.2,0.192171
143.2,0.192171
144,0.206541
144,0.206541
144,0.206541
144,0.206541
144,0.206541
144,0.206541
144,0.206541
144,0.206541
144,0.206541
144,0.206541
144,0.206541
144,0.206541
144.8,0.148846
144.8,0.148846
144.8,0.148846
144.8,0.148846
144.8,0.148846
144.8,0.148846
144.8,0.148846
144.8,0.148846
144.8,0.148846
144.8,0.148846
144.8,0.148846
144.8,0.148846
145.6,0.0722067
145.6,0.0722067
145.6,0.0722067
145.6,0.0722067
145.6,0.0722067
145.6,0.0722067
145.6,0.0722067
145.6,0.0722067
145.6,0.0722067
145.6,0.0722067
145.6,0.0722067
145.6,0.0722067
146.4,0.0111214
146.4,0.0111214
146.4,0.0111214
146.4,0.0111214
146.4,0.0111214
146.4,0.0111214
146.4,0.0111214
146.4,0.0111214
146.4,0.0111214
146.4,0.0111214
146.4,0.0111214
146.4,0.0111214
147.2,2.35124e-05
147.2,2.35124e-05
147.2,2.35124e-05
147.2,2.35124e-05
147.2,2.35124e-05
147.2,2.35124e-05
147.2,2.35124e-05
147.2,2.35124e-05
147.2,2.35124e-05
147.2,2.35124e-05
147.2,2.35124e-05
147.2,2.35124e-05
148,0.00135588
148,0.00135588
148,0.00135588
148,0.00135588
148,0.00135588
148,0.00135588
148,0.00135588
148,0.00135588
148,0.00135588
148,0.00135588
148,0.00135588
148,0.00135588
148.8,0.00144602
148.8,0.00144602
148.8,0.00144602
148.8,0.00144602
148.8,0.00144602
148.8,0.00144602
148.8,0.00144602
148.8,0.00144602
148.8,0.00144602
148.8,0.00144602
148.8,0.00144602
148.8,0.00144602
149.6,0.00157925
149.6,0.00157925
149.6,0.00157925
149.6,0.00157925
149.6,0.00157925
149.6,0.00157925
149.6,0.00157925
149.6,0.00157925
149.6,0.00157925
149.6,0.00157925
149.6,0.00157925
149.6,0.00157925
150.4,0.00139507
150.4,0.00139507
150.4,0.00139507
150.4,0.00139507
150.4,0.00139507
150.4,0.00139507
150.4,0.00139507
150.4,0.00139507
150.4,0.00139507
150.4,0.00139507
150.4,0.00139507
150.4,0.00139507
151.2,0.0194918
151.2,0.0194918
151.2,0.0194918
151.2,0.0194918
151.2,0.0194918
151.2,0.0194918
151.2,0.0194918
151.2,0.0194918
151.2,0.0194918
151.2,0.0194918
151.2,0.0194918
151.2,0.0194918
152,0.0582874
152,0.0582874
152,0.0582874
152,0.0582874
152,0.0582874
152,0.0582874
152,0.0582874
152,0.0582874
152,0.0582874
152,0.0582874
152,0.0582874
152,0.0582874
152.8,0.064573
152.8,0.064573
152.8,0.064573
152.8,0.064573
152.8,0.064573
152.8,0.064573
152.8,0.064573
152.8,0.064573
152.8,0.064573
152.8,0.064573
152.8,0.064573
152.8,0.064573
153.6,0.0672809
153.6,0.0672809
153.6,0.0672809
153.6,0.0672809
153.6,0.0672809
153.6,0.0672809
153.6,0.0672809
153.6,0.0672809
153.6,0.0672809
153.6,0.0672809
153.6,0.0672809
153.6,0.0672809
154.4,0.0339324
154.4,0.0339324
154.4,0.0339324
154.4,0.0339324
154.4,0.0339324
154.4,0.0339324
154.4,0.0339324
154.4,0.0339324
154.4,0.0339324
154.4,0.0339324
154.4,0.0339324
154.4,0.0339324
155.2,0.0225719
155.2,0.0225719
155.2,0.0225719
155.2,0.0225719
155.2,0.0225719
155.2,0.0225719
155.2,0.0225719
155.2,0.0225719
155.2,0.0225719
155.2,0.0225719
155.2,0.0225719
155.2,0.0225719
156,0.013167
156,0.013167
156,0.013167
156,0.013167
156,0.013167
156,0.013167
156,0.013167
156,0.013167
156,0.013167
156,0.013167
156,0.013167
156,0.013167
156.8,0.00438899
156.8,0.00438899
156.8,0.00438899
156.8,0.00438899
156.8,0.00438899
156.8,0.00438899
156.8,0.00438899
156.8,0.00438899
156.8,0.00438899
156.8,0.00438899
156.8,0.00438899
156.8,0.00438899
157.6,0.00639539
157.6,0.00639539
157.6,0.00639539
157.6,0.00639539
157.6,0.00639539
157.6,0.00639539
157.6,0.00639539
157.6,0.00639539
157.6,0.00639539
157.6,0.00639539
157.6,0.00639539
157.6,0.00639539
158.4,0.00712427
158.4,0.00712427
158.4,0.00712427
158.4,0.00712427
158.4,0.00712427
158.4,0.00712427
158.4,0.00712427
158.4,0.00712427
158.4,0.00712427
158.4,0.00712427
158.4,0.00712427
158.4,0.00712427
159.2,0.0573978
159.2,0.0573978
159.2,0.0573978
159.2,0.0573978
159.2,0.0573978
159.2,0.0573978
159.2,0.0573978
159.2,0.0573978
159.2,0.0573978
159.2,0.0573978
159.2,0.0573978
159.2,0.0573978
160,0.0649766
160,0.0649766
160,0.0649766
160,0.0649766
160,0.0649766
160,0.0649766
160,0.0649766
160,0.0649766
160,0.0649766
160,0.0649766
160,0.0649766
160,0.0649766
160.8,0.052566
160.8,0.052566
160.8,0.052566
160.8,0.052566
160.8,0.052566
160.8,0.052566
160.8,0.052566
160.8,0.052566
160.8,0.052566
160.8,0.052566
160.8,0.052566
160.8,0.052566
161.6,0.00241003
161.6,0.00241003
161.6,0.00241003
161.6,0.00241003
161.6,0.00241003
161.6,0.00241003
161.6,0.00241003
161.6,0.00241003
161.6,0.00241003
161.6,0.00241003
161.6,0.00241003
161.6,0.00241003
162.4,0.0357663
162.4,0.0357663
162.4,0.0357663
162.4,0.0357663
162.4,0.0357663
162.4,0.0357663
162.4,0.0357663
162.4,0.0357663
162.4,0.0357663
162.4,0.0357663
162.4,0.0357663
162.4,0.0357663
163.2,0.0469622
163.2,0.0469622
163.2,0.0469622
163.2,0.0469622
163.2,0.0469622
163.2,0.0469622
163.2,0.0469622
163.2,0.0469622
163.2,0.0469622
163.2,0.0469622
163.2,0.0469622
163.2,0.0469622
164,0.0413976
164,0.0413976
164,0.0413976
164,0.0413976
164,0.0413976
164,0.0413976
164,0.0413976
164,0.0413976
164,0.0413976
164,0.0413976
164,0.0413976
164,0.0413976
164.8,0.00551367
164.8,0.00551367
164.8,0.00551367
164.8,0.00551367
164.8,0.00551367
164.8,0.00551367
164.8,0.00551367
164.8,0.00551367
164.8,0.00551367
164.8,0.00551367
164.8,0.00551367
164.8,0.00551367
165.6,0.00751615
165.6,0.00751615
165.6,0.00751615
165.6,0.00751615
165.6,0.00751615
165.6,0.00751615
165.6,0.00751615
165.6,0.00751615
165.6,0.00751615
165.6,0.00751615
165.6,0.00751615
165.6,0.00751615
166.4,0.0101691
166.4,0.0101691
166.4,0.0101691
166.4,0.0101691
166.4,0.0101691
166.4,0.0101691
166.4,0.0101691
166.4,0.0101691
166.4,0.0101691
166.4,0.0101691
166.4,0.0101691
166.4,0.0101691
167.2,0.017266
167.2,0.017266
167.2,0.017266
167.2,0.017266
167.2,0.017266
167.2,0.017266
167.2,0.017266
167.2,0.017266
167.2,0.017266
167.2,0.017266
167.2,0.017266
167.2,0.017266
168,0.0592279
168,0.0592279
168,0.0592279
168,0.0592279
168,0.0592279
168,0.0592279
168,0.0592279
168,0.0592279
168,0.0592279
168,0.0592279
168,0.0592279
168,0.0592279
168.8,0.0690952
168.8,0.0690952
168.8,0.0690952
168.8,0.0690952
168.8,0.0690952
168.8,0.0690952
168.8,0.0690952
168.8,0.0690952
168.8,0.0690952
168.8,0.0690952
168.8,0.0690952
168.8,0.0690952
169.6,0.0733706
169.6,0.0733706
169.6,0.0733706
169.6,0.0733706
169.6,0.0733706
169.6,0.0733706
169.6,0.0733706
169.6,0.0733706
169.6,0.0733706
169.6,0.0733706
169.6,0.0733706
169.6,0.0733706
170.4,0.0259852
170.4,0.0259852
170.4,0.0259852
170.4,0.0259852
170.4,0.0259852
170.4,0.0259852
170.4,0.0259852
170.4,0.0259852
170.4,0.0259852
170.4,0.0259852
170.4,0.0259852
170.4,0.0259852
171.2,0.00276271
171.2,0.00276271
171.2,0.00276271
171.2,0.00276271
171.2,0.00276271
171.2,0.00276271
171.2,0.00276271
171.2,0.00276271
171.2,0.00276271
171.2,0.00276271
171.2,0.00276271
171.2,0.00276271
172,0.00184573
172,0.00184573
172,0.00184573
172,0.00184573
172,0.00184573
172,0.00184573
172,0.00184573
172,0.00184573
172,0.00184573
172,0.00184573
172,0.00184573
172,0.00184573
172.8,0.0018183
172.8,0.0018183
172.8,0.0018183
172.8,0.0018183
172.8,0.0018183
172.8,0.0018183
172.8,0.0018183
172.8,0.0018183
172.8,0.0018183
172.8,0.0018183
172.8,0.0018183
172.8,0.0018183
173.6,0.00174776
173.6,0.00174776
173.6,0.00174776
173.6,0.00174776
173.6,0.00174776
173.6,0.00174776
173.6,0.00174776
173.6,0.00174776
173.6,0.00174776
173.6,0.00174776
173.6,0.00174776
173.6,0.00174776
174.4,0.00199856
174.4,0.00199856
174.4,0.00199856
174.4,0.00199856
174.4,0.00199856
174.4,0.00199856
174.4,0.00199856
174.4,0.00199856
174.4,0.00199856
174.4,0.00199856
174.4,0.00199856
174.4,0.00199856
175.2,0.0310795
175.2,0.0310795
175.2,0.0310795
175.2,0.0310795
175.2,0.0310795
175.2,0.0310795
175.2,0.0310795
175.2,0.0310795
175.2,0.0310795
175.2,0.0310795
175.2,0.0310795
175.2,0.0310795
176,0.0717404
176,0.0717404
176,0.0717404
176,0.0717404
176,0.0717404
176,0.0717404
176,0.0717404
176,0.0717404
176,0.0717404
176,0.0717404
176,0.0717404
176,0.0717404
176.8,0.141075
176.8,0.141075
176.8,0.141075
176.8,0.141075
176.8,0.141075
176.8,0.141075
176.8,0.141075
176.8,0.141075
176.8,0.141075
176.8,0.141075
176.8,0.141075
176.8,0.141075
177.6,0.13029
177.6,0.13029
177.6,0.13029
177.6,0.13029
177.6,0.13029
177.6,0.13029
177.6,0.13029
177.6,0.13029
177.6,0.13029
177.6,0.13029
177.6,0.13029
177.6,0.13029
178.4,0.123609
178.4,0.123609
178.4,0.123609
178.4,0.123609
178.4,0.123609
178.4,0.123609
178.4,0.123609
178.4,0.123609
178.4,0.123609
178.4,0.123609
178.4,0.123609
178.4,0.123609
179.2,0.093893
179.2,0.093893
179.2,0.093893
179.2,0.093893
179.2,0.093893
179.2,0.093893
179.2,0.093893
179.2,0.093893
179.2,0.093893
179.2,0.093893
179.2,0.093893
179.2,0.093893
180,0.0376003
180,0.0376003
180,0.0376003
180,0.0376003
180,0.0376003
180,0.0376003
180,0.0376003
180,0.0376003
180,0.0376003
180,0.0376003
180,0.0376003
180,0.0376003
180.8,0.035253
180.8,0.035253
180.8,0.035253
180.8,0.035253
180.8,0.035253
180.8,0.035253
180.8,0.035253
180.8,0.035253
180.8,0.035253
180.8,0.035253
180.8,0.035253
180.8,0.035253
181.6,0.0366716
181.6,0.0366716
181.6,0.0366716
181.6,0.0366716
181.6,0.0366716
181.6,0.0366716
181.6,0.0366716
181.6,0.0366716
181.6,0.0366716
181.6,0.0366716
181.6,0.0366716
181.6,0.0366716
182.4,0.0750165
182.4,0.0750165
182.4,0.0750165
182.4,0.0750165
182.4,0.0750165
182.4,0.0750165
182.4,0.0750165
182.4,0.0750165
182.4,0.0750165
182.4,0.0750165
182.4,0.0750165
182.4,0.0750165
183.2,0.0859889
183.2,0.0859889
183.2,0.0859889
183.2,0.0859889
183.2,0.0859889
183.2,0.0859889
183.2,0.0859889
183.2,0.0859889
183.2,0.0859889
183.2,0.0859889
183.2,0.0859889
183.2,0.0859889
184,0.0918514
184,0.0918514
184,0.0918514
184,0.0918514
184,0.0918514
184,0.0918514
184,0.0918514
184,0.0918514
184,0.0918514
184,0.0918514
184,0.0918514
184,0.0918514
184.8,0.0948218
184.8,0.0948218
184.8,0.0948218
184.8,0.0948218
184.8,0.0948218
184.8,0.0948218
184.8,0.0948218
184.8,0.0948218
184.8,0.0948218
184.8,0.0948218
184.8,0.0948218
184.8,0.0948218
185.6,0.0966048
185.6,0.0966048
185.6,0.0966048
185.6,0.0966048
185.6,0.0966048
185.6,0.0966048
185.6,0.0966048
185.6,0.0966048
185.6,0.0966048
185.6,0.0966048
185.6,0.0966048
185.6,0.0966048
186.4,0.0983565
186.4,0.0983565
186.4,0.0983565
186.4,0.0983565
186.4,0.0983565
186.4,0.0983565
186.4,0.0983565
186.4,0.0983565
186.4,0.0983565
186.4,0.0983565
186.4,0.0983565
186.4,0.0983565
187.2,0.0997555
187.2,0.0997555
187.2,0.0997555
187.2,0.0997555
187.2,0.0997555
187.2,0.0997555
187.2,0.0997555
187.2,0.0997555
187.2,0.0997555
187.2,0.0997555
187.2,0.0997555
187.2,0.0997555
188,0.099536
188,0.099536
188,0.099536
188,0.099536
188,0.099536
188,0.099536
188,0.099536
188,0.099536
188,0.099536
188,0.099536
188,0.099536
188,0.099536
188.8,0.0996536
188.8,0.0996536
188.8,0.0996536
188.8,0.0996536
188.8,0.0996536
188.8,0.0996536
188.8,0.0996536
188.8,0.0996536
188.8,0.0996536
188.8,0.0996536
188.8,0.0996536
188.8,0.0996536
189.6,0.102749
189.6,0.102749
189.6,0.102749
189.6,0.102749
189.6,0.102749
189.6,0.102749
189.6,0.102749
189.6,0.102749
189.6,0.102749
189.6,0.102749
189.6,0.102749
189.6,0.102749
190.4,0.102546
190.4,0.102546
190.4,0.102546
190.4,0.102546
190.4,0.102546
190.4,0.102546
190.4,0.102546
190.4,0.102546
190.4,0.102546
190.4,0.102546
190.4,0.102546
190.4,0.102546
191.2,0.102957
191.2,0.102957
191.2,0.102957
191.2,0.102957
191.2,0.102957
191.2,0.102957
191.2,0.102957
191.2,0.102957
191.2,0.102957
191.2,0.102957
191.2,0.102957
191.2,0.102957
192,0.106821
192,0.106821
192,0.106821
192,0.106821
192,0.106821
192,0.106821
192,0.106821
192,0.106821
192,0.106821
192,0.106821
192,0.106821
192,0.106821
192.8,0.110391
192.8,0.110391
192.8,0.110391
192.8,0.110391
192.8,0.110391
192.8,0.110391
192.8,0.110391
192.8,0.110391
192.8,0.110391
192.8,0.110391
192.8,0.110391
192.8,0.110391
193.6,0.105496
193.6,0.105496
193.6,0.105496
193.6,0.105496
193.6,0.105496
193.6,0.105496
193.6,0.105496
193.6,0.105496
193.6,0.105496
193.6,0.105496
193.6,0.105496
193.6,0.105496
194.4,0.105649
194.4,0.105649
194.4,0.105649
194.4,0.105649
194.4,0.105649
194.4,0.105649
194.4,0.105649
194.4,0.105649
194.4,0.105649
194.4,0.105649
194.4,0.105649
194.4,0.105649
195.2,0.10679
195.2,0.10679
195.2,0.10679
195.2,0.10679
195.2,0.10679
195.2,0.10679
195.2,0.10679
195.2,0.10679
195.2,0.10679
195.2,0.10679
195.2,0.10679
195.2,0.10679
196,0.111955
196,0.111955
196,0.111955
196,0.111955
196,0.111955
196,0.111955
196,0.111955
196,0.111955
196,0.111955
196,0.111955
196,0.111955
196,0.111955
196.8,0.13522
196.8,0.13522
196.8,0.13522
196.8,0.13522
196.8,0.13522
196.8,0.13522
196.8,0.13522
196.8,0.13522
196.8,0.13522
196.8,0.13522
196.8,0.13522
196.8,0.13522
197.6,0.157396
197.6,0.157396
197.6,0.157396
197.6,0.157396
197.6,0.157396
197.6,0.157396
197.6,0.157396
197.6,0.157396
197.6,0.157396
197.6,0.157396
197.6,0.157396
197.6,0.157396
198.4,0.180787
198.4,0.180787
198.4,0.180787
198.4,0.180787
198.4,0.180787
198.4,0.180787
198.4,0.180787
198.4,0.180787
198.4,0.180787
198.4,0.180787
198.4,0.180787
198.4,0.180787
199.2,0.205201
199.2,0.205201
199.2,0.205201
199.2,0.205201
199.2,0.205201
199.2,0.205201
199.2,0.205201
199.2,0.205201
199.2,0.205201
199.2,0.205201
199.2,0.205201
199.2,0.205201
200,0.271553
200,0.271553
200,0.271553
200,0.271553
200,0.271553
200,0.271553
200,0.271553
200,0.271553
200,0.271553
200,0.271553
200,0.271553
200,0.271553
200.8,0.301002
200.8,0.301002
200.8,0.301002
200.8,0.301002
200.8,0.301002
200.8,0.301002
200.8,0.301002
200.8,0.301002
200.8,0.301002
200.8,0.301002
200.8,0.301002
200.8,0.301002
201.6,0.322567
201.6,0.322567
201.6,0.322567
201.6,0.322567
201.6,0.322567
201.6,0.322567
201.6,0.322567
201.6,0.322567
201.6,0.322567
201.6,0.322567
201.6,0.322567
201.6,0.322567
202.4,0.3098
202.4,0.3098
202.4,0.3098
202.4,0.3098
202.4,0.3098
202.4,0.3098
202.4,0.3098
202.4,0.3098
202.4,0.3098
202.4,0.3098
202.4,0.3098
202.4,0.3098
203.2,0.312966
203.2,0.312966
203.2,0.312966
203.2,0.312966
203.2,0.312966
203.2,0.312966
203.2,0.312966
203.2,0.312966
203.2,0.312966
203.2,0.312966
203.2,0.312966
203.2,0.312966
204,0.322352
204,0.322352
204,0.322352
204,0.322352
204,0.322352
204,0.322352
204,0.322352
204,0.322352
204,0.322352
204,0.322352
204,0.322352
204,0.322352
204.8,0.352267
204.8,0.352267
204.8,0.352267
204.8,0.352267
204.8,0.352267
204.8,0.352267
204.8,0.352267
204.8,0.352267
204.8,0.352267
204.8,0.352267
204.8,0.352267
204.8,0.352267
205.6,0.361132
205.6,0.361132
205.6,0.361132
205.6,0.361132
205.6,0.361132
205.6,0.361132
205.6,0.361132
205.6,0.361132
205.6,0.361132
205.6,0.361132
205.6,0.361132
205.6,0.361132
206.4,0.366402
206.4,0.366402
206.4,0.366402
206.4,0.366402
206.4,0.366402
206.4,0.366402
206.4,0.366402
206.4,0.366402
206.4,0.366402
206.4,0.366402
206.4,0.366402
206.4,0.366402
207.2,0.358855
207.2,0.358855
207.2,0.358855
207.2,0.358855
207.2,0.358855
207.2,0.358855
207.2,0.358855
207.2,0.358855
207.2,0.358855
207.2,0.358855
207.2,0.358855
207.2,0.358855
208,0.348302
208,0.348302
208,0.348302
208,0.348302
208,0.348302
208,0.348302
208,0.348302
208,0.348302
208,0.348302
208,0.348302
208,0.348302
208,0.348302
208.8,0.354062
208.8,0.354062
208.8,0.354062
208.8,0.354062
208.8,0.354062
208.8,0.354062
208.8,0.354062
208.8,0.354062
208.8,0.354062
208.8,0.354062
208.8,0.354062
208.8,0.354062
209.6,0.360755
209.6,0.360755
209.6,0.360755
209.6,0.360755
209.6,0.360755
209.6,0.360755
209.6,0.360755
209.6,0.360755
209.6,0.360755
209.6,0.360755
209.6,0.360755
209.6,0.360755
210.4,0.36913
210.4,0.36913
210.4,0.36913
210.4,0.36913
210.4,0.36913
210.4,0.36913
210.4,0.36913
210.4,0.36913
210.4,0.36913
210.4,0.36913
210.4,0.36913
210.4,0.36913
211.2,0.36962
211.2,0.36962
211.2,0.36962
211.2,0.36962
211.2,0.36962
211.2,0.36962
211.2,0.36962
211.2,0.36962
211.2,0.36962
211.2,0.36962
211.2,0.36962
211.2,0.36962
212,0.376991
212,0.376991
212,0.376991
212,0.376991
212,0.376991
212,0.376991
212,0.376991
212,0.376991
212,0.376991
212,0.376991
212,0.376991
212,0.376991
212.8,0.391275
212.8,0.391275
212.8,0.391275
212.8,0.391275
212.8,0.391275
212.8,0.391275
212.8,0.391275
212.8,0.391275
212.8,0.391275
212.8,0.391275
212.8,0.391275
212.8,0.391275
213.6,0.407349
213.6,0.407349
213.6,0.407349
213.6,0.407349
213.6,0.407349
213.6,0.407349
213.6,0.407349
213.6,0.407349
213.6,0.407349
213.6,0.407349
213.6,0.407349
213.6,0.407349
214.4,0.411025
214.4,0.411025
214.4,0.411025
214.4,0.411025
214.4,0.411025
214.4,0.411025
214.4,0.411025
214.4,0.411025
214.4,0.411025
214.4,0.411025
214.4,0.411025
214.4,0.411025
215.2,0.415778
215.2,0.415778
215.2,0.415778
215.2,0.415778
215.2,0.415778
215.2,0.415778
215.2,0.415778
215.2,0.415778
215.2,0.415778
215.2,0.415778
215.2,0.415778
215.2,0.415778
216,0.413459
216,0.413459
216,0.413459
216,0.413459
216,0.413459
216,0.413459
216,0.413459
216,0.413459
216,0.413459
216,0.413459
216,0.413459
216,0.413459
216.8,0.414227
216.8,0.414227
216.8,0.414227
216.8,0.414227
216.8,0.414227
216.8,0.414227
216.8,0.414227
216.8,0.414227
216.8,0.414227
216.8,0.414227
216.8,0.414227
216.8,0.414227
217.6,0.414893
217.6,0.414893
217.6,0.414893
217.6,0.414893
217.6,0.414893
217.6,0.414893
217.6,0.414893
217.6,0.414893
217.6,0.414893
217.6,0.414893
217.6,0.414893
217.6,0.414893
218.4,0.420222
218.4,0.420222
218.4,0.420222
218.4,0.420222
218.4,0.420222
218.4,0.420222
218.4,0.420222
218.4,0.420222
218.4,0.420222
218.4,0.420222
218.4,0.420222
218.4,0.420222
219.2,0.407827
219.2,0.407827
219.2,0.407827
219.2,0.407827
219.2,0.407827
219.2,0.407827
219.2,0.407827
219.2,0.407827
219.2,0.407827
219.2,0.407827
219.2,0.407827
219.2,0.407827
220,0.408748
220,0.408748
220,0.408748
220,0.408748
220,0.408748
220,0.408748
220,0.408748
220,0.408748
220,0.408748
220,0.408748
220,0.408748
220,0.408748
220.8,0.400558
220.8,0.400558
220.8,0.400558
220.8,0.400558
220.8,0.400558
220.8,0.400558
220.8,0.400558
220.8,0.400558
220.8,0.400558
220.8,0.400558
220.8,0.400558
220.8,0.400558
221.6,0.400252
221.6,0.400252
221.6,0.400252
221.6,0.400252
221.6,0.400252
221.6,0.400252
221.6,0.400252
221.6,0.400252
221.6,0.400252
221.6,0.400252
221.6,0.400252
221.6,0.400252
222.4,0.401397
222.4,0.401397
222.4,0.401397
222.4,0.401397
222.4,0.401397
222.4,0.401397
222.4,0.401397
222.4,0.401397
222.4,0.401397
222.4,0.401397
222.4,0.401397
222.4,0.401397
223.2,0.404391
223.2,0.404391
223.2,0.404391
223.2,0.404391
223.2,0.404391
223.2,0.404391
223.2,0.404391
223.2,0.404391
223.2,0.404391
223.2,0.404391
223.2,0.404391
223.2,0.404391
224,0.401467
224,0.401467
224,0.401467
224,0.401467
224,0.401467
224,0.401467
224,0.401467
224,0.401467
224,0.401467
224,0.401467
224,0.401467
224,0.401467
224.8,0.410006
224.8,0.410006
224.8,0.410006
224.8,0.410006
224.8,0.410006
224.8,0.410006
224.8,0.410006
224.8,0.410006
224.8,0.410006
224.8,0.410006
224.8,0.410006
224.8,0.410006
225.6,0.413854
225.6,0.413854
225.6,0.413854
225.6,0.413854
225.6,0.413854
225.6,0.413854
225.6,0.413854
225.6,0.413854
225.6,0.413854
225.6,0.413854
225.6,0.413854
225.6,0.413854
226.4,0.410171
226.4,0.410171
226.4,0.410171
226.4,0.410171
226.4,0.410171
226.4,0.410171
226.4,0.410171
226.4,0.410171
226.4,0.410171
226.4,0.410171
226.4,0.410171
226.4,0.410171
227.2,0.414466
227.2,0.414466
227.2,0.414466
227.2,0.414466
227.2,0.414466
227.2,0.414466
227.2,0.414466
227.2,0.414466
227.2,0.414466
227.2,0.414466
227.2,0.414466
227.2,0.414466
228,0.414136
228,0.414136
228,0.414136
228,0.414136
228,0.414136
228,0.414136
228,0.414136
228,0.414136
228,0.414136
228,0.414136
228,0.414136
228,0.414136
228.8,0.416182
228.8,0.416182
228.8,0.416182
228.8,0.416182
228.8,0.416182
228.8,0.416182
228.8,0.416182
228.8,0.416182
228.8,0.416182
228.8,0.416182
228.8,0.416182
228.8,0.416182
229.6,0.419341
229.6,0.419341
229.6,0.419341
229.6,0.419341
229.6,0.419341
229.6,0.419341
229.6,0.419341
229.6,0.419341
229.6,0.419341
229.6,0.419341
229.6,0.419341
229.6,0.419341
230.4,0.420567
230.4,0.420567
230.4,0.420567
230.4,0.420567
230.4,0.420567
230.4,0.420567
230.4,0.420567
230.4,0.420567
230.4,0.420567
230.4,0.420567
230.4,0.420567
230.4,0.420567
231.2,0.417264
231.2,0.417264
231.2,0.417264
231.2,0.417264
231.2,0.417264
231.2,0.417264
231.2,0.417264
231.2,0.417264
231.2,0.417264
231.2,0.417264
231.2,0.417264
231.2,0.417264
232,0.41251
232,0.41251
232,0.41251
232,0.41251
232,0.41251
232,0.41251
232,0.41251
232,0.41251
232,0.41251
232,0.41251
232,0.41251
232,0.41251
232.8,0.411186
232.8,0.411186
232.8,0.411186
232.8,0.411186
232.8,0.411186
232.8,0.411186
232.8,0.411186
232.8,0.411186
232.8,0.411186
232.8,0.411186
232.8,0.411186
232.8,0.411186
233.6,0.413306
233.6,0.413306
233.6,0.413306
233.6,0.413306
233.6,0.413306
233.6,0.413306
233.6,0.413306
233.6,0.413306
233.6,0.413306
233.6,0.413306
233.6,0.413306
233.6,0.413306
234.4,0.411331
234.4,0.411331
234.4,0.411331
234.4,0.411331
234.4,0.411331
234.4,0.411331
234.4,0.411331
234.4,0.411331
234.4,0.411331
234.4,0.411331
234.4,0.411331
234.4,0.411331
235.2,0.412197
235.2,0.412197
235.2,0.412197
235.2,0.412197
235.2,0.412197
235.2,0.412197
235.2,0.412197
235.2,0.412197
235.2,0.412197
235.2,0.412197
235.2,0.412197
235.2,0.412197
236,0.410155
236,0.410155
236,0.410155
236,0.410155
236,0.410155
236,0.410155
236,0.410155
236,0.410155
236,0.410155
236,0.410155
236,0.410155
236,0.410155
236.8,0.417585
236.8,0.417585
236.8,0.417585
236.8,0.417585
236.8,0.417585
236.8,0.417585
236.8,0.417585
236.8,0.417585
236.8,0.417585
236.8,0.417585
236.8,0.417585
236.8,0.417585
237.6,0.416695
237.6,0.416695
237.6,0.416695
237.6,0.416695
237.6,0.416695
237.6,0.416695
237.6,0.416695
237.6,0.416695
237.6,0.416695
237.6,0.416695
237.6,0.416695
237.6,0.416695
238.4,0.414995
238.4,0.414995
238.4,0.414995
238.4,0.414995
238.4,0.414995
238.4,0.414995
238.4,0.414995
238.4,0.414995
238.4,0.414995
238.4,0.414995
238.4,0.414995
238.4,0.414995
239.2,0.419591
239.2,0.419591
239.2,0.419591
239.2,0.419591
239.2,0.419591
239.2,0.419591
239.2,0.419591
239.2,0.419591
239.2,0.419591
239.2,0.419591
239.2,0.419591
239.2,0.419591
240,0.412906
240,0.412906
240,0.412906
240,0.412906
240,0.412906
240,0.412906
240,0.412906
240,0.412906
240,0.412906
240,0.412906
240,0.412906
240,0.412906
240.8,0.414654
240.8,0.414654
240.8,0.414654
240.8,0.414654
240.8,0.414654
240.8,0.414654
240.8,0.414654
240.8,0.414654
240.8,0.414654
240.8,0.414654
240.8,0.414654
240.8,0.414654
241.6,0.417091
241.6,0.417091
241.6,0.417091
241.6,0.417091
241.6,0.417091
241.6,0.417091
241.6,0.417091
241.6,0.417091
241.6,0.417091
241.6,0.417091
241.6,0.417091
241.6,0.417091
242.4,0.415919
242.4,0.415919
242.4,0.415919
242.4,0.415919
242.4,0.415919
242.4,0.415919
242.4,0.415919
242.4,0.415919
242.4,0.415919
242.4,0.415919
242.4,0.415919
242.4,0.415919
243.2,0.41289
243.2,0.41289
243.2,0.41289
243.2,0.41289
243.2,0.41289
243.2,0.41289
243.2,0.41289
243.2,0.41289
243.2,0.41289
243.2,0.41289
243.2,0.41289
243.2,0.41289
244,0.415912
244,0.415912
244,0.415912
244,0.415912
244,0.415912
244,0.415912
244,0.415912
244,0.415912
244,0.415912
244,0.415912
244,0.415912
244,0.415912
244.8,0.41137
244.8,0.41137
244.8,0.41137
244.8,0.41137
244.8,0.41137
244.8,0.41137
244.8,0.41137
244.8,0.41137
244.8,0.41137
244.8,0.41137
244.8,0.41137
244.8,0.41137
245.6,0.418835
245.6,0.418835
245.6,0.418835
245.6,0.418835
245.6,0.418835
245.6,0.418835
245.6,0.418835
245.6,0.418835
245.6,0.418835
245.6,0.418835
245.6,0.418835
245.6,0.418835
246.4,0.417624
246.4,0.417624
246.4,0.417624
246.4,0.417624
246.4,0.417624
246.4,0.417624
246.4,0.417624
246.4,0.417624
246.4,0.417624
246.4,0.417624
246.4,0.417624
246.4,0.417624
247.2,0.418228
247.2,0.418228
247.2,0.418228
247.2,0.418228
247.2,0.418228
247.2,0.418228
247.2,0.418228
247.2,0.418228
247.2,0.418228
247.2,0.418228
247.2,0.418228
247.2,0.418228
248,0.417471
248,0.417471
248,0.417471
248,0.417471
248,0.417471
248,0.417471
248,0.417471
248,0.417471
248,0.417471
248,0.417471
248,0.417471
248,0.417471
248.8,0.418968
248.8,0.418968
248.8,0.418968
248.8,0.418968
248.8,0.418968
248.8,0.418968
248.8,0.418968
248.8,0.418968
248.8,0.418968
248.8,0.418968
248.8,0.418968
248.8,0.418968
249.6,0.414716
249.6,0.414716
249.6,0.414716
249.6,0.414716
249.6,0.414716
249.6,0.414716
249.6,0.414716
249.6,0.414716
249.6,0.414716
249.6,0.414716
249.6,0.414716
249.6,0.414716
250.4,0.413831
250.4,0.413831
250.4,0.413831
250.4,0.413831
250.4,0.413831
250.4,0.413831
250.4,0.413831
250.4,0.413831
250.4,0.413831
250.4,0.413831
250.4,0.413831
250.4,0.413831
251.2,0.408893
251.2,0.408893
251.2,0.408893
251.2,0.408893
251.2,0.408893
251.2,0.408893
251.2,0.408893
251.2,0.408893
251.2,0.408893
251.2,0.408893
251.2,0.408893
251.2,0.408893
252,0.413411
252,0.413411
252,0.413411
252,0.413411
252,0.413411
252,0.413411
252,0.413411
252,0.413411
252,0.413411
252,0.413411
252,0.413411
252,0.413411
252.8,0.427868
252.8,0.427868
252.8,0.427868
252.8,0.427868
252.8,0.427868
252.8,0.427868
252.8,0.427868
252.8,0.427868
252.8,0.427868
252.8,0.427868
252.8,0.427868
252.8,0.427868
253.6,0.433123
253.6,0.433123
253.6,0.433123
253.6,0.433123
253.6,0.433123
253.6,0.433123
253.6,0.433123
253.6,0.433123
253.6,0.433123
253.6,0.433123
253.6,0.433123
253.6,0.433123
254.4,0.435631
254.4,0.435631
254.4,0.435631
254.4,0.435631
254.4,0.435631
254.4,0.435631
254.4,0.435631
254.4,0.435631
254.4,0.435631
254.4,0.435631
254.4,0.435631
254.4,0.435631
255.2,0.444377
255.2,0.444377
255.2,0.444377
255.2,0.444377
255.2,0.444377
255.2,0.444377
255.2,0.444377
255.2,0.444377
255.2,0.444377
255.2,0.444377
255.2,0.444377
255.2,0.444377
256,0.446305
256,0.446305
256,0.446305
256,0.446305
256,0.446305
256,0.446305
256,0.446305
256,0.446305
256,0.446305
256,0.446305
256,0.446305
256,0.446305
256.8,0.444107
256.8,0.444107
256.8,0.444107
256.8,0.444107
256.8,0.444107
256.8,0.444107
256.8,0.444107
256.8,0.444107
256.8,0.444107
256.8,0.444107
256.8,0.444107
256.8,0.444107
257.6,0.444903
257.6,0.444903
257.6,0.444903
257.6,0.444903
257.6,0.444903
257.6,0.444903
257.6,0.444903
257.6,0.444903
257.6,0.444903
257.6,0.444903
257.6,0.444903
257.6,0.444903
258.4,0.443841
258.4,0.443841
258.4,0.443841
258.4,0.443841
258.4,0.443841
258.4,0.443841
258.4,0.443841
258.4,0.443841
258.4,0.443841
258.4,0.443841
258.4,0.443841
258.4,0.443841
259.2,0.444048
259.2,0.444048
259.2,0.444048
259.2,0.444048
259.2,0.444048
259.2,0.444048
259.2,0.444048
259.2,0.444048
259.2,0.444048
259.2,0.444048
259.2,0.444048
259.2,0.444048
260,0.434197
260,0.434197
260,0.434197
260,0.434197
260,0.434197
260,0.434197
260,0.434197
260,0.434197
260,0.434197
260,0.434197
260,0.434197
260,0.434197
260.8,0.443362
260.8,0.443362
260.8,0.443362
260.8,0.443362
260.8,0.443362
260.8,0.443362
260.8,0.443362
260.8,0.443362
260.8,0.443362
260.8,0.443362
260.8,0.443362
260.8,0.443362
261.6,0.440764
261.6,0.440764
261.6,0.440764
261.6,0.440764
261.6,0.440764
261.6,0.440764
261.6,0.440764
261.6,0.440764
261.6,0.440764
261.6,0.440764
261.6,0.440764
261.6,0.440764
262.4,0.441509
262.4,0.441509
262.4,0.441509
262.4,0.441509
262.4,0.441509
262.4,0.441509
262.4,0.441509
262.4,0.441509
262.4,0.441509
262.4,0.441509
262.4,0.441509
262.4,0.441509
263.2,0.440278
263.2,0.440278
263.2,0.440278
263.2,0.440278
263.2,0.440278
263.2,0.440278
263.2,0.440278
263.2,0.440278
263.2,0.440278
263.2,0.440278
263.2,0.440278
263.2,0.440278
264,0.438789
264,0.438789
264,0.438789
264,0.438789
264,0.438789
264,0.438789
264,0.438789
264,0.438789
264,0.438789
264,0.438789
264,0.438789
264,0.438789
264.8,0.438723
264.8,0.438723
264.8,0.438723
264.8,0.438723
264.8,0.438723
264.8,0.438723
264.8,0.438723
264.8,0.438723
264.8,0.438723
264.8,0.438723
264.8,0.438723
264.8,0.438723
265.6,0.432061
265.6,0.432061
265.6,0.432061
265.6,0.432061
265.6,0.432061
265.6,0.432061
265.6,0.432061
265.6,0.432061
265.6,0.432061
265.6,0.432061
265.6,0.432061
265.6,0.432061
266.4,0.437853
266.4,0.437853
266.4,0.437853
266.4,0.437853
266.4,0.437853
266.4,0.437853
266.4,0.437853
266.4,0.437853
266.4,0.437853
266.4,0.437853
266.4,0.437853
266.4,0.437853
267.2,0.439224
267.2,0.439224
267.2,0.439224
267.2,0.439224
267.2,0.439224
267.2,0.439224
267.2,0.439224
267.2,0.439224
267.2,0.439224
267.2,0.439224
267.2,0.439224
267.2,0.439224
268,0.435509
268,0.435509
268,0.435509
268,0.435509
268,0.435509
268,0.435509
268,0.435509
268,0.435509
268,0.435509
268,0.435509
268,0.435509
268,0.435509
268.8,0.432786
268.8,0.432786
268.8,0.432786
268.8,0.432786
268.8,0.432786
268.8,0.432786
268.8,0.432786
268.8,0.432786
268.8,0.432786
268.8,0.432786
268.8,0.432786
268.8,0.432786
269.6,0.433758
269.6,0.433758
269.6,0.433758
269.6,0.433758
269.6,0.433758
269.6,0.433758
269.6,0.433758
269.6,0.433758
269.6,0.433758
269.6,0.433758
269.6,0.433758
269.6,0.433758
270.4,0.437998
270.4,0.437998
270.4,0.437998
270.4,0.437998
270.4,0.437998
270.4,0.437998
270.4,0.437998
270.4,0.437998
270.4,0.437998
270.4,0.437998
270.4,0.437998
270.4,0.437998
271.2,0.435298
271.2,0.435298
271.2,0.435298
271.2,0.435298
271.2,0.435298
271.2,0.435298
271.2,0.435298
271.2,0.435298
271.2,0.435298
271.2,0.435298
271.2,0.435298
271.2,0.435298
272,0.433997
272,0.433997
272,0.433997
272,0.433997
272,0.433997
272,0.433997
272,0.433997
272,0.433997
272,0.433997
272,0.433997
272,0.433997
272,0.433997
272.8,0.43839
272.8,0.43839
272.8,0.43839
272.8,0.43839
272.8,0.43839
272.8,0.43839
272.8,0.43839
272.8,0.43839
272.8,0.43839
272.8,0.43839
272.8,0.43839
272.8,0.43839
273.6,0.439071
273.6,0.439071
273.6,0.439071
273.6,0.439071
273.6,0.439071
273.6,0.439071
273.6,0.439071
273.6,0.439071
273.6,0.439071
273.6,0.439071
273.6,0.439071
273.6,0.439071
274.4,0.437194
274.4,0.437194
274.4,0.437194
274.4,0.437194
274.4,0.437194
274.4,0.437194
274.4,0.437194
274.4,0.437194
274.4,0.437194
274.4,0.437194
274.4,0.437194
274.4,0.437194
275.2,0.440314
275.2,0.440314
275.2,0.440314
275.2,0.440314
275.2,0.440314
275.2,0.440314
275.2,0.440314
275.2,0.440314
275.2,0.440314
275.2,0.440314
275.2,0.440314
275.2,0.440314
276,0.441862
276,0.441862
276,0.441862
276,0.441862
276,0.441862
276,0.441862
276,0.441862
276,0.441862
276,0.441862
276,0.441862
276,0.441862
276,0.441862
276.8,0.452493
276.8,0.452493
276.8,0.452493
276.8,0.452493
276.8,0.452493
276.8,0.452493
276.8,0.452493
276.8,0.452493
276.8,0.452493
276.8,0.452493
276.8,0.452493
276.8,0.452493
277.6,0.454449
277.6,0.454449
277.6,0.454449
277.6,0.454449
277.6,0.454449
277.6,0.454449
277.6,0.454449
277.6,0.454449
277.6,0.454449
277.6,0.454449
277.6,0.454449
277.6,0.454449
278.4,0.473482
278.4,0.473482
278.4,0.473482
278.4,0.473482
278.4,0.473482
278.4,0.473482
278.4,0.473482
278.4,0.473482
278.4,0.473482
278.4,0.473482
278.4,0.473482
278.4,0.473482
279.2,0.45961
279.2,0.45961
279.2,0.45961
279.2,0.45961
279.2,0.45961
279.2,0.45961
279.2,0.45961
279.2,0.45961
279.2,0.45961
279.2,0.45961
279.2,0.45961
279.2,0.45961
280,0.445494
280,0.445494
280,0.445494
280,0.445494
280,0.445494
280,0.445494
280,0.445494
280,0.445494
280,0.445494
280,0.445494
280,0.445494
280,0.445494
280.8,0.44629
280.8,0.44629
280.8,0.44629
280.8,0.44629
280.8,0.44629
280.8,0.44629
280.8,0.44629
280.8,0.44629
280.8,0.44629
280.8,0.44629
280.8,0.44629
280.8,0.44629
281.6,0.419964
281.6,0.419964
281.6,0.419964
281.6,0.419964
281.6,0.419964
281.6,0.419964
281.6,0.419964
281.6,0.419964
281.6,0.419964
281.6,0.419964
281.6,0.419964
281.6,0.419964
282.4,0.4051
282.4,0.4051
282.4,0.4051
282.4,0.4051
282.4,0.4051
282.4,0.4051
282.4,0.4051
282.4,0.4051
282.4,0.4051
282.4,0.4051
282.4,0.4051
282.4,0.4051
283.2,0.366524
283.2,0.366524
283.2,0.366524
283.2,0.366524
283.2,0.366524
283.2,0.366524
283.2,0.366524
283.2,0.366524
283.2,0.366524
283.2,0.366524
283.2,0.366524
283.2,0.366524
284,0.366269
284,0.366269
284,0.366269
284,0.366269
284,0.366269
284,0.366269
284,0.366269
284,0.366269
284,0.366269
284,0.366269
284,0.366269
284,0.366269
284.8,0.347957
284.8,0.347957
284.8,0.347957
284.8,0.347957
284.8,0.347957
284.8,0.347957
284.8,0.347957
284.8,0.347957
284.8,0.347957
284.8,0.347957
284.8,0.347957
284.8,0.347957
285.6,0.336769
285.6,0.336769
285.6,0.336769
285.6,0.336769
285.6,0.336769
285.6,0.336769
285.6,0.336769
285.6,0.336769
285.6,0.336769
285.6,0.336769
285.6,0.336769
285.6,0.336769
286.4,0.325953
286.4,0.325953
286.4,0.325953
286.4,0.325953
286.4,0.325953
286.4,0.325953
286.4,0.325953
286.4,0.325953
286.4,0.325953
286.4,0.325953
286.4,0.325953
286.4,0.325953
287.2,0.337439
287.2,0.337439
287.2,0.337439
287.2,0.337439
287.2,0.337439
287.2,0.337439
287.2,0.337439
287.2,0.337439
287.2,0.337439
287.2,0.337439
287.2,0.337439
287.2,0.337439
288,0.319609
288,0.319609
288,0.319609
288,0.319609
288,0.319609
288,0.319609
288,0.319609
288,0.319609
288,0.319609
288,0.319609
288,0.319609
288,0.319609
288.8,0.2695
288.8,0.2695
288.8,0.2695
288.8,0.2695
288.8,0.2695
288.8,0.2695
288.8,0.2695
288.8,0.2695
288.8,0.2695
288.8,0.2695
288.8,0.2695
288.8,0.2695
289.6,0.265083
289.6,0.265083
289.6,0.265083
289.6,0.265083
289.6,0.265083
289.6,0.265083
289.6,0.265083
289.6,0.265083
289.6,0.265083
289.6,0.265083
289.6,0.265083
289.6,0.265083
290.4,0.274547
290.4,0.274547
290.4,0.274547
290.4,0.274547
290.4,0.274547
290.4,0.274547
290.4,0.274547
290.4,0.274547
290.4,0.274547
290.4,0.274547
290.4,0.274547
290.4,0.274547
291.2,0.279442
291.2,0.279442
291.2,0.279442
291.2,0.279442
291.2,0.279442
291.2,0.279442
291.2,0.279442
291.2,0.279442
291.2,0.279442
291.2,0.279442
291.2,0.279442
291.2,0.279442
292,0.269143
292,0.269143
292,0.269143
292,0.269143
292,0.269143
292,0.269143
292,0.269143
292,0.269143
292,0.269143
292,0.269143
292,0.269143
292,0.269143
292.8,0.247888
292.8,0.247888
292.8,0.247888
292.8,0.247888
292.8,0.247888
292.8,0.247888
292.8,0.247888
292.8,0.247888
292.8,0.247888
292.8,0.247888
292.8,0.247888
292.8,0.247888
293.6,0.235407
293.6,0.235407
293.6,0.235407
293.6,0.235407
293.6,0.235407
293.6,0.235407
293.6,0.235407
293.6,0.235407
293.6,0.235407
293.6,0.235407
293.6,0.235407
293.6,0.235407
294.4,0.26995
294.4,0.26995
294.4,0.26995
294.4,0.26995
294.4,0.26995
294.4,0.26995
294.4,0.26995
294.4,0.26995
294.4,0.26995
294.4,0.26995
294.4,0.26995
294.4,0.26995
295.2,0.290931
295.2,0.290931
295.2,0.290931
295.2,0.290931
295.2,0.290931
295.2,0.290931
295.2,0.290931
295.2,0.290931
295.2,0.290931
295.2,0.290931
295.2,0.290931
295.2,0.290931
296,0.313307
296,0.313307
296,0.313307
296,0.313307
296,0.313307
296,0.313307
296,0.313307
296,0.313307
296,0.313307
296,0.313307
296,0.313307
296,0.313307
296.8,0.313233
296.8,0.313233
296.8,0.313233
296.8,0.313233
296.8,0.313233
296.8,0.313233
296.8,0.313233
296.8,0.313233
296.8,0.313233
296.8,0.313233
296.8,0.313233
296.8,0.313233
297.6,0.288435
297.6,0.288435
297.6,0.288435
297.6,0.288435
297.6,0.288435
297.6,0.288435
297.6,0.288435
297.6,0.288435
297.6,0.288435
297.6,0.288435
297.6,0.288435
297.6,0.288435
298.4,0.270569
298.4,0.270569
298.4,0.270569
298.4,0.270569
298.4,0.270569
298.4,0.270569
298.4,0.270569
298.4,0.270569
298.4,0.270569
298.4,0.270569
298.4,0.270569
298.4,0.270569
299.2,0.249542
299.2,0.249542
299.2,0.249542
299.2,0.249542
299.2,0.249542
299.2,0.249542
299.2,0.249542
299.2,0.249542
299.2,0.249542
299.2,0.249542
299.2,0.249542
299.2,0.249542
300,0.252696
300,0.252696
300,0.252696
300,0.252696
300,0.252696
300,0.252696
300,0.252696
300,0.252696
300,0.252696
300,0.252696
300,0.252696
300,0.252696
300.8,0.262869
300.8,0.262869
300.8,0.262869
300.8,0.262869
300.8,0.262869
300.8,0.262869
300.8,0.262869
300.8,0.262869
300.8,0.262869
300.8,0.262869
300.8,0.262869
300.8,0.262869
301.6,0.292761
301.6,0.292761
301.6,0.292761
301.6,0.292761
301.6,0.292761
301.6,0.292761
301.6,0.292761
301.6,0.292761
301.6,0.292761
301.6,0.292761
301.6,0.292761
301.6,0.292761
302.4,0.308981
302.4,0.308981
302.4,0.308981
302.4,0.308981
302.4,0.308981
302.4,0.308981
302.4,0.308981
302.4,0.308981
302.4,0.308981
302.4,0.308981
302.4,0.308981
302.4,0.308981
303.2,0.297526
303.2,0.297526
303.2,0.297526
303.2,0.297526
303.2,0.297526
303.2,0.297526
303.2,0.297526
303.2,0.297526
303.2,0.297526
303.2,0.297526
303.2,0.297526
303.2,0.297526
304,0.310733
304,0.310733
304,0.310733
304,0.310733
304,0.310733
304,0.310733
304,0.310733
304,0.310733
304,0.310733
304,0.310733
304,0.310733
304,0.310733
304.8,0.339234
304.8,0.339234
304.8,0.339234
304.8,0.339234
304.8,0.339234
304.8,0.339234
304.8,0.339234
304.8,0.339234
304.8,0.339234
304.8,0.339234
304.8,0.339234
304.8,0.339234
305.6,0.323182
305.6,0.323182
305.6,0.323182
305.6,0.323182
305.6,0.323182
305.6,0.323182
305.6,0.323182
305.6,0.323182
305.6,0.323182
305.6,0.323182
305.6,0.323182
305.6,0.323182
306.4,0.309945
306.4,0.309945
306.4,0.309945
306.4,0.309945
306.4,0.309945
306.4,0.309945
306.4,0.309945
306.4,0.309945
306.4,0.309945
306.4,0.309945
306.4,0.309945
306.4,0.309945
307.2,0.275448
307.2,0.275448
307.2,0.275448
307.2,0.275448
307.2,0.275448
307.2,0.275448
307.2,0.275448
307.2,0.275448
307.2,0.275448
307.2,0.275448
307.2,0.275448
307.2,0.275448
308,0.230802
308,0.230802
308,0.230802
308,0.230802
308,0.230802
308,0.230802
308,0.230802
308,0.230802
308,0.230802
308,0.230802
308,0.230802
308,0.230802
308.8,0.247018
308.8,0.247018
308.8,0.247018
308.8,0.247018
308.8,0.247018
308.8,0.247018
308.8,0.247018
308.8,0.247018
308.8,0.247018
308.8,0.247018
308.8,0.247018
308.8,0.247018
309.6,0.249534
309.6,0.249534
309.6,0.249534
309.6,0.249534
309.6,0.249534
309.6,0.249534
309.6,0.249534
309.6,0.249534
309.6,0.249534
309.6,0.249534
309.6,0.249534
309.6,0.249534
310.4,0.243534
310.4,0.243534
310.4,0.243534
310.4,0.243534
310.4,0.243534
310.4,0.243534
310.4,0.243534
310.4,0.243534
310.4,0.243534
310.4,0.243534
310.4,0.243534
310.4,0.243534
311.2,0.196458
311.2,0.196458
311.2,0.196458
311.2,0.196458
311.2,0.196458
311.2,0.196458
311.2,0.196458
311.2,0.196458
311.2,0.196458
311.2,0.196458
311.2,0.196458
311.2,0.196458
312,0.162095
312,0.162095
312,0.162095
312,0.162095
312,0.162095
312,0.162095
312,0.162095
312,0.162095
312,0.162095
312,0.162095
312,0.162095
312,0.162095
312.8,0.168228
312.8,0.168228
312.8,0.168228
312.8,0.168228
312.8,0.168228
312.8,0.168228
312.8,0.168228
312.8,0.168228
312.8,0.168228
312.8,0.168228
312.8,0.168228
312.8,0.168228
313.6,0.169768
313.6,0.169768
313.6,0.169768
313.6,0.169768
313.6,0.169768
313.6,0.169768
313.6,0.169768
313.6,0.169768
313.6,0.169768
313.6,0.169768
313.6,0.169768
313.6,0.169768
314.4,0.21932
314.4,0.21932
314.4,0.21932
314.4,0.21932
314.4,0.21932
314.4,0.21932
314.4,0.21932
314.4,0.21932
314.4,0.21932
314.4,0.21932
314.4,0.21932
314.4,0.21932
315.2,0.23719
315.2,0.23719
315.2,0.23719
315.2,0.23719
315.2,0.23719
315.2,0.23719
315.2,0.23719
315.2,0.23719
315.2,0.23719
315.2,0.23719
315.2,0.23719
315.2,0.23719
316,0.205726
316,0.205726
316,0.205726
316,0.205726
316,0.205726
316,0.205726
316,0.205726
316,0.205726
316,0.205726
316,0.205726
316,0.205726
316,0.205726
316.8,0.17052
316.8,0.17052
316.8,0.17052
316.8,0.17052
316.8,0.17052
316.8,0.17052
316.8,0.17052
316.8,0.17052
316.8,0.17052
316.8,0.17052
316.8,0.17052
316.8,0.17052
317.6,0.1146
317.6,0.1146
317.6,0.1146
317.6,0.1146
317.6,0.1146
317.6,0.1146
317.6,0.1146
317.6,0.1146
317.6,0.1146
317.6,0.1146
317.6,0.1146
317.6,0.1146
318.4,0.0571352
318.4,0.0571352
318.4,0.0571352
318.4,0.0571352
318.4,0.0571352
318.4,0.0571352
318.4,0.0571352
318.4,0.0571352
318.4,0.0571352
318.4,0.0571352
318.4,0.0571352
318.4,0.0571352
319.2,0.00813531
319.2,0.00813531
319.2,0.00813531
319.2,0.00813531
319.2,0.00813531
319.2,0.00813531
319.2,0.00813531
319.2,0.00813531
319.2,0.00813531
319.2,0.00813531
319.2,0.00813531
319.2,0.00813531
320,0.000889554
320,0.000889554
320,0.000889554
320,0.000889554
320,0.000889554
320,0.000889554
320,0.000889554
320,0.000889554
320,0.000889554
320,0.000889554
320,0.000889554
320,0.000889554
320.8,0.000815098
320.8,0.000815098
320.8,0.000815098
320.8,0.000815098
320.8,0.000815098
320.8,0.000815098
320.8,0.000815098
320.8,0.000815098
320.8,0.000815098
320.8,0.000815098
320.8,0.000815098
320.8,0.000815098
321.6,0.00158709
321.6,0.00158709
321.6,0.00158709
321.6,0.00158709
321.6,0.00158709
321.6,0.00158709
321.6,0.00158709
321.6,0.00158709
321.6,0.00158709
321.6,0.00158709
321.6,0.00158709
321.6,0.00158709
322.4,0.00200248
322.4,0.00200248
322.4,0.00200248
322.4,0.00200248
322.4,0.00200248
322.4,0.00200248
322.4,0.00200248
322.4,0.00200248
322.4,0.00200248
322.4,0.00200248
322.4,0.00200248
322.4,0.00200248
323.2,0.0025511
323.2,0.0025511
323.2,0.0025511
323.2,0.0025511
323.2,0.0025511
323.2,0.0025511
323.2,0.0025511
323.2,0.0025511
323.2,0.0025511
323.2,0.0025511
323.2,0.0025511
323.2,0.0025511
324,0.00324472
324,0.00324472
324,0.00324472
324,0.00324472
324,0.00324472
324,0.00324472
324,0.00324472
324,0.00324472
324,0.00324472
324,0.00324472
324,0.00324472
324,0.00324472
324.8,0.00302527
324.8,0.00302527
324.8,0.00302527
324.8,0.00302527
324.8,0.00302527
324.8,0.00302527
324.8,0.00302527
324.8,0.00302527
324.8,0.00302527
324.8,0.00302527
324.8,0.00302527
324.8,0.00302527
325.6,0.00260204
325.6,0.00260204
325.6,0.00260204
325.6,0.00260204
325.6,0.00260204
325.6,0.00260204
325.6,0.00260204
325.6,0.00260204
325.6,0.00260204
325.6,0.00260204
325.6,0.00260204
325.6,0.00260204
326.4,0.00196721
326.4,0.00196721
326.4,0.00196721
326.4,0.00196721
326.4,0.00196721
326.4,0.00196721
326.4,0.00196721
326.4,0.00196721
326.4,0.00196721
326.4,0.00196721
326.4,0.00196721
326.4,0.00196721
327.2,0.00208477
327.2,0.00208477
327.2,0.00208477
327.2,0.00208477
327.2,0.00208477
327.2,0.00208477
327.2,0.00208477
327.2,0.00208477
327.2,0.00208477
327.2,0.00208477
327.2,0.00208477
327.2,0.00208477
328,0.0352648
328,0.0352648
328,0.0352648
328,0.0352648
328,0.0352648
328,0.0352648
328,0.0352648
328,0.0352648
328,0.0352648
328,0.0352648
328,0.0352648
328,0.0352648
328.8,0.0964637
328.8,0.0964637
328.8,0.0964637
328.8,0.0964637
328.8,0.0964637
328.8,0.0964637
328.8,0.0964637
328.8,0.0964637
328.8,0.0964637
328.8,0.0964637
328.8,0.0964637
328.8,0.0964637
329.6,0.103063
329.6,0.103063
329.6,0.103063
329.6,0.103063
329.6,0.103063
329.6,0.103063
329.6,0.103063
329.6,0.103063
329.6,0.103063
329.6,0.103063
329.6,0.103063
329.6,0.103063
330.4,0.0726221
330.4,0.0726221
330.4,0.0726221
330.4,0.0726221
330.4,0.0726221
330.4,0.0726221
330.4,0.0726221
330.4,0.0726221
330.4,0.0726221
330.4,0.0726221
330.4,0.0726221
330.4,0.0726221
331.2,0.0522015
331.2,0.0522015
331.2,0.0522015
331.2,0.0522015
331.2,0.0522015
331.2,0.0522015
331.2,0.0522015
331.2,0.0522015
331.2,0.0522015
331.2,0.0522015
331.2,0.0522015
331.2,0.0522015
332,0.0787118
332,0.0787118
332,0.0787118
332,0.0787118
332,0.0787118
332,0.0787118
332,0.0787118
332,0.0787118
332,0.0787118
332,0.0787118
332,0.0787118
332,0.0787118
332.8,0.0855735
332.8,0.0855735
332.8,0.0855735
332.8,0.0855735
332.8,0.0855735
332.8,0.0855735
332.8,0.0855735
332.8,0.0855735
332.8,0.0855735
332.8,0.0855735
332.8,0.0855735
332.8,0.0855735
333.6,0.0665716
333.6,0.0665716
333.6,0.0665716
333.6,0.0665716
333.6,0.0665716
333.6,0.0665716
333.6,0.0665716
333.6,0.0665716
333.6,0.0665716
333.6,0.0665716
333.6,0.0665716
333.6,0.0665716
334.4,0.0139586
334.4,0.0139586
334.4,0.0139586
334.4,0.0139586
334.4,0.0139586
334.4,0.0139586
334.4,0.0139586
334.4,0.0139586
334.4,0.0139586
334.4,0.0139586
334.4,0.0139586
334.4,0.0139586
335.2,0.00793937
335.2,0.00793937
335.2,0.00793937
335.2,0.00793937
335.2,0.00793937
335.2,0.00793937
335.2,0.00793937
335.2,0.00793937
335.2,0.00793937
335.2,0.00793937
335.2,0.00793937
335.2,0.00793937
336,0.00997711
336,0.00997711
336,0.00997711
336,0.00997711
336,0.00997711
336,0.00997711
336,0.00997711
336,0.00997711
336,0.00997711
336,0.00997711
336,0.00997711
336,0.00997711
336.8,0.0228384
336.8,0.0228384
336.8,0.0228384
336.8,0.0228384
336.8,0.0228384
336.8,0.0228384
336.8,0.0228384
336.8,0.0228384
336.8,0.0228384
336.8,0.0228384
336.8,0.0228384
336.8,0.0228384
337.6,0.0530088
337.6,0.0530088
337.6,0.0530088
337.6,0.0530088
337.6,0.0530088
337.6,0.0530088
337.6,0.0530088
337.6,0.0530088
337.6,0.0530088
337.6,0.0530088
337.6,0.0530088
337.6,0.0530088
338.4,0.103173
338.4,0.103173
338.4,0.103173
338.4,0.103173
338.4,0.103173
338.4,0.103173
338.4,0.103173
338.4,0.103173
338.4,0.103173
338.4,0.103173
338.4,0.103173
338.4,0.103173
339.2,0.0830224
339.2,0.0830224
339.2,0.0830224
339.2,0.0830224
339.2,0.0830224
339.2,0.0830224
339.2,0.0830224
339.2,0.0830224
339.2,0.0830224
339.2,0.0830224
339.2,0.0830224
339.2,0.0830224
340,0.0572842
340,0.0572842
340,0.0572842
340,0.0572842
340,0.0572842
340,0.0572842
340,0.0572842
340,0.0572842
340,0.0572842
340,0.0572842
340,0.0572842
340,0.0572842
340.8,0.0348807
340.8,0.0348807
340.8,0.0348807
340.8,0.0348807
340.8,0.0348807
340.8,0.0348807
340.8,0.0348807
340.8,0.0348807
340.8,0.0348807
340.8,0.0348807
340.8,0.0348807
340.8,0.0348807
341.6,0.00116778
341.6,0.00116778
341.6,0.00116778
341.6,0.00116778
341.6,0.00116778
341.6,0.00116778
341.6,0.00116778
341.6,0.00116778
341.6,0.00116778
341.6,0.00116778
341.6,0.00116778
341.6,0.00116778
342.4,0.00275096
342.4,0.00275096
342.4,0.00275096
342.4,0.00275096
342.4,0.00275096
342.4,0.00275096
342.4,0.00275096
342.4,0.00275096
342.4,0.00275096
342.4,0.00275096
342.4,0.00275096
342.4,0.00275096
343.2,0.00270001
343.2,0.00270001
343.2,0.00270001
343.2,0.00270001
343.2,0.00270001
343.2,0.00270001
343.2,0.00270001
343.2,0.00270001
343.2,0.00270001
343.2,0.00270001
343.2,0.00270001
343.2,0.00270001
344,0.00265299
344,0.00265299
344,0.00265299
344,0.00265299
344,0.00265299
344,0.00265299
344,0.00265299
344,0.00265299
344,0.00265299
344,0.00265299
344,0.00265299
344,0.00265299
344.8,0.00257069
344.8,0.00257069
344.8,0.00257069
344.8,0.00257069
344.8,0.00257069
344.8,0.00257069
344.8,0.00257069
344.8,0.00257069
344.8,0.00257069
344.8,0.00257069
344.8,0.00257069
344.8,0.00257069
345.6,0.00295865
345.6,0.00295865
345.6,0.00295865
345.6,0.00295865
345.6,0.00295865
345.6,0.00295865
345.6,0.00295865
345.6,0.00295865
345.6,0.00295865
345.6,0.00295865
345.6,0.00295865
345.6,0.00295865
346.4,0.00239827
346.4,0.00239827
346.4,0.00239827
346.4,0.00239827
346.4,0.00239827
346.4,0.00239827
346.4,0.00239827
346.4,0.00239827
346.4,0.00239827
346.4,0.00239827
346.4,0.00239827
346.4,0.00239827
347.2,0.00245313
347.2,0.00245313
347.2,0.00245313
347.2,0.00245313
347.2,0.00245313
347.2,0.00245313
347.2,0.00245313
347.2,0.00245313
347.2,0.00245313
347.2,0.00245313
347.2,0.00245313
347.2,0.00245313
348,0.00256678
348,0.00256678
348,0.00256678
348,0.00256678
348,0.00256678
348,0.00256678
348,0.00256678
348,0.00256678
348,0.00256678
348,0.00256678
348,0.00256678
348,0.00256678
348.8,0.00208085
348.8,0.00208085
348.8,0.00208085
348.8,0.00208085
348.8,0.00208085
348.8,0.00208085
348.8,0.00208085
348.8,0.00208085
348.8,0.00208085
348.8,0.00208085
348.8,0.00208085
348.8,0.00208085
349.6,0.00231206
349.6,0.00231206
349.6,0.00231206
349.6,0.00231206
349.6,0.00231206
349.6,0.00231206
349.6,0.00231206
349.6,0.00231206
349.6,0.00231206
349.6,0.00231206
349.6,0.00231206
349.6,0.00231206
350.4,0.00247273
350.4,0.00247273
350.4,0.00247273
350.4,0.00247273
350.4,0.00247273
350.4,0.00247273
350.4,0.00247273
350.4,0.00247273
350.4,0.00247273
350.4,0.00247273
350.4,0.00247273
350.4,0.00247273
351.2,0.0553796
351.2,0.0553796
351.2,0.0553796
351.2,0.0553796
351.2,0.0553796
351.2,0.0553796
351.2,0.0553796
351.2,0.0553796
351.2,0.0553796
351.2,0.0553796
351.2,0.0553796
351.2,0.0553796
352,0.0592984
352,0.0592984
352,0.0592984
352,0.0592984
352,0.0592984
352,0.0592984
352,0.0592984
352,0.0592984
352,0.0592984
352,0.0592984
352,0.0592984
352,0.0592984
352.8,0.0881482
352.8,0.0881482
352.8,0.0881482
352.8,0.0881482
352.8,0.0881482
352.8,0.0881482
352.8,0.0881482
352.8,0.0881482
352.8,0.0881482
352.8,0.0881482
352.8,0.0881482
352.8,0.0881482
353.6,0.108486
353.6,0.108486
353.6,0.108486
353.6,0.108486
353.6,0.108486
353.6,0.108486
353.6,0.108486
353.6,0.108486
353.6,0.108486
353.6,0.108486
353.6,0.108486
353.6,0.108486
354.4,0.111621
354.4,0.111621
354.4,0.111621
354.4,0.111621
354.4,0.111621
354.4,0.111621
354.4,0.111621
354.4,0.111621
354.4,0.111621
354.4,0.111621
354.4,0.111621
354.4,0.111621
355.2,0.116359
355.2,0.116359
355.2,0.116359
355.2,0.116359
355.2,0.116359
355.2,0.116359
355.2,0.116359
355.2,0.116359
355.2,0.116359
355.2,0.116359
355.2,0.116359
355.2,0.116359
356,0.145695
356,0.145695
356,0.145695
356,0.145695
356,0.145695
356,0.145695
356,0.145695
356,0.145695
356,0.145695
356,0.145695
356,0.145695
356,0.145695
356.8,0.15787
356.8,0.15787
356.8,0.15787
356.8,0.15787
356.8,0.15787
356.8,0.15787
356.8,0.15787
356.8,0.15787
356.8,0.15787
356.8,0.15787
356.8,0.15787
356.8,0.15787
357.6,0.194616
357.6,0.194616
357.6,0.194616
357.6,0.194616
357.6,0.194616
357.6,0.194616
357.6,0.194616
357.6,0.194616
357.6,0.194616
357.6,0.194616
357.6,0.194616
357.6,0.194616
358.4,0.198359
358.4,0.198359
358.4,0.198359
358.4,0.198359
358.4,0.198359
358.4,0.198359
358.4,0.198359
358.4,0.198359
358.4,0.198359
358.4,0.198359
358.4,0.198359
358.4,0.198359
359.2,0.210476
359.2,0.210476
359.2,0.210476
359.2,0.210476
359.2,0.210476
359.2,0.210476
359.2,0.210476
359.2,0.210476
359.2,0.210476
359.2,0.210476
359.2,0.210476
359.2,0.210476
360,0.232099
360,0.232099
360,0.232099
360,0.232099
360,0.232099
360,0.232099
360,0.232099
360,0.232099
360,0.232099
360,0.232099
360,0.232099
360,0.232099
360.8,0.239255
360.8,0.239255
360.8,0.239255
360.8,0.239255
360.8,0.239255
360.8,0.239255
360.8,0.239255
360.8,0.239255
360.8,0.239255
360.8,0.239255
360.8,0.239255
360.8,0.239255
361.6,0.279496
361.6,0.279496
361.6,0.279496
361.6,0.279496
361.6,0.279496
361.6,0.279496
361.6,0.279496
361.6,0.279496
361.6,0.279496
361.6,0.279496
361.6,0.279496
361.6,0.279496
362.4,0.302292
362.4,0.302292
362.4,0.302292
362.4,0.302292
362.4,0.302292
362.4,0.302292
362.4,0.302292
362.4,0.302292
362.4,0.302292
362.4,0.302292
362.4,0.302292
362.4,0.302292
363.2,0.31772
363.2,0.31772
363.2,0.31772
363.2,0.31772
363.2,0.31772
363.2,0.31772
363.2,0.31772
363.2,0.31772
363.2,0.31772
363.2,0.31772
363.2,0.31772
363.2,0.31772
364,0.309451
364,0.309451
364,0.309451
364,0.309451
364,0.309451
364,0.309451
364,0.309451
364,0.309451
364,0.309451
364,0.309451
364,0.309451
364,0.309451
364.8,0.286581
364.8,0.286581
364.8,0.286581
364.8,0.286581
364.8,0.286581
364.8,0.286581
364.8,0.286581
364.8,0.286581
364.8,0.286581
364.8,0.286581
364.8,0.286581
364.8,0.286581
365.6,0.2957
365.6,0.2957
365.6,0.2957
365.6,0.2957
365.6,0.2957
365.6,0.2957
365.6,0.2957
365.6,0.2957
365.6,0.2957
365.6,0.2957
365.6,0.2957
365.6,0.2957
366.4,0.325299
366.4,0.325299
366.4,0.325299
366.4,0.325299
366.4,0.325299
366.4,0.325299
366.4,0.325299
366.4,0.325299
366.4,0.325299
366.4,0.325299
366.4,0.325299
366.4,0.325299
367.2,0.337263
367.2,0.337263
367.2,0.337263
367.2,0.337263
367.2,0.337263
367.2,0.337263
367.2,0.337263
367.2,0.337263
367.2,0.337263
367.2,0.337263
367.2,0.337263
367.2,0.337263
368,0.33794
368,0.33794
368,0.33794
368,0.33794
368,0.33794
368,0.33794
368,0.33794
368,0.33794
368,0.33794
368,0.33794
368,0.33794
368,0.33794
368.8,0.368691
368.8,0.368691
368.8,0.368691
368.8,0.368691
368.8,0.368691
368.8,0.368691
368.8,0.368691
368.8,0.368691
368.8,0.368691
368.8,0.368691
368.8,0.368691
368.8,0.368691
369.6,0.378135
369.6,0.378135
369.6,0.378135
369.6,0.378135
369.6,0.378135
369.6,0.378135
369.6,0.378135
369.6,0.378135
369.6,0.378135
369.6,0.378135
369.6,0.378135
369.6,0.378135
370.4,0.391231
370.4,0.391231
370.4,0.391231
370.4,0.391231
370.4,0.391231
370.4,0.391231
370.4,0.391231
370.4,0.391231
370.4,0.391231
370.4,0.391231
370.4,0.391231
370.4,0.391231
371.2,0.428103
371.2,0.428103
371.2,0.428103
371.2,0.428103
371.2,0.428103
371.2,0.428103
371.2,0.428103
371.2,0.428103
371.2,0.428103
371.2,0.428103
371.2,0.428103
371.2,0.428103
372,0.457642
372,0.457642
372,0.457642
372,0.457642
372,0.457642
372,0.457642
372,0.457642
372,0.457642
372,0.457642
372,0.457642
372,0.457642
372,0.457642
372.8,0.452121
372.8,0.452121
372.8,0.452121
372.8,0.452121
372.8,0.452121
372.8,0.452121
372.8,0.452121
372.8,0.452121
372.8,0.452121
372.8,0.452121
372.8,0.452121
372.8,0.452121
373.6,0.434847
373.6,0.434847
373.6,0.434847
373.6,0.434847
373.6,0.434847
373.6,0.434847
373.6,0.434847
373.6,0.434847
373.6,0.434847
373.6,0.434847
373.6,0.434847
373.6,0.434847
374.4,0.454801
374.4,0.454801
374.4,0.454801
374.4,0.454801
374.4,0.454801
374.4,0.454801
374.4,0.454801
374.4,0.454801
374.4,0.454801
374.4,0.454801
374.4,0.454801
374.4,0.454801
375.2,0.459253
375.2,0.459253
375.2,0.459253
375.2,0.459253
375.2,0.459253
375.2,0.459253
375.2,0.459253
375.2,0.459253
375.2,0.459253
375.2,0.459253
375.2,0.459253
375.2,0.459253
376,0.459139
376,0.459139
376,0.459139
376,0.459139
376,0.459139
376,0.459139
376,0.459139
376,0.459139
376,0.459139
376,0.459139
376,0.459139
376,0.459139
376.8,0.463807
376.8,0.463807
376.8,0.463807
376.8,0.463807
376.8,0.463807
376.8,0.463807
376.8,0.463807
376.8,0.463807
376.8,0.463807
376.8,0.463807
376.8,0.463807
376.8,0.463807
377.6,0.464531
377.6,0.464531
377.6,0.464531
377.6,0.464531
377.6,0.464531
377.6,0.464531
377.6,0.464531
377.6,0.464531
377.6,0.464531
377.6,0.464531
377.6,0.464531
377.6,0.464531
378.4,0.461679
378.4,0.461679
378.4,0.461679
378.4,0.461679
378.4,0.461679
378.4,0.461679
378.4,0.461679
378.4,0.461679
378.4,0.461679
378.4,0.461679
378.4,0.461679
378.4,0.461679
379.2,0.471585
379.2,0.471585
379.2,0.471585
379.2,0.471585
379.2,0.471585
379.2,0.471585
379.2,0.471585
379.2,0.471585
379.2,0.471585
379.2,0.471585
379.2,0.471585
379.2,0.471585
380,0.468011
380,0.468011
380,0.468011
380,0.468011
380,0.468011
380,0.468011
380,0.468011
380,0.468011
380,0.468011
380,0.468011
380,0.468011
380,0.468011
380.8,0.475022
380.8,0.475022
380.8,0.475022
380.8,0.475022
380.8,0.475022
380.8,0.475022
380.8,0.475022
380.8,0.475022
380.8,0.475022
380.8,0.475022
380.8,0.475022
380.8,0.475022
381.6,0.482413
381.6,0.482413
381.6,0.482413
381.6,0.482413
381.6,0.482413
381.6,0.482413
381.6,0.482413
381.6,0.482413
381.6,0.482413
381.6,0.482413
381.6,0.482413
381.6,0.482413
382.4,0.483686
44