0,0.0484552
0,0.0484552
0,0.0484552
0,0.0484552
0,0.0484552
0,0.0484552
0,0.0484552
0,0.0484552
0,0.0484552
0,0.0484552
0.666667,0.0835828
0.666667,0.0835828
0.666667,0.0835828
0.666667,0.0835828
0.666667,0.0835828
0.666667,0.0835828
0.666667,0.0835828
0.666667,0.0835828
0.666667,0.0835828
0.666667,0.0835828
1.33333,0.0910363
1.33333,0.0910363
1.33333,0.0910363
1.33333,0.0910363
1.33333,0.0910363
1.33333,0.0910363
1.33333,0.0910363
1.33333,0.0910363
1.33333,0.0910363
1.33333,0.0910363
2,0.0998417
2,0.0998417
2,0.0998417
2,0.0998417
2,0.0998417
2,0.0998417
2,0.0998417
2,0.0998417
2,0.0998417
2,0.0998417
2.66667,0.101911
2.66667,0.101911
2.66667,0.101911
2.66667,0.101911
2.66667,0.101911
2.66667,0.101911
2.66667,0.101911
2.66667,0.101911
2.66667,0.101911
2.66667,0.101911
3.33333,0.102146
3.33333,0.102146
3.33333,0.102146
3.33333,0.102146
3.33333,0.102146
3.33333,0.102146
3.33333,0.102146
3.33333,0.102146
3.33333,0.102146
3.33333,0.102146
4,0.101025
4,0.101025
4,0.101025
4,0.101025
4,0.101025
4,0.101025
4,0.101025
4,0.101025
4,0.101025
4,0.101025
4.66667,0.100959
4.66667,0.100959
4.66667,0.100959
4.66667,0.100959
4.66667,0.100959
4.66667,0.100959
4.66667,0.100959
4.66667,0.100959
4.66667,0.100959
4.66667,0.100959
5.33333,0.109674
5.33333,0.109674
5.33333,0.109674
5.33333,0.109674
5.33333,0.109674
5.33333,0.109674
5.33333,0.109674
5.33333,0.109674
5.33333,0.109674
5.33333,0.109674
6,0.140518
6,0.140518
6,0.140518
6,0.140518
6,0.140518
6,0.140518
6,0.140518
6,0.140518
6,0.140518
6,0.140518
6.66667,0.142615
6.66667,0.142615
6.66667,0.142615
6.66667,0.142615
6.66667,0.142615
6.66667,0.142615
6.66667,0.142615
6.66667,0.142615
6.66667,0.142615
6.66667,0.142615
7.33333,0.156091
7.33333,0.156091
7.33333,0.156091
7.33333,0.156091
7.33333,0.156091
7.33333,0.156091
7.33333,0.156091
7.33333,0.156091
7.33333,0.156091
7.33333,0.156091
8,0.173683
8,0.173683
8,0.173683
8,0.173683
8,0.173683
8,0.173683
8,0.173683
8,0.173683
8,0.173683
8,0.173683
8.66667,0.175473
8.66667,0.175473
8.66667,0.175473
8.66667,0.175473
8.66667,0.175473
8.66667,0.175473
8.66667,0.175473
8.66667,0.175473
8.66667,0.175473
8.66667,0.175473
9.33333,0.179686
9.33333,0.179686
9.33333,0.179686
9.33333,0.179686
9.33333,0.179686
9.33333,0.179686
9.33333,0.179686
9.33333,0.179686
9.33333,0.179686
9.33333,0.179686
10,0.180082
10,0.180082
10,0.180082
10,0.180082
10,0.180082
10,0.180082
10,0.180082
10,0.180082
10,0.180082
10,0.180082
10.6667,0.173835
10.6667,0.173835
10.6667,0.173835
10.6667,0.173835
10.6667,0.173835
10.6667,0.173835
10.6667,0.173835
10.6667,0.173835
10.6667,0.173835
10.6667,0.173835
11.3333,0.169489
11.3333,0.169489
11.3333,0.169489
11.3333,0.169489
11.3333,0.169489
11.3333,0.169489
11.3333,0.169489
11.3333,0.169489
11.3333,0.169489
11.3333,0.169489
12,0.165978
12,0.165978
12,0.165978
12,0.165978
12,0.165978
12,0.165978
12,0.165978
12,0.165978
12,0.165978
12,0.165978
12.6667,0.161868
12.6667,0.161868
12.6667,0.161868
12.6667,0.161868
12.6667,0.161868
12.6667,0.161868
12.6667,0.161868
12.6667,0.161868
12.6667,0.161868
12.6667,0.161868
13.3333,0.161323
13.3333,0.161323
13.3333,0.161323
13.3333,0.161323
13.3333,0.161323
13.3333,0.161323
13.3333,0.161323
13.3333,0.161323
13.3333,0.161323
13.3333,0.161323
14,0.16166
14,0.16166
14,0.16166
14,0.16166
14,0.16166
14,0.16166
14,0.16166
14,0.16166
14,0.16166
14,0.16166
14.6667,0.159316
14.6667,0.159316
14.6667,0.159316
14.6667,0.159316
14.6667,0.159316
14.6667,0.159316
14.6667,0.159316
14.6667,0.159316
14.6667,0.159316
14.6667,0.159316
15.3333,0.159861
15.3333,0.159861
15.3333,0.159861
15.3333,0.159861
15.3333,0.159861
15.3333,0.159861
15.3333,0.159861
15.3333,0.159861
15.3333,0.159861
15.3333,0.159861
16,0.159497
16,0.159497
16,0.159497
16,0.159497
16,0.159497
16,0.159497
16,0.159497
16,0.159497
16,0.159497
16,0.159497
16.6667,0.15961
16.6667,0.15961
16.6667,0.15961
16.6667,0.15961
16.6667,0.15961
16.6667,0.15961
16.6667,0.15961
16.6667,0.15961
16.6667,0.15961
16.6667,0.15961
17.3333,0.16057
17.3333,0.16057
17.3333,0.16057
17.3333,0.16057
17.3333,0.16057
17.3333,0.16057
17.3333,0.16057
17.3333,0.16057
17.3333,0.16057
17.3333,0.16057
18,0.159889
18,0.159889
18,0.159889
18,0.159889
18,0.159889
18,0.159889
18,0.159889
18,0.159889
18,0.159889
18,0.159889
18.6667,0.161123
18.6667,0.161123
18.6667,0.161123
18.6667,0.161123
18.6667,0.161123
18.6667,0.161123
18.6667,0.161123
18.6667,0.161123
18.6667,0.161123
18.6667,0.161123
19.3333,0.158646
19.3333,0.158646
19.3333,0.158646
19.3333,0.158646
19.3333,0.158646
19.3333,0.158646
19.3333,0.158646
19.3333,0.158646
19.3333,0.158646
19.3333,0.158646
20,0.156942
20,0.156942
20,0.156942
20,0.156942
20,0.156942
20,0.156942
20,0.156942
20,0.156942
20,0.156942
20,0.156942
20.6667,0.158121
20.6667,0.158121
20.6667,0.158121
20.6667,0.158121
20.6667,0.158121
20.6667,0.158121
20.6667,0.158121
20.6667,0.158121
20.6667,0.158121
20.6667,0.158121
21.3333,0.157475
21.3333,0.157475
21.3333,0.157475
21.3333,0.157475
21.3333,0.157475
21.3333,0.157475
21.3333,0.157475
21.3333,0.157475
21.3333,0.157475
21.3333,0.157475
22,0.158106
22,0.158106
22,0.158106
22,0.158106
22,0.158106
22,0.158106
22,0.158106
22,0.158106
22,0.158106
22,0.158106
22.6667,0.159195
22.6667,0.159195
22.6667,0.159195
22.6667,0.159195
22.6667,0.159195
22.6667,0.159195
22.6667,0.159195
22.6667,0.159195
22.6667,0.159195
22.6667,0.159195
23.3333,0.164238
23.3333,0.164238
23.3333,0.164238
23.3333,0.164238
23.3333,0.164238
23.3333,0.164238
23.3333,0.164238
23.3333,0.164238
23.3333,0.164238
23.3333,0.164238
24,0.164325
24,0.164325
24,0.164325
24,0.164325
24,0.164325
24,0.164325
24,0.164325
24,0.164325
24,0.164325
24,0.164325
24.6667,0.163411
24.6667,0.163411
24.6667,0.163411
24.6667,0.163411
24.6667,0.163411
24.6667,0.163411
24.6667,0.163411
24.6667,0.163411
24.6667,0.163411
24.6667,0.163411
25.3333,0.162596
25.3333,0.162596
25.3333,0.162596
25.3333,0.162596
25.3333,0.162596
25.3333,0.162596
25.3333,0.162596
25.3333,0.162596
25.3333,0.162596
25.3333,0.162596
26,0.16804
26,0.16804
26,0.16804
26,0.16804
26,0.16804
26,0.16804
26,0.16804
26,0.16804
26,0.16804
26,0.16804
26.6667,0.17063
26.6667,0.17063
26.6667,0.17063
26.6667,0.17063
26.6667,0.17063
26.6667,0.17063
26.6667,0.17063
26.6667,0.17063
26.6667,0.17063
26.6667,0.17063
27.3333,0.176645
27.3333,0.176645
27.3333,0.176645
27.3333,0.176645
27.3333,0.176645
27.3333,0.176645
27.3333,0.176645
27.3333,0.176645
27.3333,0.176645
27.3333,0.176645
28,0.186313
28,0.186313
28,0.186313
28,0.186313
28,0.186313
28,0.186313
28,0.186313
28,0.186313
28,0.186313
28,0.186313
28.6667,0.202344
28.6667,0.202344
28.6667,0.202344
28.6667,0.202344
28.6667,0.202344
28.6667,0.202344
28.6667,0.202344
28.6667,0.202344
28.6667,0.202344
28.6667,0.202344
29.3333,0.207901
29.3333,0.207901
29.3333,0.207901
29.3333,0.207901
29.3333,0.207901
29.3333,0.207901
29.3333,0.207901
29.3333,0.207901
29.3333,0.207901
29.3333,0.207901
30,0.206424
30,0.206424
30,0.206424
30,0.206424
30,0.206424
30,0.206424
30,0.206424
30,0.206424
30,0.206424
30,0.206424
30.6667,0.208602
30.6667,0.208602
30.6667,0.208602
30.6667,0.208602
30.6667,0.208602
30.6667,0.208602
30.6667,0.208602
30.6667,0.208602
30.6667,0.208602
30.6667,0.208602
31.3333,0.203434
31.3333,0.203434
31.3333,0.203434
31.3333,0.203434
31.3333,0.203434
31.3333,0.203434
31.3333,0.203434
31.3333,0.203434
31.3333,0.203434
31.3333,0.203434
32,0.208379
32,0.208379
32,0.208379
32,0.208379
32,0.208379
32,0.208379
32,0.208379
32,0.208379
32,0.208379
32,0.208379
32.6667,0.209715
32.6667,0.209715
32.6667,0.209715
32.6667,0.209715
32.6667,0.209715
32.6667,0.209715
32.6667,0.209715
32.6667,0.209715
32.6667,0.209715
32.6667,0.209715
33.3333,0.212357
33.3333,0.212357
33.3333,0.212357
33.3333,0.212357
33.3333,0.212357
33.3333,0.212357
33.3333,0.212357
33.3333,0.212357
33.3333,0.212357
33.3333,0.212357
34,0.252477
34,0.252477
34,0.252477
34,0.252477
34,0.252477
34,0.252477
34,0.252477
34,0.252477
34,0.252477
34,0.252477
34.6667,0.264288
34.6667,0.264288
34.6667,0.264288
34.6667,0.264288
34.6667,0.264288
34.6667,0.264288
34.6667,0.264288
34.6667,0.264288
34.6667,0.264288
34.6667,0.264288
35.3333,0.275299
35.3333,0.275299
35.3333,0.275299
35.3333,0.275299
35.3333,0.275299
35.3333,0.275299
35.3333,0.275299
35.3333,0.275299
35.3333,0.275299
35.3333,0.275299
36,0.283223
36,0.283223
36,0.283223
36,0.283223
36,0.283223
36,0.283223
36,0.283223
36,0.283223
36,0.283223
36,0.283223
36.6667,0.285817
36.6667,0.285817
36.6667,0.285817
36.6667,0.285817
36.6667,0.285817
36.6667,0.285817
36.6667,0.285817
36.6667,0.285817
36.6667,0.285817
36.6667,0.285817
37.3333,0.283478
37.3333,0.283478
37.3333,0.283478
37.3333,0.283478
37.3333,0.283478
37.3333,0.283478
37.3333,0.283478
37.3333,0.283478
37.3333,0.283478
37.3333,0.283478
38,0.275237
38,0.275237
38,0.275237
38,0.275237
38,0.275237
38,0.275237
38,0.275237
38,0.275237
38,0.275237
38,0.275237
38.6667,0.302997
38.6667,0.302997
38.6667,0.302997
38.6667,0.302997
38.6667,0.302997
38.6667,0.302997
38.6667,0.302997
38.6667,0.302997
38.6667,0.302997
38.6667,0.302997
39.3333,0.323755
39.3333,0.323755
39.3333,0.323755
39.3333,0.323755
39.3333,0.323755
39.3333,0.323755
39.3333,0.323755
39.3333,0.323755
39.3333,0.323755
39.3333,0.323755
40,0.334359
40,0.334359
40,0.334359
40,0.334359
40,0.334359
40,0.334359
40,0.334359
40,0.334359
40,0.334359
40,0.334359
40.6667,0.35485
40.6667,0.35485
40.6667,0.35485
40.6667,0.35485
40.6667,0.35485
40.6667,0.35485
40.6667,0.35485
40.6667,0.35485
40.6667,0.35485
40.6667,0.35485
41.3333,0.371254
41.3333,0.371254
41.3333,0.371254
41.3333,0.371254
41.3333,0.371254
41.3333,0.371254
41.3333,0.371254
41.3333,0.371254
41.3333,0.371254
41.3333,0.371254
42,0.390146
42,0.390146
42,0.390146
42,0.390146
42,0.390146
42,0.390146
42,0.390146
42,0.390146
42,0.390146
42,0.390146
42.6667,0.396099
42.6667,0.396099
42.6667,0.396099
42.6667,0.396099
42.6667,0.396099
42.6667,0.396099
42.6667,0.396099
42.6667,0.396099
42.6667,0.396099
42.6667,0.396099
43.3333,0.403309
43.3333,0.403309
43.3333,0.403309
43.3333,0.403309
43.3333,0.403309
43.3333,0.403309
43.3333,0.403309
43.3333,0.403309
43.3333,0.403309
43.3333,0.403309
44,0.414364
44,0.414364
44,0.414364
44,0.414364
44,0.414364
44,0.414364
44,0.414364
44,0.414364
44,0.414364
44,0.414364
44.6667,0.418102
44.6667,0.418102
44.6667,0.418102
44.6667,0.418102
44.6667,0.418102
44.6667,0.418102
44.6667,0.418102
44.6667,0.418102
44.6667,0.418102
44.6667,0.418102
45.3333,0.424235
45.3333,0.424235
45.3333,0.424235
45.3333,0.424235
45.3333,0.424235
45.3333,0.424235
45.3333,0.424235
45.3333,0.424235
45.3333,0.424235
45.3333,0.424235
46,0.429627
46,0.429627
46,0.429627
46,0.429627
46,0.429627
46,0.429627
46,0.429627
46,0.429627
46,0.429627
46,0.429627
46.6667,0.428456
46.6667,0.428456
46.6667,0.428456
46.6667,0.428456
46.6667,0.428456
46.6667,0.428456
46.6667,0.428456
46.6667,0.428456
46.6667,0.428456
46.6667,0.428456
47.3333,0.428491
47.3333,0.428491
47.3333,0.428491
47.3333,0.428491
47.3333,0.428491
47.3333,0.428491
47.3333,0.428491
47.3333,0.428491
47.3333,0.428491
47.3333,0.428491
48,0.418157
48,0.418157
48,0.418157
48,0.418157
48,0.418157
48,0.418157
48,0.418157
48,0.418157
48,0.418157
48,0.418157
48.6667,0.418812
48.6667,0.418812
48.6667,0.418812
48.6667,0.418812
48.6667,0.418812
48.6667,0.418812
48.6667,0.418812
48.6667,0.418812
48.6667,0.418812
48.6667,0.418812
49.3333,0.413086
49.3333,0.413086
49.3333,0.413086
49.3333,0.413086
49.3333,0.413086
49.3333,0.413086
49.3333,0.413086
49.3333,0.413086
49.3333,0.413086
49.3333,0.413086
50,0.403924
50,0.403924
50,0.403924
50,0.403924
50,0.403924
50,0.403924
50,0.403924
50,0.403924
50,0.403924
50,0.403924
50.6667,0.402886
50.6667,0.402886
50.6667,0.402886
50.6667,0.402886
50.6667,0.402886
50.6667,0.402886
50.6667,0.402886
50.6667,0.402886
50.6667,0.402886
50.6667,0.402886
51.3333,0.385463
51.3333,0.385463
51.3333,0.385463
51.3333,0.385463
51.3333,0.385463
51.3333,0.385463
51.3333,0.385463
51.3333,0.385463
51.3333,0.385463
51.3333,0.385463
52,0.389652
52,0.389652
52,0.389652
52,0.389652
52,0.389652
52,0.389652
52,0.389652
52,0.389652
52,0.389652
52,0.389652
52.6667,0.396048
52.6667,0.396048
52.6667,0.396048
52.6667,0.396048
52.6667,0.396048
52.6667,0.396048
52.6667,0.396048
52.6667,0.396048
52.6667,0.396048
52.6667,0.396048
53.3333,0.417193
53.3333,0.417193
53.3333,0.417193
53.3333,0.417193
53.3333,0.417193
53.3333,0.417193
53.3333,0.417193
53.3333,0.417193
53.3333,0.417193
53.3333,0.417193
54,0.427151
54,0.427151
54,0.427151
54,0.427151
54,0.427151
54,0.427151
54,0.427151
54,0.427151
54,0.427151
54,0.427151
54.6667,0.436904
54.6667,0.436904
54.6667,0.436904
54.6667,0.436904
54.6667,0.436904
54.6667,0.436904
54.6667,0.436904
54.6667,0.436904
54.6667,0.436904
54.6667,0.436904
55.3333,0.443139
55.3333,0.443139
55.3333,0.443139
55.3333,0.443139
55.3333,0.443139
55.3333,0.443139
55.3333,0.443139
55.3333,0.443139
55.3333,0.443139
55.3333,0.443139
56,0.442845
56,0.442845
56,0.442845
56,0.442845
56,0.442845
56,0.442845
56,0.442845
56,0.442845
56,0.442845
56,0.442845
56.6667,0.443065
56.6667,0.443065
56.6667,0.443065
56.6667,0.443065
56.6667,0.443065
56.6667,0.443065
56.6667,0.443065
56.6667,0.443065
56.6667,0.443065
56.6667,0.443065
57.3333,0.445114
57.3333,0.445114
57.3333,0.445114
57.3333,0.445114
57.3333,0.445114
57.3333,0.445114
57.3333,0.445114
57.3333,0.445114
57.3333,0.445114
57.3333,0.445114
58,0.442939
58,0.442939
58,0.442939
58,0.442939
58,0.442939
58,0.442939
58,0.442939
58,0.442939
58,0.442939
58,0.442939
58.6667,0.443817
58.6667,0.443817
58.6667,0.443817
58.6667,0.443817
58.6667,0.443817
58.6667,0.443817
58.6667,0.443817
58.6667,0.443817
58.6667,0.443817
58.6667,0.443817
59.3333,0.445091
59.3333,0.445091
59.3333,0.445091
59.3333,0.445091
59.3333,0.445091
59.3333,0.445091
59.3333,0.445091
59.3333,0.445091
59.3333,0.445091
59.3333,0.445091
60,0.450334
60,0.450334
60,0.450334
60,0.450334
60,0.450334
60,0.450334
60,0.450334
60,0.450334
60,0.450334
60,0.450334
60.6667,0.44591
60.6667,0.44591
60.6667,0.44591
60.6667,0.44591
60.6667,0.44591
60.6667,0.44591
60.6667,0.44591
60.6667,0.44591
60.6667,0.44591
60.6667,0.44591
61.3333,0.438354
61.3333,0.438354
61.3333,0.438354
61.3333,0.438354
61.3333,0.438354
61.3333,0.438354
61.3333,0.438354
61.3333,0.438354
61.3333,0.438354
61.3333,0.438354
62,0.432617
62,0.432617
62,0.432617
62,0.432617
62,0.432617
62,0.432617
62,0.432617
62,0.432617
62,0.432617
62,0.432617
62.6667,0.441509
62.6667,0.441509
62.6667,0.441509
62.6667,0.441509
62.6667,0.441509
62.6667,0.441509
62.6667,0.441509
62.6667,0.441509
62.6667,0.441509
62.6667,0.441509
63.3333,0.442904
63.3333,0.442904
63.3333,0.442904
63.3333,0.442904
63.3333,0.442904
63.3333,0.442904
63.3333,0.442904
63.3333,0.442904
63.3333,0.442904
63.3333,0.442904
64,0.441003
64,0.441003
64,0.441003
64,0.441003
64,0.441003
64,0.441003
64,0.441003
64,0.441003
64,0.441003
64,0.441003
64.6667,0.444436
64.6667,0.444436
64.6667,0.444436
64.6667,0.444436
64.6667,0.444436
64.6667,0.444436
64.6667,0.444436
64.6667,0.444436
64.6667,0.444436
64.6667,0.444436
65.3333,0.444511
65.3333,0.444511
65.3333,0.444511
65.3333,0.444511
65.3333,0.444511
65.3333,0.444511
65.3333,0.444511
65.3333,0.444511
65.3333,0.444511
65.3333,0.444511
66,0.444417
66,0.444417
66,0.444417
66,0.444417
66,0.444417
66,0.444417
66,0.444417
66,0.444417
66,0.444417
66,0.444417
66.6667,0.442159
66.6667,0.442159
66.6667,0.442159
66.6667,0.442159
66.6667,0.442159
66.6667,0.442159
66.6667,0.442159
66.6667,0.442159
66.6667,0.442159
66.6667,0.442159
67.3333,0.437429
67.3333,0.437429
67.3333,0.437429
67.3333,0.437429
67.3333,0.437429
67.3333,0.437429
67.3333,0.437429
67.3333,0.437429
67.3333,0.437429
67.3333,0.437429
68,0.43806
68,0.43806
68,0.43806
68,0.43806
68,0.43806
68,0.43806
68,0.43806
68,0.43806
68,0.43806
68,0.43806
68.6667,0.438985
68.6667,0.438985
68.6667,0.438985
68.6667,0.438985
68.6667,0.438985
68.6667,0.438985
68.6667,0.438985
68.6667,0.438985
68.6667,0.438985
68.6667,0.438985
69.3333,0.43681
69.3333,0.43681
69.3333,0.43681
69.3333,0.43681
69.3333,0.43681
69.3333,0.43681
69.3333,0.43681
69.3333,0.43681
69.3333,0.43681
69.3333,0.43681
70,0.43779
70,0.43779
70,0.43779
70,0.43779
70,0.43779
70,0.43779
70,0.43779
70,0.43779
70,0.43779
70,0.43779
70.6667,0.432496
70.6667,0.432496
70.6667,0.432496
70.6667,0.432496
70.6667,0.432496
70.6667,0.432496
70.6667,0.432496
70.6667,0.432496
70.6667,0.432496
70.6667,0.432496
71.3333,0.43605
71.3333,0.43605
71.3333,0.43605
71.3333,0.43605
71.3333,0.43605
71.3333,0.43605
71.3333,0.43605
71.3333,0.43605
71.3333,0.43605
71.3333,0.43605
72,0.438264
72,0.438264
72,0.438264
72,0.438264
72,0.438264
72,0.438264
72,0.438264
72,0.438264
72,0.438264
72,0.438264
72.6667,0.437222
72.6667,0.437222
72.6667,0.437222
72.6667,0.437222
72.6667,0.437222
72.6667,0.437222
72.6667,0.437222
72.6667,0.437222
72.6667,0.437222
72.6667,0.437222
73.3333,0.439001
73.3333,0.439001
73.3333,0.439001
73.3333,0.439001
73.3333,0.439001
73.3333,0.439001
73.3333,0.439001
73.3333,0.439001
73.3333,0.439001
73.3333,0.439001
74,0.434569
74,0.434569
74,0.434569
74,0.434569
74,0.434569
74,0.434569
74,0.434569
74,0.434569
74,0.434569
74,0.434569
74.6667,0.435827
74.6667,0.435827
74.6667,0.435827
74.6667,0.435827
74.6667,0.435827
74.6667,0.435827
74.6667,0.435827
74.6667,0.435827
74.6667,0.435827
74.6667,0.435827
75.3333,0.440713
75.3333,0.440713
75.3333,0.440713
75.3333,0.440713
75.3333,0.440713
75.3333,0.440713
75.3333,0.440713
75.3333,0.440713
75.3333,0.440713
75.3333,0.440713
76,0.438903
76,0.438903
76,0.438903
76,0.438903
76,0.438903
76,0.438903
76,0.438903
76,0.438903
76,0.438903
76,0.438903
76.6667,0.441685
76.6667,0.441685
76.6667,0.441685
76.6667,0.441685
76.6667,0.441685
76.6667,0.441685
76.6667,0.441685
76.6667,0.441685
76.6667,0.441685
76.6667,0.441685
77.3333,0.438746
77.3333,0.438746
77.3333,0.438746
77.3333,0.438746
77.3333,0.438746
77.3333,0.438746
77.3333,0.438746
77.3333,0.438746
77.3333,0.438746
77.3333,0.438746
78,0.440635
78,0.440635
78,0.440635
78,0.440635
78,0.440635
78,0.440635
78,0.440635
78,0.440635
78,0.440635
78,0.440635
78.6667,0.436418
78.6667,0.436418
78.6667,0.436418
78.6667,0.436418
78.6667,0.436418
78.6667,0.436418
78.6667,0.436418
78.6667,0.436418
78.6667,0.436418
78.6667,0.436418
79.3333,0.429525
79.3333,0.429525
79.3333,0.429525
79.3333,0.429525
79.3333,0.429525
79.3333,0.429525
79.3333,0.429525
79.3333,0.429525
79.3333,0.429525
79.3333,0.429525
80,0.431496
80,0.431496
80,0.431496
80,0.431496
80,0.431496
80,0.431496
80,0.431496
80,0.431496
80,0.431496
80,0.431496
80.6667,0.427362
80.6667,0.427362
80.6667,0.427362
80.6667,0.427362
80.6667,0.427362
80.6667,0.427362
80.6667,0.427362
80.6667,0.427362
80.6667,0.427362
80.6667,0.427362
81.3333,0.431003
81.3333,0.431003
81.3333,0.431003
81.3333,0.431003
81.3333,0.431003
81.3333,0.431003
81.3333,0.431003
81.3333,0.431003
81.3333,0.431003
81.3333,0.431003
82,0.434055
82,0.434055
82,0.434055
82,0.434055
82,0.434055
82,0.434055
82,0.434055
82,0.434055
82,0.434055
82,0.434055
82.6667,0.435517
82.6667,0.435517
82.6667,0.435517
82.6667,0.435517
82.6667,0.435517
82.6667,0.435517
82.6667,0.435517
82.6667,0.435517
82.6667,0.435517
82.6667,0.435517
83.3333,0.437237
83.3333,0.437237
83.3333,0.437237
83.3333,0.437237
83.3333,0.437237
83.3333,0.437237
83.3333,0.437237
83.3333,0.437237
83.3333,0.437237
83.3333,0.437237
84,0.430724
84,0.430724
84,0.430724
84,0.430724
84,0.430724
84,0.430724
84,0.430724
84,0.430724
84,0.430724
84,0.430724
84.6667,0.434753
84.6667,0.434753
84.6667,0.434753
84.6667,0.434753
84.6667,0.434753
84.6667,0.434753
84.6667,0.434753
84.6667,0.434753
84.6667,0.434753
84.6667,0.434753
85.3333,0.435885
85.3333,0.435885
85.3333,0.435885
85.3333,0.435885
85.3333,0.435885
85.3333,0.435885
85.3333,0.435885
85.3333,0.435885
85.3333,0.435885
85.3333,0.435885
86,0.435376
86,0.435376
86,0.435376
86,0.435376
86,0.435376
86,0.435376
86,0.435376
86,0.435376
86,0.435376
86,0.435376
86.6667,0.440227
86.6667,0.440227
86.6667,0.440227
86.6667,0.440227
86.6667,0.440227
86.6667,0.440227
86.6667,0.440227
86.6667,0.440227
86.6667,0.440227
86.6667,0.440227
87.3333,0.433444
87.3333,0.433444
87.3333,0.433444
87.3333,0.433444
87.3333,0.433444
87.3333,0.433444
87.3333,0.433444
87.3333,0.433444
87.3333,0.433444
87.3333,0.433444
88,0.432739
88,0.432739
88,0.432739
88,0.432739
88,0.432739
88,0.432739
88,0.432739
88,0.432739
88,0.432739
88,0.432739
88.6667,0.432954
88.6667,0.432954
88.6667,0.432954
88.6667,0.432954
88.6667,0.432954
88.6667,0.432954
88.6667,0.432954
88.6667,0.432954
88.6667,0.432954
88.6667,0.432954
89.3333,0.43192
89.3333,0.43192
89.3333,0.43192
89.3333,0.43192
89.3333,0.43192
89.3333,0.43192
89.3333,0.43192
89.3333,0.43192
89.3333,0.43192
89.3333,0.43192
90,0.436187
90,0.436187
90,0.436187
90,0.436187
90,0.436187
90,0.436187
90,0.436187
90,0.436187
90,0.436187
90,0.436187
90.6667,0.432731
90.6667,0.432731
90.6667,0.432731
90.6667,0.432731
90.6667,0.432731
90.6667,0.432731
90.6667,0.432731
90.6667,0.432731
90.6667,0.432731
90.6667,0.432731
91.3333,0.429537
91.3333,0.429537
91.3333,0.429537
91.3333,0.429537
91.3333,0.429537
91.3333,0.429537
91.3333,0.429537
91.3333,0.429537
91.3333,0.429537
91.3333,0.429537
92,0.423432
92,0.423432
92,0.423432
92,0.423432
92,0.423432
92,0.423432
92,0.423432
92,0.423432
92,0.423432
92,0.423432
92.6667,0.417644
92.6667,0.417644
92.6667,0.417644
92.6667,0.417644
92.6667,0.417644
92.6667,0.417644
92.6667,0.417644
92.6667,0.417644
92.6667,0.417644
92.6667,0.417644
93.3333,0.421096
93.3333,0.421096
93.3333,0.421096
93.3333,0.421096
93.3333,0.421096
93.3333,0.421096
93.3333,0.421096
93.3333,0.421096
93.3333,0.421096
93.3333,0.421096
94,0.417369
94,0.417369
94,0.417369
94,0.417369
94,0.417369
94,0.417369
94,0.417369
94,0.417369
94,0.417369
94,0.417369
94.6667,0.421386
94.6667,0.421386
94.6667,0.421386
94.6667,0.421386
94.6667,0.421386
94.6667,0.421386
94.6667,0.421386
94.6667,0.421386
94.6667,0.421386
94.6667,0.421386
95.3333,0.43016
95.3333,0.43016
95.3333,0.43016
95.3333,0.43016
95.3333,0.43016
95.3333,0.43016
95.3333,0.43016
95.3333,0.43016
95.3333,0.43016
95.3333,0.43016
96,0.439036
96,0.439036
96,0.439036
96,0.439036
96,0.439036
96,0.439036
96,0.439036
96,0.439036
96,0.439036
96,0.439036
96.6667,0.441732
96.6667,0.441732
96.6667,0.441732
96.6667,0.441732
96.6667,0.441732
96.6667,0.441732
96.6667,0.441732
96.6667,0.441732
96.6667,0.441732
96.6667,0.441732
97.3333,0.429329
97.3333,0.429329
97.3333,0.429329
97.3333,0.429329
97.3333,0.429329
97.3333,0.429329
97.3333,0.429329
97.3333,0.429329
97.3333,0.429329
97.3333,0.429329
98,0.411346
98,0.411346
98,0.411346
98,0.411346
98,0.411346
98,0.411346
98,0.411346
98,0.411346
98,0.411346
98,0.411346
98.6667,0.385173
98.6667,0.385173
98.6667,0.385173
98.6667,0.385173
98.6667,0.385173
98.6667,0.385173
98.6667,0.385173
98.6667,0.385173
98.6667,0.385173
98.6667,0.385173
99.3333,0.362762
99.3333,0.362762
99.3333,0.362762
99.3333,0.362762
99.3333,0.362762
99.3333,0.362762
99.3333,0.362762
99.3333,0.362762
99.3333,0.362762
99.3333,0.362762
100,0.350167
100,0.350167
100,0.350167
100,0.350167
100,0.350167
100,0.350167
100,0.350167
100,0.350167
100,0.350167
100,0.350167
100.667,0.335323
100.667,0.335323
100.667,0.335323
100.667,0.335323
100.667,0.335323
100.667,0.335323
100.667,0.335323
100.667,0.335323
100.667,0.335323
100.667,0.335323
101.333,0.320047
101.333,0.320047
101.333,0.320047
101.333,0.320047
101.333,0.320047
101.333,0.320047
101.333,0.320047
101.333,0.320047
101.333,0.320047
101.333,0.320047
102,0.302821
102,0.302821
102,0.302821
102,0.302821
102,0.302821
102,0.302821
102,0.302821
102,0.302821
102,0.302821
102,0.302821
102.667,0.289411
102.667,0.289411
102.667,0.289411
102.667,0.289411
102.667,0.289411
102.667,0.289411
102.667,0.289411
102.667,0.289411
102.667,0.289411
102.667,0.289411
103.333,0.289842
103.333,0.289842
103.333,0.289842
103.333,0.289842
103.333,0.289842
103.333,0.289842
103.333,0.289842
103.333,0.289842
103.333,0.289842
103.333,0.289842
104,0.307664
104,0.307664
104,0.307664
104,0.307664
104,0.307664
104,0.307664
104,0.307664
104,0.307664
104,0.307664
104,0.307664
104.667,0.310701
104.667,0.310701
104.667,0.310701
104.667,0.310701
104.667,0.310701
104.667,0.310701
104.667,0.310701
104.667,0.310701
104.667,0.310701
104.667,0.310701
105.333,0.335805
105.333,0.335805
105.333,0.335805
105.333,0.335805
105.333,0.335805
105.333,0.335805
105.333,0.335805
105.333,0.335805
105.333,0.335805
105.333,0.335805
106,0.325428
106,0.325428
106,0.325428
106,0.325428
106,0.325428
106,0.325428
106,0.325428
106,0.325428
106,0.325428
106,0.325428
106.667,0.339876
106.667,0.339876
106.667,0.339876
106.667,0.339876
106.667,0.339876
106.667,0.339876
106.667,0.339876
106.667,0.339876
106.667,0.339876
106.667,0.339876
107.333,0.364705
107.333,0.364705
107.333,0.364705
107.333,0.364705
107.333,0.364705
107.333,0.364705
107.333,0.364705
107.333,0.364705
107.333,0.364705
107.333,0.364705
108,0.344026
108,0.344026
108,0.344026
108,0.344026
108,0.344026
108,0.344026
108,0.344026
108,0.344026
108,0.344026
108,0.344026
108.667,0.366935
108.667,0.366935
108.667,0.366935
108.667,0.366935
108.667,0.366935
108.667,0.366935
108.667,0.366935
108.667,0.366935
108.667,0.366935
108.667,0.366935
109.333,0.374624
109.333,0.374624
109.333,0.374624
109.333,0.374624
109.333,0.374624
109.333,0.374624
109.333,0.374624
109.333,0.374624
109.333,0.374624
109.333,0.374624
110,0.373084
110,0.373084
110,0.373084
110,0.373084
110,0.373084
110,0.373084
110,0.373084
110,0.373084
110,0.373084
110,0.373084
110.667,0.361802
110.667,0.361802
110.667,0.361802
110.667,0.361802
110.667,0.361802
110.667,0.361802
110.667,0.361802
110.667,0.361802
110.667,0.361802
110.667,0.361802
111.333,0.34809
111.333,0.34809
111.333,0.34809
111.333,0.34809
111.333,0.34809
111.333,0.34809
111.333,0.34809
111.333,0.34809
111.333,0.34809
111.333,0.34809
112,0.34028
112,0.34028
112,0.34028
112,0.34028
112,0.34028
112,0.34028
112,0.34028
112,0.34028
112,0.34028
112,0.34028
112.667,0.349712
112.667,0.349712
112.667,0.349712
112.667,0.349712
112.667,0.349712
112.667,0.349712
112.667,0.349712
112.667,0.349712
112.667,0.349712
112.667,0.349712
113.333,0.373323
113.333,0.373323
113.333,0.373323
113.333,0.373323
113.333,0.373323
113.333,0.373323
113.333,0.373323
113.333,0.373323
113.333,0.373323
113.333,0.373323
114,0.337725
114,0.337725
114,0.337725
114,0.337725
114,0.337725
114,0.337725
114,0.337725
114,0.337725
114,0.337725
114,0.337725
114.667,0.310983
114.667,0.310983
114.667,0.310983
114.667,0.310983
114.667,0.310983
114.667,0.310983
114.667,0.310983
114.667,0.310983
114.667,0.310983
114.667,0.310983
115.333,0.268273
115.333,0.268273
115.333,0.268273
115.333,0.268273
115.333,0.268273
115.333,0.268273
115.333,0.268273
115.333,0.268273
115.333,0.268273
115.333,0.268273
116,0.247856
116,0.247856
116,0.247856
116,0.247856
116,0.247856
116,0.247856
116,0.247856
116,0.247856
116,0.247856
116,0.247856
116.667,0.210558
116.667,0.210558
116.667,0.210558
116.667,0.210558
116.667,0.210558
116.667,0.210558
116.667,0.210558
116.667,0.210558
116.667,0.210558
116.667,0.210558
117.333,0.202148
117.333,0.202148
117.333,0.202148
117.333,0.202148
117.333,0.202148
117.333,0.202148
117.333,0.202148
117.333,0.202148
117.333,0.202148
117.333,0.202148
118,0.224215
118,0.224215
118,0.224215
118,0.224215
118,0.224215
118,0.224215
118,0.224215
118,0.224215
118,0.224215
118,0.224215
118.667,0.20687
118.667,0.20687
118.667,0.20687
118.667,0.20687
118.667,0.20687
118.667,0.20687
118.667,0.20687
118.667,0.20687
118.667,0.20687
118.667,0.20687
119.333,0.179862
119.333,0.179862
119.333,0.179862
119.333,0.179862
119.333,0.179862
119.333,0.179862
119.333,0.179862
119.333,0.179862
119.333,0.179862
119.333,0.179862
120,0.180752
120,0.180752
120,0.180752
120,0.180752
120,0.180752
120,0.180752
120,0.180752
120,0.180752
120,0.180752
120,0.180752
120.667,0.198179
120.667,0.198179
120.667,0.198179
120.667,0.198179
120.667,0.198179
120.667,0.198179
120.667,0.198179
120.667,0.198179
120.667,0.198179
120.667,0.198179
121.333,0.190647
121.333,0.190647
121.333,0.190647
121.333,0.190647
121.333,0.190647
121.333,0.190647
121.333,0.190647
121.333,0.190647
121.333,0.190647
121.333,0.190647
122,0.214175
122,0.214175
122,0.214175
122,0.214175
122,0.214175
122,0.214175
122,0.214175
122,0.214175
122,0.214175
122,0.214175
122.667,0.185678
122.667,0.185678
122.667,0.185678
122.667,0.185678
122.667,0.185678
122.667,0.185678
122.667,0.185678
122.667,0.185678
122.667,0.185678
122.667,0.185678
123.333,0.129283
123.333,0.129283
123.333,0.129283
123.333,0.129283
123.333,0.129283
123.333,0.129283
123.333,0.129283
123.333,0.129283
123.333,0.129283
123.333,0.129283
124,0.123546
124,0.123546
124,0.123546
124,0.123546
124,0.123546
124,0.123546
124,0.123546
124,0.123546
124,0.123546
124,0.123546
124.667,0.161143
124.667,0.161143
124.667,0.161143
124.667,0.161143
124.667,0.161143
124.667,0.161143
124.667,0.161143
124.667,0.161143
124.667,0.161143
124.667,0.161143
125.333,0.171265
125.333,0.171265
125.333,0.171265
125.333,0.171265
125.333,0.171265
125.333,0.171265
125.333,0.171265
125.333,0.171265
125.333,0.171265
125.333,0.171265
126,0.197845
126,0.197845
126,0.197845
126,0.197845
126,0.197845
126,0.197845
126,0.197845
126,0.197845
126,0.197845
126,0.197845
126.667,0.204339
126.667,0.204339
126.667,0.204339
126.667,0.204339
126.667,0.204339
126.667,0.204339
126.667,0.204339
126.667,0.204339
126.667,0.204339
126.667,0.204339
127.333,0.194793
127.333,0.194793
127.333,0.194793
127.333,0.194793
127.333,0.194793
127.333,0.194793
127.333,0.194793
127.333,0.194793
127.333,0.194793
127.333,0.194793
128,0.157239
128,0.157239
128,0.157239
128,0.157239
128,0.157239
128,0.157239
128,0.157239
128,0.157239
128,0.157239
128,0.157239
128.667,0.122657
128.667,0.122657
128.667,0.122657
128.667,0.122657
128.667,0.122657
128.667,0.122657
128.667,0.122657
128.667,0.122657
128.667,0.122657
128.667,0.122657
129.333,0.106844
129.333,0.106844
129.333,0.106844
129.333,0.106844
129.333,0.106844
129.333,0.106844
129.333,0.106844
129.333,0.106844
129.333,0.106844
129.333,0.106844
130,0.0609952
130,0.0609952
130,0.0609952
130,0.0609952
130,0.0609952
130,0.0609952
130,0.0609952
130,0.0609952
130,0.0609952
130,0.0609952
130.667,0.0294454
130.667,0.0294454
130.667,0.0294454
130.667,0.0294454
130.667,0.0294454
130.667,0.0294454
130.667,0.0294454
130.667,0.0294454
130.667,0.0294454
130.667,0.0294454
131.333,0.00199464
131.333,0.00199464
131.333,0.00199464
131.333,0.00199464
131.333,0.00199464
131.333,0.00199464
131.333,0.00199464
131.333,0.00199464
131.333,0.00199464
131.333,0.00199464
132,0.0011717
132,0.0011717
132,0.0011717
132,0.0011717
132,0.0011717
132,0.0011717
132,0.0011717
132,0.0011717
132,0.0011717
132,0.0011717
132.667,0.00116387
132.667,0.00116387
132.667,0.00116387
132.667,0.00116387
132.667,0.00116387
132.667,0.00116387
132.667,0.00116387
132.667,0.00116387
132.667,0.00116387
132.667,0.00116387
133.333,0.00447912
133.333,0.00447912
133.333,0.00447912
133.333,0.00447912
133.333,0.00447912
133.333,0.00447912
133.333,0.00447912
133.333,0.00447912
133.333,0.00447912
133.333,0.00447912
134,0.113616
134,0.113616
134,0.113616
134,0.113616
134,0.113616
134,0.113616
134,0.113616
134,0.113616
134,0.113616
134,0.113616
134.667,0.209257
134.667,0.209257
134.667,0.209257
134.667,0.209257
134.667,0.209257
134.667,0.209257
134.667,0.209257
134.667,0.209257
134.667,0.209257
134.667,0.209257
135.333,0.208967
135.333,0.208967
135.333,0.208967
135.333,0.208967
135.333,0.208967
135.333,0.208967
135.333,0.208967
135.333,0.208967
135.333,0.208967
135.333,0.208967
136,0.135244
136,0.135244
136,0.135244
136,0.135244
136,0.135244
136,0.135244
136,0.135244
136,0.135244
136,0.135244
136,0.135244
136.667,0.060956
136.667,0.060956
136.667,0.060956
136.667,0.060956
136.667,0.060956
136.667,0.060956
136.667,0.060956
136.667,0.060956
136.667,0.060956
136.667,0.060956
137.333,0.0336777
137.333,0.0336777
137.333,0.0336777
137.333,0.0336777
137.333,0.0336777
137.333,0.0336777
137.333,0.0336777
137.333,0.0336777
137.333,0.0336777
137.333,0.0336777
138,0.0226621
138,0.0226621
138,0.0226621
138,0.0226621
138,0.0226621
138,0.0226621
138,0.0226621
138,0.0226621
138,0.0226621
138,0.0226621
138.667,0.00561947
138.667,0.00561947
138.667,0.00561947
138.667,0.00561947
138.667,0.00561947
138.667,0.00561947
138.667,0.00561947
138.667,0.00561947
138.667,0.00561947
138.667,0.00561947
139.333,0.00457317
139.333,0.00457317
139.333,0.00457317
139.333,0.00457317
139.333,0.00457317
139.333,0.00457317
139.333,0.00457317
139.333,0.00457317
139.333,0.00457317
139.333,0.00457317
140,0.00608972
140,0.00608972
140,0.00608972
140,0.00608972
140,0.00608972
140,0.00608972
140,0.00608972
140,0.00608972
140,0.00608972
140,0.00608972
140.667,0.0308091
140.667,0.0308091
140.667,0.0308091
140.667,0.0308091
140.667,0.0308091
140.667,0.0308091
140.667,0.0308091
140.667,0.0308091
140.667,0.0308091
140.667,0.0308091
141.333,0.0726574
141.333,0.0726574
141.333,0.0726574
141.333,0.0726574
141.333,0.0726574
141.333,0.0726574
141.333,0.0726574
141.333,0.0726574
141.333,0.0726574
141.333,0.0726574
142,0.153352
142,0.153352
142,0.153352
142,0.153352
142,0.153352
142,0.153352
142,0.153352
142,0.153352
142,0.153352
142,0.153352
142.667,0.184224
142.667,0.184224
142.667,0.184224
142.667,0.184224
142.667,0.184224
142.667,0.184224
142.667,0.184224
142.667,0.184224
142.667,0.184224
142.667,0.184224
143.333,0.192779
143.333,0.192779
143.333,0.192779
143.333,0.192779
143.333,0.192779
143.333,0.192779
143.333,0.192779
143.333,0.192779
143.333,0.192779
143.333,0.192779
144,0.206541
144,0.206541
144,0.206541
144,0.206541
144,0.206541
144,0.206541
144,0.206541
144,0.206541
144,0.206541
144,0.206541
144.667,0.165786
144.667,0.165786
144.667,0.165786
144.667,0.165786
144.667,0.165786
144.667,0.165786
144.667,0.165786
144.667,0.165786
144.667,0.165786
144.667,0.165786
145.333,0.10001
145.333,0.10001
145.333,0.10001
145.333,0.10001
145.333,0.10001
145.333,0.10001
145.333,0.10001
145.333,0.10001
145.333,0.10001
145.333,0.10001
146,0.0330467
146,0.0330467
146,0.0330467
146,0.0330467
146,0.0330467
146,0.0330467
146,0.0330467
146,0.0330467
146,0.0330467
146,0.0330467
146.667,0.00923255
146.667,0.00923255
146.667,0.00923255
146.667,0.00923255
146.667,0.00923255
146.667,0.00923255
146.667,0.00923255
146.667,0.00923255
146.667,0.00923255
146.667,0.00923255
147.333,0.00101104
147.333,0.00101104
147.333,0.00101104
147.333,0.00101104
147.333,0.00101104
147.333,0.00101104
147.333,0.00101104
147.333,0.00101104
147.333,0.00101104
147.333,0.00101104
148,0.00135588
148,0.00135588
148,0.00135588
148,0.00135588
148,0.00135588
148,0.00135588
148,0.00135588
148,0.00135588
148,0.00135588
148,0.00135588
148.667,0.00153615
148.667,0.00153615
148.667,0.00153615
148.667,0.00153615
148.667,0.00153615
148.667,0.00153615
148.667,0.00153615
148.667,0.00153615
148.667,0.00153615
148.667,0.00153615
149.333,0.00182221
149.333,0.00182221
149.333,0.00182221
149.333,0.00182221
149.333,0.00182221
149.333,0.00182221
149.333,0.00182221
149.333,0.00182221
149.333,0.00182221
149.333,0.00182221
150,0.00149696
150,0.00149696
150,0.00149696
150,0.00149696
150,0.00149696
150,0.00149696
150,0.00149696
150,0.00149696
150,0.00149696
150,0.00149696
150.667,0.00188883
150.667,0.00188883
150.667,0.00188883
150.667,0.00188883
150.667,0.00188883
150.667,0.00188883
150.667,0.00188883
150.667,0.00188883
150.667,0.00188883
150.667,0.00188883
151.333,0.0300881
151.333,0.0300881
151.333,0.0300881
151.333,0.0300881
151.333,0.0300881
151.333,0.0300881
151.333,0.0300881
151.333,0.0300881
151.333,0.0300881
151.333,0.0300881
152,0.0582874
152,0.0582874
152,0.0582874
152,0.0582874
152,0.0582874
152,0.0582874
152,0.0582874
152,0.0582874
152,0.0582874
152,0.0582874
152.667,0.0655566
152.667,0.0655566
152.667,0.0655566
152.667,0.0655566
152.667,0.0655566
152.667,0.0655566
152.667,0.0655566
152.667,0.0655566
152.667,0.0655566
152.667,0.0655566
153.333,0.0699926
153.333,0.0699926
153.333,0.0699926
153.333,0.0699926
153.333,0.0699926
153.333,0.0699926
153.333,0.0699926
153.333,0.0699926
153.333,0.0699926
153.333,0.0699926
154,0.0442347
154,0.0442347
154,0.0442347
154,0.0442347
154,0.0442347
154,0.0442347
154,0.0442347
154,0.0442347
154,0.0442347
154,0.0442347
154.667,0.0318476
154.667,0.0318476
154.667,0.0318476
154.667,0.0318476
154.667,0.0318476
154.667,0.0318476
154.667,0.0318476
154.667,0.0318476
154.667,0.0318476
154.667,0.0318476
155.333,0.0219371
155.333,0.0219371
155.333,0.0219371
155.333,0.0219371
155.333,0.0219371
155.333,0.0219371
155.333,0.0219371
155.333,0.0219371
155.333,0.0219371
155.333,0.0219371
156,0.013167
156,0.013167
156,0.013167
156,0.013167
156,0.013167
156,0.013167
156,0.013167
156,0.013167
156,0.013167
156,0.013167
156.667,0.00619945
156.667,0.00619945
156.667,0.00619945
156.667,0.00619945
156.667,0.00619945
156.667,0.00619945
156.667,0.00619945
156.667,0.00619945
156.667,0.00619945
156.667,0.00619945
157.333,0.00586244
157.333,0.00586244
157.333,0.00586244
157.333,0.00586244
157.333,0.00586244
157.333,0.00586244
157.333,0.00586244
157.333,0.00586244
157.333,0.00586244
157.333,0.00586244
158,0.00652862
158,0.00652862
158,0.00652862
158,0.00652862
158,0.00652862
158,0.00652862
158,0.00652862
158,0.00652862
158,0.00652862
158,0.00652862
158.667,0.00503558
158.667,0.00503558
158.667,0.00503558
158.667,0.00503558
158.667,0.00503558
158.667,0.00503558
158.667,0.00503558
158.667,0.00503558
158.667,0.00503558
158.667,0.00503558
159.333,0.0591495
159.333,0.0591495
159.333,0.0591495
159.333,0.0591495
159.333,0.0591495
159.333,0.0591495
159.333,0.0591495
159.333,0.0591495
159.333,0.0591495
159.333,0.0591495
160,0.0649766
160,0.0649766
160,0.0649766
160,0.0649766
160,0.0649766
160,0.0649766
160,0.0649766
160,0.0649766
160,0.0649766
160,0.0649766
160.667,0.0626724
160.667,0.0626724
160.667,0.0626724
160.667,0.0626724
160.667,0.0626724
160.667,0.0626724
160.667,0.0626724
160.667,0.0626724
160.667,0.0626724
160.667,0.0626724
161.333,0.0196995
161.333,0.0196995
161.333,0.0196995
161.333,0.0196995
161.333,0.0196995
161.333,0.0196995
161.333,0.0196995
161.333,0.0196995
161.333,0.0196995
161.333,0.0196995
162,0.0014225
162,0.0014225
162,0.0014225
162,0.0014225
162,0.0014225
162,0.0014225
162,0.0014225
162,0.0014225
162,0.0014225
162,0.0014225
162.667,0.0404453
162.667,0.0404453
162.667,0.0404453
162.667,0.0404453
162.667,0.0404453
162.667,0.0404453
162.667,0.0404453
162.667,0.0404453
162.667,0.0404453
162.667,0.0404453
163.333,0.0474755
163.333,0.0474755
163.333,0.0474755
163.333,0.0474755
163.333,0.0474755
163.333,0.0474755
163.333,0.0474755
163.333,0.0474755
163.333,0.0474755
163.333,0.0474755
164,0.0413976
164,0.0413976
164,0.0413976
164,0.0413976
164,0.0413976
164,0.0413976
164,0.0413976
164,0.0413976
164,0.0413976
164,0.0413976
164.667,0.0093462
164.667,0.0093462
164.667,0.0093462
164.667,0.0093462
164.667,0.0093462
164.667,0.0093462
164.667,0.0093462
164.667,0.0093462
164.667,0.0093462
164.667,0.0093462
165.333,0.00622688
165.333,0.00622688
165.333,0.00622688
165.333,0.00622688
165.333,0.00622688
165.333,0.00622688
165.333,0.00622688
165.333,0.00622688
165.333,0.00622688
165.333,0.00622688
166,0.0092639
166,0.0092639
166,0.0092639
166,0.0092639
166,0.0092639
166,0.0092639
166,0.0092639
166,0.0092639
166,0.0092639
166,0.0092639
166.667,0.0110861
166.667,0.0110861
166.667,0.0110861
166.667,0.0110861
166.667,0.0110861
166.667,0.0110861
166.667,0.0110861
166.667,0.0110861
166.667,0.0110861
166.667,0.0110861
167.333,0.02961
167.333,0.02961
167.333,0.02961
167.333,0.02961
167.333,0.02961
167.333,0.02961
167.333,0.02961
167.333,0.02961
167.333,0.02961
167.333,0.02961
168,0.0592279
168,0.0592279
168,0.0592279
168,0.0592279
168,0.0592279
168,0.0592279
168,0.0592279
168,0.0592279
168,0.0592279
168,0.0592279
168.667,0.0677864
168.667,0.0677864
168.667,0.0677864
168.667,0.0677864
168.667,0.0677864
168.667,0.0677864
168.667,0.0677864
168.667,0.0677864
168.667,0.0677864
168.667,0.0677864
169.333,0.0719442
169.333,0.0719442
169.333,0.0719442
169.333,0.0719442
169.333,0.0719442
169.333,0.0719442
169.333,0.0719442
169.333,0.0719442
169.333,0.0719442
169.333,0.0719442
170,0.0543608
170,0.0543608
170,0.0543608
170,0.0543608
170,0.0543608
170,0.0543608
170,0.0543608
170,0.0543608
170,0.0543608
170,0.0543608
170.667,0.0111371
170.667,0.0111371
170.667,0.0111371
170.667,0.0111371
170.667,0.0111371
170.667,0.0111371
170.667,0.0111371
170.667,0.0111371
170.667,0.0111371
170.667,0.0111371
171.333,0.00253934
171.333,0.00253934
171.333,0.00253934
171.333,0.00253934
171.333,0.00253934
171.333,0.00253934
171.333,0.00253934
171.333,0.00253934
171.333,0.00253934
171.333,0.00253934
172,0.00184573
172,0.00184573
172,0.00184573
172,0.00184573
172,0.00184573
172,0.00184573
172,0.00184573
172,0.00184573
172,0.00184573
172,0.00184573
172.667,0.00194761
172.667,0.00194761
172.667,0.00194761
172.667,0.00194761
172.667,0.00194761
172.667,0.00194761
172.667,0.00194761
172.667,0.00194761
172.667,0.00194761
172.667,0.00194761
173.333,0.00174776
173.333,0.00174776
173.333,0.00174776
173.333,0.00174776
173.333,0.00174776
173.333,0.00174776
173.333,0.00174776
173.333,0.00174776
173.333,0.00174776
173.333,0.00174776
174,0.00233557
174,0.00233557
174,0.00233557
174,0.00233557
174,0.00233557
174,0.00233557
174,0.00233557
174,0.00233557
174,0.00233557
174,0.00233557
174.667,0.00187708
174.667,0.00187708
174.667,0.00187708
174.667,0.00187708
174.667,0.00187708
174.667,0.00187708
174.667,0.00187708
174.667,0.00187708
174.667,0.00187708
174.667,0.00187708
175.333,0.0346691
175.333,0.0346691
175.333,0.0346691
175.333,0.0346691
175.333,0.0346691
175.333,0.0346691
175.333,0.0346691
175.333,0.0346691
175.333,0.0346691
175.333,0.0346691
176,0.0717404
176,0.0717404
176,0.0717404
176,0.0717404
176,0.0717404
176,0.0717404
176,0.0717404
176,0.0717404
176,0.0717404
176,0.0717404
176.667,0.138002
176.667,0.138002
176.667,0.138002
176.667,0.138002
176.667,0.138002
176.667,0.138002
176.667,0.138002
176.667,0.138002
176.667,0.138002
176.667,0.138002
177.333,0.142842
177.333,0.142842
177.333,0.142842
177.333,0.142842
177.333,0.142842
177.333,0.142842
177.333,0.142842
177.333,0.142842
177.333,0.142842
177.333,0.142842
178,0.120023
178,0.120023
178,0.120023
178,0.120023
178,0.120023
178,0.120023
178,0.120023
178,0.120023
178,0.120023
178,0.120023
178.667,0.111774
178.667,0.111774
178.667,0.111774
178.667,0.111774
178.667,0.111774
178.667,0.111774
178.667,0.111774
178.667,0.111774
178.667,0.111774
178.667,0.111774
179.333,0.0826149
179.333,0.0826149
179.333,0.0826149
179.333,0.0826149
179.333,0.0826149
179.333,0.0826149
179.333,0.0826149
179.333,0.0826149
179.333,0.0826149
179.333,0.0826149
180,0.0376003
180,0.0376003
180,0.0376003
180,0.0376003
180,0.0376003
180,0.0376003
180,0.0376003
180,0.0376003
180,0.0376003
180,0.0376003
180.667,0.0348494
180.667,0.0348494
180.667,0.0348494
180.667,0.0348494
180.667,0.0348494
180.667,0.0348494
180.667,0.0348494
180.667,0.0348494
180.667,0.0348494
180.667,0.0348494
181.333,0.0362405
181.333,0.0362405
181.333,0.0362405
181.333,0.0362405
181.333,0.0362405
181.333,0.0362405
181.333,0.0362405
181.333,0.0362405
181.333,0.0362405
181.333,0.0362405
182,0.0549251
182,0.0549251
182,0.0549251
182,0.0549251
182,0.0549251
182,0.0549251
182,0.0549251
182,0.0549251
182,0.0549251
182,0.0549251
182.667,0.0785277
182.667,0.0785277
182.667,0.0785277
182.667,0.0785277
182.667,0.0785277
182.667,0.0785277
182.667,0.0785277
182.667,0.0785277
182.667,0.0785277
182.667,0.0785277
183.333,0.0876701
183.333,0.0876701
183.333,0.0876701
183.333,0.0876701
183.333,0.0876701
183.333,0.0876701
183.333,0.0876701
183.333,0.0876701
183.333,0.0876701
183.333,0.0876701
184,0.0918514
184,0.0918514
184,0.0918514
184,0.0918514
184,0.0918514
184,0.0918514
184,0.0918514
184,0.0918514
184,0.0918514
184,0.0918514
184.667,0.0944417
184.667,0.0944417
184.667,0.0944417
184.667,0.0944417
184.667,0.0944417
184.667,0.0944417
184.667,0.0944417
184.667,0.0944417
184.667,0.0944417
184.667,0.0944417
185.333,0.0969771
185.333,0.0969771
185.333,0.0969771
185.333,0.0969771
185.333,0.0969771
185.333,0.0969771
185.333,0.0969771
185.333,0.0969771
185.333,0.0969771
185.333,0.0969771
186,0.0968909
186,0.0968909
186,0.0968909
186,0.0968909
186,0.0968909
186,0.0968909
186,0.0968909
186,0.0968909
186,0.0968909
186,0.0968909
186.667,0.0981801
186.667,0.0981801
186.667,0.0981801
186.667,0.0981801
186.667,0.0981801
186.667,0.0981801
186.667,0.0981801
186.667,0.0981801
186.667,0.0981801
186.667,0.0981801
187.333,0.0987052
187.333,0.0987052
187.333,0.0987052
187.333,0.0987052
187.333,0.0987052
187.333,0.0987052
187.333,0.0987052
187.333,0.0987052
187.333,0.0987052
187.333,0.0987052
188,0.099536
188,0.099536
188,0.099536
188,0.099536
188,0.099536
188,0.099536
188,0.099536
188,0.099536
188,0.099536
188,0.099536
188.667,0.0998182
188.667,0.0998182
188.667,0.0998182
188.667,0.0998182
188.667,0.0998182
188.667,0.0998182
188.667,0.0998182
188.667,0.0998182
188.667,0.0998182
188.667,0.0998182
189.333,0.101695
189.333,0.101695
189.333,0.101695
189.333,0.101695
189.333,0.101695
189.333,0.101695
189.333,0.101695
189.333,0.101695
189.333,0.101695
189.333,0.101695
190,0.102573
190,0.102573
190,0.102573
190,0.102573
190,0.102573
190,0.102573
190,0.102573
190,0.102573
190,0.102573
190,0.102573
190.667,0.100853
190.667,0.100853
190.667,0.100853
190.667,0.100853
190.667,0.100853
190.667,0.100853
190.667,0.100853
190.667,0.100853
190.667,0.100853
190.667,0.100853
191.333,0.103851
191.333,0.103851
191.333,0.103851
191.333,0.103851
191.333,0.103851
191.333,0.103851
191.333,0.103851
191.333,0.103851
191.333,0.103851
191.333,0.103851
192,0.106821
192,0.106821
192,0.106821
192,0.106821
192,0.106821
192,0.106821
192,0.106821
192,0.106821
192,0.106821
192,0.106821
192.667,0.110414
192.667,0.110414
192.667,0.110414
192.667,0.110414
192.667,0.110414
192.667,0.110414
192.667,0.110414
192.667,0.110414
192.667,0.110414
192.667,0.110414
193.333,0.10686
193.333,0.10686
193.333,0.10686
193.333,0.10686
193.333,0.10686
193.333,0.10686
193.333,0.10686
193.333,0.10686
193.333,0.10686
193.333,0.10686
194,0.106715
194,0.106715
194,0.106715
194,0.106715
194,0.106715
194,0.106715
194,0.106715
194,0.106715
194,0.106715
194,0.106715
194.667,0.104689
194.667,0.104689
194.667,0.104689
194.667,0.104689
194.667,0.104689
194.667,0.104689
194.667,0.104689
194.667,0.104689
194.667,0.104689
194.667,0.104689
195.333,0.109121
195.333,0.109121
195.333,0.109121
195.333,0.109121
195.333,0.109121
195.333,0.109121
195.333,0.109121
195.333,0.109121
195.333,0.109121
195.333,0.109121
196,0.111955
196,0.111955
196,0.111955
196,0.111955
196,0.111955
196,0.111955
196,0.111955
196,0.111955
196,0.111955
196,0.111955
196.667,0.131975
196.667,0.131975
196.667,0.131975
196.667,0.131975
196.667,0.131975
196.667,0.131975
196.667,0.131975
196.667,0.131975
196.667,0.131975
196.667,0.131975
197.333,0.146835
197.333,0.146835
197.333,0.146835
197.333,0.146835
197.333,0.146835
197.333,0.146835
197.333,0.146835
197.333,0.146835
197.333,0.146835
197.333,0.146835
198,0.169297
198,0.169297
198,0.169297
198,0.169297
198,0.169297
198,0.169297
198,0.169297
198,0.169297
198,0.169297
198,0.169297
198.667,0.18578
198.667,0.18578
198.667,0.18578
198.667,0.18578
198.667,0.18578
198.667,0.18578
198.667,0.18578
198.667,0.18578
198.667,0.18578
198.667,0.18578
199.333,0.217431
199.333,0.217431
199.333,0.217431
199.333,0.217431
199.333,0.217431
199.333,0.217431
199.333,0.217431
199.333,0.217431
199.333,0.217431
199.333,0.217431
200,0.271553
200,0.271553
200,0.271553
200,0.271553
200,0.271553
200,0.271553
200,0.271553
200,0.271553
200,0.271553
200,0.271553
200.667,0.29264
200.667,0.29264
200.667,0.29264
200.667,0.29264
200.667,0.29264
200.667,0.29264
200.667,0.29264
200.667,0.29264
200.667,0.29264
200.667,0.29264
201.333,0.316744
201.333,0.316744
201.333,0.316744
201.333,0.316744
201.333,0.316744
201.333,0.316744
201.333,0.316744
201.333,0.316744
201.333,0.316744
201.333,0.316744
202,0.317786
202,0.317786
202,0.317786
202,0.317786
202,0.317786
202,0.317786
202,0.317786
202,0.317786
202,0.317786
202,0.317786
202.667,0.31172
202.667,0.31172
202.667,0.31172
202.667,0.31172
202.667,0.31172
202.667,0.31172
202.667,0.31172
202.667,0.31172
202.667,0.31172
202.667,0.31172
203.333,0.313656
203.333,0.313656
203.333,0.313656
203.333,0.313656
203.333,0.313656
203.333,0.313656
203.333,0.313656
203.333,0.313656
203.333,0.313656
203.333,0.313656
204,0.322352
204,0.322352
204,0.322352
204,0.322352
204,0.322352
204,0.322352
204,0.322352
204,0.322352
204,0.322352
204,0.322352
204.667,0.348623
204.667,0.348623
204.667,0.348623
204.667,0.348623
204.667,0.348623
204.667,0.348623
204.667,0.348623
204.667,0.348623
204.667,0.348623
204.667,0.348623
205.333,0.355351
205.333,0.355351
205.333,0.355351
205.333,0.355351
205.333,0.355351
205.333,0.355351
205.333,0.355351
205.333,0.355351
205.333,0.355351
205.333,0.355351
206,0.361092
206,0.361092
206,0.361092
206,0.361092
206,0.361092
206,0.361092
206,0.361092
206,0.361092
206,0.361092
206,0.361092
206.667,0.368812
206.667,0.368812
206.667,0.368812
206.667,0.368812
206.667,0.368812
206.667,0.368812
206.667,0.368812
206.667,0.368812
206.667,0.368812
206.667,0.368812
207.333,0.354301
207.333,0.354301
207.333,0.354301
207.333,0.354301
207.333,0.354301
207.333,0.354301
207.333,0.354301
207.333,0.354301
207.333,0.354301
207.333,0.354301
208,0.348302
208,0.348302
208,0.348302
208,0.348302
208,0.348302
208,0.348302
208,0.348302
208,0.348302
208,0.348302
208,0.348302
208.667,0.351625
208.667,0.351625
208.667,0.351625
208.667,0.351625
208.667,0.351625
208.667,0.351625
208.667,0.351625
208.667,0.351625
208.667,0.351625
208.667,0.351625
209.333,0.355108
209.333,0.355108
209.333,0.355108
209.333,0.355108
209.333,0.355108
209.333,0.355108
209.333,0.355108
209.333,0.355108
209.333,0.355108
209.333,0.355108
210,0.364553
210,0.364553
210,0.364553
210,0.364553
210,0.364553
210,0.364553
210,0.364553
210,0.364553
210,0.364553
210,0.364553
210.667,0.368275
210.667,0.368275
210.667,0.368275
210.667,0.368275
210.667,0.368275
210.667,0.368275
210.667,0.368275
210.667,0.368275
210.667,0.368275
210.667,0.368275
211.333,0.370086
211.333,0.370086
211.333,0.370086
211.333,0.370086
211.333,0.370086
211.333,0.370086
211.333,0.370086
211.333,0.370086
211.333,0.370086
211.333,0.370086
212,0.376991
212,0.376991
212,0.376991
212,0.376991
212,0.376991
212,0.376991
212,0.376991
212,0.376991
212,0.376991
212,0.376991
212.667,0.385957
212.667,0.385957
212.667,0.385957
212.667,0.385957
212.667,0.385957
212.667,0.385957
212.667,0.385957
212.667,0.385957
212.667,0.385957
212.667,0.385957
213.333,0.401953
213.333,0.401953
213.333,0.401953
213.333,0.401953
213.333,0.401953
213.333,0.401953
213.333,0.401953
213.333,0.401953
213.333,0.401953
213.333,0.401953
214,0.407827
214,0.407827
214,0.407827
214,0.407827
214,0.407827
214,0.407827
214,0.407827
214,0.407827
214,0.407827
214,0.407827
214.667,0.411511
214.667,0.411511
214.667,0.411511
214.667,0.411511
214.667,0.411511
214.667,0.411511
214.667,0.411511
214.667,0.411511
214.667,0.411511
214.667,0.411511
215.333,0.416225
215.333,0.416225
215.333,0.416225
215.333,0.416225
215.333,0.416225
215.333,0.416225
215.333,0.416225
215.333,0.416225
215.333,0.416225
215.333,0.416225
216,0.413459
216,0.413459
216,0.413459
216,0.413459
216,0.413459
216,0.413459
216,0.413459
216,0.413459
216,0.413459
216,0.413459
216.667,0.413905
216.667,0.413905
216.667,0.413905
216.667,0.413905
216.667,0.413905
216.667,0.413905
216.667,0.413905
216.667,0.413905
216.667,0.413905
216.667,0.413905
217.333,0.412737
217.333,0.412737
217.333,0.412737
217.333,0.412737
217.333,0.412737
217.333,0.412737
217.333,0.412737
217.333,0.412737
217.333,0.412737
217.333,0.412737
218,0.417569
218,0.417569
218,0.417569
218,0.417569
218,0.417569
218,0.417569
218,0.417569
218,0.417569
218,0.417569
218,0.417569
218.667,0.419764
218.667,0.419764
218.667,0.419764
218.667,0.419764
218.667,0.419764
218.667,0.419764
218.667,0.419764
218.667,0.419764
218.667,0.419764
218.667,0.419764
219.333,0.407819
219.333,0.407819
219.333,0.407819
219.333,0.407819
219.333,0.407819
219.333,0.407819
219.333,0.407819
219.333,0.407819
219.333,0.407819
219.333,0.407819
220,0.408748
220,0.408748
220,0.408748
220,0.408748
220,0.408748
220,0.408748
220,0.408748
220,0.408748
220,0.408748
220,0.408748
220.667,0.400546
220.667,0.400546
220.667,0.400546
220.667,0.400546
220.667,0.400546
220.667,0.400546
220.667,0.400546
220.667,0.400546
220.667,0.400546
220.667,0.400546
221.333,0.400413
221.333,0.400413
221.333,0.400413
221.333,0.400413
221.333,0.400413
221.333,0.400413
221.333,0.400413
221.333,0.400413
221.333,0.400413
221.333,0.400413
222,0.4028
222,0.4028
222,0.4028
222,0.4028
222,0.4028
222,0.4028
222,0.4028
222,0.4028
222,0.4028
222,0.4028
222.667,0.404226
222.667,0.404226
222.667,0.404226
222.667,0.404226
222.667,0.404226
222.667,0.404226
222.667,0.404226
222.667,0.404226
222.667,0.404226
222.667,0.404226
223.333,0.403019
223.333,0.403019
223.333,0.403019
223.333,0.403019
223.333,0.403019
223.333,0.403019
223.333,0.403019
223.333,0.403019
223.333,0.403019
223.333,0.403019
224,0.401467
224,0.401467
224,0.401467
224,0.401467
224,0.401467
224,0.401467
224,0.401467
224,0.401467
224,0.401467
224,0.401467
224.667,0.406961
224.667,0.406961
224.667,0.406961
224.667,0.406961
224.667,0.406961
224.667,0.406961
224.667,0.406961
224.667,0.406961
224.667,0.406961
224.667,0.406961
225.333,0.412761
225.333,0.412761
225.333,0.412761
225.333,0.412761
225.333,0.412761
225.333,0.412761
225.333,0.412761
225.333,0.412761
225.333,0.412761
225.333,0.412761
226,0.409661
226,0.409661
226,0.409661
226,0.409661
226,0.409661
226,0.409661
226,0.409661
226,0.409661
226,0.409661
226,0.409661
226.667,0.41088
226.667,0.41088
226.667,0.41088
226.667,0.41088
226.667,0.41088
226.667,0.41088
226.667,0.41088
226.667,0.41088
226.667,0.41088
226.667,0.41088
227.333,0.409857
227.333,0.409857
227.333,0.409857
227.333,0.409857
227.333,0.409857
227.333,0.409857
227.333,0.409857
227.333,0.409857
227.333,0.409857
227.333,0.409857
228,0.414136
228,0.414136
228,0.414136
228,0.414136
228,0.414136
228,0.414136
228,0.414136
228,0.414136
228,0.414136
228,0.414136
228.667,0.415406
228.667,0.415406
228.667,0.415406
228.667,0.415406
228.667,0.415406
228.667,0.415406
228.667,0.415406
228.667,0.415406
228.667,0.415406
228.667,0.415406
229.333,0.419584
229.333,0.419584
229.333,0.419584
229.333,0.419584
229.333,0.419584
229.333,0.419584
229.333,0.419584
229.333,0.419584
229.333,0.419584
229.333,0.419584
230,0.420469
230,0.420469
230,0.420469
230,0.420469
230,0.420469
230,0.420469
230,0.420469
230,0.420469
230,0.420469
230,0.420469
230.667,0.416178
230.667,0.416178
230.667,0.416178
230.667,0.416178
230.667,0.416178
230.667,0.416178
230.667,0.416178
230.667,0.416178
230.667,0.416178
230.667,0.416178
231.333,0.415379
231.333,0.415379
231.333,0.415379
231.333,0.415379
231.333,0.415379
231.333,0.415379
231.333,0.415379
231.333,0.415379
231.333,0.415379
231.333,0.415379
232,0.41251
232,0.41251
232,0.41251
232,0.41251
232,0.41251
232,0.41251
232,0.41251
232,0.41251
232,0.41251
232,0.41251
232.667,0.410688
232.667,0.410688
232.667,0.410688
232.667,0.410688
232.667,0.410688
232.667,0.410688
232.667,0.410688
232.667,0.410688
232.667,0.410688
232.667,0.410688
233.333,0.41311
233.333,0.41311
233.333,0.41311
233.333,0.41311
233.333,0.41311
233.333,0.41311
233.333,0.41311
233.333,0.41311
233.333,0.41311
233.333,0.41311
234,0.409955
234,0.409955
234,0.409955
234,0.409955
234,0.409955
234,0.409955
234,0.409955
234,0.409955
234,0.409955
234,0.409955
234.667,0.411875
234.667,0.411875
234.667,0.411875
234.667,0.411875
234.667,0.411875
234.667,0.411875
234.667,0.411875
234.667,0.411875
234.667,0.411875
234.667,0.411875
235.333,0.412271
235.333,0.412271
235.333,0.412271
235.333,0.412271
235.333,0.412271
235.333,0.412271
235.333,0.412271
235.333,0.412271
235.333,0.412271
235.333,0.412271
236,0.410155
236,0.410155
236,0.410155
236,0.410155
236,0.410155
236,0.410155
236,0.410155
236,0.410155
236,0.410155
236,0.410155
236.667,0.416989
236.667,0.416989
236.667,0.416989
236.667,0.416989
236.667,0.416989
236.667,0.416989
236.667,0.416989
236.667,0.416989
236.667,0.416989
236.667,0.416989
237.333,0.417522
237.333,0.417522
237.333,0.417522
237.333,0.417522
237.333,0.417522
237.333,0.417522
237.333,0.417522
237.333,0.417522
237.333,0.417522
237.333,0.417522
238,0.41329
238,0.41329
238,0.41329
238,0.41329
238,0.41329
238,0.41329
238,0.41329
238,0.41329
238,0.41329
238,0.41329
238.667,0.41695
238.667,0.41695
238.667,0.41695
238.667,0.41695
238.667,0.41695
238.667,0.41695
238.667,0.41695
238.667,0.41695
238.667,0.41695
238.667,0.41695
239.333,0.41965
239.333,0.41965
239.333,0.41965
239.333,0.41965
239.333,0.41965
239.333,0.41965
239.333,0.41965
239.333,0.41965
239.333,0.41965
239.333,0.41965
240,0.412906
240,0.412906
240,0.412906
240,0.412906
240,0.412906
240,0.412906
240,0.412906
240,0.412906
240,0.412906
240,0.412906
240.667,0.414113
240.667,0.414113
240.667,0.414113
240.667,0.414113
240.667,0.414113
240.667,0.414113
240.667,0.414113
240.667,0.414113
240.667,0.414113
240.667,0.414113
241.333,0.4157
241.333,0.4157
241.333,0.4157
241.333,0.4157
241.333,0.4157
241.333,0.4157
241.333,0.4157
241.333,0.4157
241.333,0.4157
241.333,0.4157
242,0.415602
242,0.415602
242,0.415602
242,0.415602
242,0.415602
242,0.415602
242,0.415602
242,0.415602
242,0.415602
242,0.415602
242.667,0.415633
242.667,0.415633
242.667,0.415633
242.667,0.415633
242.667,0.415633
242.667,0.415633
242.667,0.415633
242.667,0.415633
242.667,0.415633
242.667,0.415633
243.333,0.413682
243.333,0.413682
243.333,0.413682
243.333,0.413682
243.333,0.413682
243.333,0.413682
243.333,0.413682
243.333,0.413682
243.333,0.413682
243.333,0.413682
244,0.415912
244,0.415912
244,0.415912
244,0.415912
244,0.415912
244,0.415912
244,0.415912
244,0.415912
244,0.415912
244,0.415912
244.667,0.411311
244.667,0.411311
244.667,0.411311
244.667,0.411311
244.667,0.411311
244.667,0.411311
244.667,0.411311
244.667,0.411311
244.667,0.411311
244.667,0.411311
245.333,0.415892
245.333,0.415892
245.333,0.415892
245.333,0.415892
245.333,0.415892
245.333,0.415892
245.333,0.415892
245.333,0.415892
245.333,0.415892
245.333,0.415892
246,0.421351
246,0.421351
246,0.421351
246,0.421351
246,0.421351
246,0.421351
246,0.421351
246,0.421351
246,0.421351
246,0.421351
246.667,0.41485
246.667,0.41485
246.667,0.41485
246.667,0.41485
246.667,0.41485
246.667,0.41485
246.667,0.41485
246.667,0.41485
246.667,0.41485
246.667,0.41485
247.333,0.419054
247.333,0.419054
247.333,0.419054
247.333,0.419054
247.333,0.419054
247.333,0.419054
247.333,0.419054
247.333,0.419054
247.333,0.419054
247.333,0.419054
248,0.417471
248,0.417471
248,0.417471
248,0.417471
248,0.417471
248,0.417471
248,0.417471
248,0.417471
248,0.417471
248,0.417471
248.667,0.418945
248.667,0.418945
248.667,0.418945
248.667,0.418945
248.667,0.418945
248.667,0.418945
248.667,0.418945
248.667,0.418945
248.667,0.418945
248.667,0.418945
249.333,0.418149
249.333,0.418149
249.333,0.418149
249.333,0.418149
249.333,0.418149
249.333,0.418149
249.333,0.418149
249.333,0.418149
249.333,0.418149
249.333,0.418149
250,0.414117
250,0.414117
250,0.414117
250,0.414117
250,0.414117
250,0.414117
250,0.414117
250,0.414117
250,0.414117
250,0.414117
250.667,0.413984
250.667,0.413984
250.667,0.413984
250.667,0.413984
250.667,0.413984
250.667,0.413984
250.667,0.413984
250.667,0.413984
250.667,0.413984
250.667,0.413984
251.333,0.401624
251.333,0.401624
251.333,0.401624
251.333,0.401624
251.333,0.401624
251.333,0.401624
251.333,0.401624
251.333,0.401624
251.333,0.401624
251.333,0.401624
252,0.413411
252,0.413411
252,0.413411
252,0.413411
252,0.413411
252,0.413411
252,0.413411
252,0.413411
252,0.413411
252,0.413411
252.667,0.426571
252.667,0.426571
252.667,0.426571
252.667,0.426571
252.667,0.426571
252.667,0.426571
252.667,0.426571
252.667,0.426571
252.667,0.426571
252.667,0.426571
253.333,0.431602
253.333,0.431602
253.333,0.431602
253.333,0.431602
253.333,0.431602
253.333,0.431602
253.333,0.431602
253.333,0.431602
253.333,0.431602
253.333,0.431602
254,0.434067
254,0.434067
254,0.434067
254,0.434067
254,0.434067
254,0.434067
254,0.434067
254,0.434067
254,0.434067
254,0.434067
254.667,0.441932
254.667,0.441932
254.667,0.441932
254.667,0.441932
254.667,0.441932
254.667,0.441932
254.667,0.441932
254.667,0.441932
254.667,0.441932
254.667,0.441932
255.333,0.444812
255.333,0.444812
255.333,0.444812
255.333,0.444812
255.333,0.444812
255.333,0.444812
255.333,0.444812
255.333,0.444812
255.333,0.444812
255.333,0.444812
256,0.446305
256,0.446305
256,0.446305
256,0.446305
256,0.446305
256,0.446305
256,0.446305
256,0.446305
256,0.446305
256,0.446305
256.667,0.443163
256.667,0.443163
256.667,0.443163
256.667,0.443163
256.667,0.443163
256.667,0.443163
256.667,0.443163
256.667,0.443163
256.667,0.443163
256.667,0.443163
257.333,0.445349
257.333,0.445349
257.333,0.445349
257.333,0.445349
257.333,0.445349
257.333,0.445349
257.333,0.445349
257.333,0.445349
257.333,0.445349
257.333,0.445349
258,0.441956
258,0.441956
258,0.441956
258,0.441956
258,0.441956
258,0.441956
258,0.441956
258,0.441956
258,0.441956
258,0.441956
258.667,0.44446
258.667,0.44446
258.667,0.44446
258.667,0.44446
258.667,0.44446
258.667,0.44446
258.667,0.44446
258.667,0.44446
258.667,0.44446
258.667,0.44446
259.333,0.44301
259.333,0.44301
259.333,0.44301
259.333,0.44301
259.333,0.44301
259.333,0.44301
259.333,0.44301
259.333,0.44301
259.333,0.44301
259.333,0.44301
260,0.434197
260,0.434197
260,0.434197
260,0.434197
260,0.434197
260,0.434197
260,0.434197
260,0.434197
260,0.434197
260,0.434197
260.667,0.443484
260.667,0.443484
260.667,0.443484
260.667,0.443484
260.667,0.443484
260.667,0.443484
260.667,0.443484
260.667,0.443484
260.667,0.443484
260.667,0.443484
261.333,0.438915
261.333,0.438915
261.333,0.438915
261.333,0.438915
261.333,0.438915
261.333,0.438915
261.333,0.438915
261.333,0.438915
261.333,0.438915
261.333,0.438915
262,0.439459
262,0.439459
262,0.439459
262,0.439459
262,0.439459
262,0.439459
262,0.439459
262,0.439459
262,0.439459
262,0.439459
262.667,0.440631
262.667,0.440631
262.667,0.440631
262.667,0.440631
262.667,0.440631
262.667,0.440631
262.667,0.440631
262.667,0.440631
262.667,0.440631
262.667,0.440631
263.333,0.440655
263.333,0.440655
263.333,0.440655
263.333,0.440655
263.333,0.440655
263.333,0.440655
263.333,0.440655
263.333,0.440655
263.333,0.440655
263.333,0.440655
264,0.438789
264,0.438789
264,0.438789
264,0.438789
264,0.438789
264,0.438789
264,0.438789
264,0.438789
264,0.438789
264,0.438789
264.667,0.438292
264.667,0.438292
264.667,0.438292
264.667,0.438292
264.667,0.438292
264.667,0.438292
264.667,0.438292
264.667,0.438292
264.667,0.438292
264.667,0.438292
265.333,0.43536
265.333,0.43536
265.333,0.43536
265.333,0.43536
265.333,0.43536
265.333,0.43536
265.333,0.43536
265.333,0.43536
265.333,0.43536
265.333,0.43536
266,0.438891
266,0.438891
266,0.438891
266,0.438891
266,0.438891
266,0.438891
266,0.438891
266,0.438891
266,0.438891
266,0.438891
266.667,0.438848
266.667,0.438848
266.667,0.438848
266.667,0.438848
266.667,0.438848
266.667,0.438848
266.667,0.438848
266.667,0.438848
266.667,0.438848
266.667,0.438848
267.333,0.439091
267.333,0.439091
267.333,0.439091
267.333,0.439091
267.333,0.439091
267.333,0.439091
267.333,0.439091
267.333,0.439091
267.333,0.439091
267.333,0.439091
268,0.435509
268,0.435509
268,0.435509
268,0.435509
268,0.435509
268,0.435509
268,0.435509
268,0.435509
268,0.435509
268,0.435509
268.667,0.43067
268.667,0.43067
268.667,0.43067
268.667,0.43067
268.667,0.43067
268.667,0.43067
268.667,0.43067
268.667,0.43067
268.667,0.43067
268.667,0.43067
269.333,0.434146
269.333,0.434146
269.333,0.434146
269.333,0.434146
269.333,0.434146
269.333,0.434146
269.333,0.434146
269.333,0.434146
269.333,0.434146
269.333,0.434146
270,0.437183
270,0.437183
270,0.437183
270,0.437183
270,0.437183
270,0.437183
270,0.437183
270,0.437183
270,0.437183
270,0.437183
270.667,0.438241
270.667,0.438241
270.667,0.438241
270.667,0.438241
270.667,0.438241
270.667,0.438241
270.667,0.438241
270.667,0.438241
270.667,0.438241
270.667,0.438241
271.333,0.432899
271.333,0.432899
271.333,0.432899
271.333,0.432899
271.333,0.432899
271.333,0.432899
271.333,0.432899
271.333,0.432899
271.333,0.432899
271.333,0.432899
272,0.433997
272,0.433997
272,0.433997
272,0.433997
272,0.433997
272,0.433997
272,0.433997
272,0.433997
272,0.433997
272,0.433997
272.667,0.439354
272.667,0.439354
272.667,0.439354
272.667,0.439354
272.667,0.439354
272.667,0.439354
272.667,0.439354
272.667,0.439354
272.667,0.439354
272.667,0.439354
273.333,0.437543
273.333,0.437543
273.333,0.437543
273.333,0.437543
273.333,0.437543
273.333,0.437543
273.333,0.437543
273.333,0.437543
273.333,0.437543
273.333,0.437543
274,0.439181
274,0.439181
274,0.439181
274,0.439181
274,0.439181
274,0.439181
274,0.439181
274,0.439181
274,0.439181
274,0.439181
274.667,0.435113
274.667,0.435113
274.667,0.435113
274.667,0.435113
274.667,0.435113
274.667,0.435113
274.667,0.435113
274.667,0.435113
274.667,0.435113
274.667,0.435113
275.333,0.440122
275.333,0.440122
275.333,0.440122
275.333,0.440122
275.333,0.440122
275.333,0.440122
275.333,0.440122
275.333,0.440122
275.333,0.440122
275.333,0.440122
276,0.441862
276,0.441862
276,0.441862
276,0.441862
276,0.441862
276,0.441862
276,0.441862
276,0.441862
276,0.441862
276,0.441862
276.667,0.449386
276.667,0.449386
276.667,0.449386
276.667,0.449386
276.667,0.449386
276.667,0.449386
276.667,0.449386
276.667,0.449386
276.667,0.449386
276.667,0.449386
277.333,0.451717
277.333,0.451717
277.333,0.451717
277.333,0.451717
277.333,0.451717
277.333,0.451717
277.333,0.451717
277.333,0.451717
277.333,0.451717
277.333,0.451717
278,0.465088
278,0.465088
278,0.465088
278,0.465088
278,0.465088
278,0.465088
278,0.465088
278,0.465088
278,0.465088
278,0.465088
278.667,0.467533
278.667,0.467533
278.667,0.467533
278.667,0.467533
278.667,0.467533
278.667,0.467533
278.667,0.467533
278.667,0.467533
278.667,0.467533
278.667,0.467533
279.333,0.458446
279.333,0.458446
279.333,0.458446
279.333,0.458446
279.333,0.458446
279.333,0.458446
279.333,0.458446
279.333,0.458446
279.333,0.458446
279.333,0.458446
280,0.445494
280,0.445494
280,0.445494
280,0.445494
280,0.445494
280,0.445494
280,0.445494
280,0.445494
280,0.445494
280,0.445494
280.667,0.446497
280.667,0.446497
280.667,0.446497
280.667,0.446497
280.667,0.446497
280.667,0.446497
280.667,0.446497
280.667,0.446497
280.667,0.446497
280.667,0.446497
281.333,0.432555
281.333,0.432555
281.333,0.432555
281.333,0.432555
281.333,0.432555
281.333,0.432555
281.333,0.432555
281.333,0.432555
281.333,0.432555
281.333,0.432555
282,0.406573
282,0.406573
282,0.406573
282,0.406573
282,0.406573
282,0.406573
282,0.406573
282,0.406573
282,0.406573
282,0.406573
282.667,0.391314
282.667,0.391314
282.667,0.391314
282.667,0.391314
282.667,0.391314
282.667,0.391314
282.667,0.391314
282.667,0.391314
282.667,0.391314
282.667,0.391314
283.333,0.364513
283.333,0.364513
283.333,0.364513
283.333,0.364513
283.333,0.364513
283.333,0.364513
283.333,0.364513
283.333,0.364513
283.333,0.364513
283.333,0.364513
284,0.366269
284,0.366269
284,0.366269
284,0.366269
284,0.366269
284,0.366269
284,0.366269
284,0.366269
284,0.366269
284,0.366269
284.667,0.350755
284.667,0.350755
284.667,0.350755
284.667,0.350755
284.667,0.350755
284.667,0.350755
284.667,0.350755
284.667,0.350755
284.667,0.350755
284.667,0.350755
285.333,0.343842
285.333,0.343842
285.333,0.343842
285.333,0.343842
285.333,0.343842
285.333,0.343842
285.333,0.343842
285.333,0.343842
285.333,0.343842
285.333,0.343842
286,0.325828
286,0.325828
286,0.325828
286,0.325828
286,0.325828
286,0.325828
286,0.325828
286,0.325828
286,0.325828
286,0.325828
286.667,0.334582
286.667,0.334582
286.667,0.334582
286.667,0.334582
286.667,0.334582
286.667,0.334582
286.667,0.334582
286.667,0.334582
286.667,0.334582
286.667,0.334582
287.333,0.335793
287.333,0.335793
287.333,0.335793
287.333,0.335793
287.333,0.335793
287.333,0.335793
287.333,0.335793
287.333,0.335793
287.333,0.335793
287.333,0.335793
288,0.319609
288,0.319609
288,0.319609
288,0.319609
288,0.319609
288,0.319609
288,0.319609
288,0.319609
288,0.319609
288,0.319609
288.667,0.274359
288.667,0.274359
288.667,0.274359
288.667,0.274359
288.667,0.274359
288.667,0.274359
288.667,0.274359
288.667,0.274359
288.667,0.274359
288.667,0.274359
289.333,0.261893
289.333,0.261893
289.333,0.261893
289.333,0.261893
289.333,0.261893
289.333,0.261893
289.333,0.261893
289.333,0.261893
289.333,0.261893
289.333,0.261893
290,0.277341
290,0.277341
290,0.277341
290,0.277341
290,0.277341
290,0.277341
290,0.277341
290,0.277341
290,0.277341
290,0.277341
290.667,0.273548
290.667,0.273548
290.667,0.273548
290.667,0.273548
290.667,0.273548
290.667,0.273548
290.667,0.273548
290.667,0.273548
290.667,0.273548
290.667,0.273548
291.333,0.272815
291.333,0.272815
291.333,0.272815
291.333,0.272815
291.333,0.272815
291.333,0.272815
291.333,0.272815
291.333,0.272815
291.333,0.272815
291.333,0.272815
292,0.269143
292,0.269143
292,0.269143
292,0.269143
292,0.269143
292,0.269143
292,0.269143
292,0.269143
292,0.269143
292,0.269143
292.667,0.24951
292.667,0.24951
292.667,0.24951
292.667,0.24951
292.667,0.24951
292.667,0.24951
292.667,0.24951
292.667,0.24951
292.667,0.24951
292.667,0.24951
293.333,0.237288
293.333,0.237288
293.333,0.237288
293.333,0.237288
293.333,0.237288
293.333,0.237288
293.333,0.237288
293.333,0.237288
293.333,0.237288
293.333,0.237288
294,0.247845
294,0.247845
294,0.247845
294,0.247845
294,0.247845
294,0.247845
294,0.247845
294,0.247845
294,0.247845
294,0.247845
294.667,0.272035
294.667,0.272035
294.667,0.272035
294.667,0.272035
294.667,0.272035
294.667,0.272035
294.667,0.272035
294.667,0.272035
294.667,0.272035
294.667,0.272035
295.333,0.297832
295.333,0.297832
295.333,0.297832
295.333,0.297832
295.333,0.297832
295.333,0.297832
295.333,0.297832
295.333,0.297832
295.333,0.297832
295.333,0.297832
296,0.313307
296,0.313307
296,0.313307
296,0.313307
296,0.313307
296,0.313307
296,0.313307
296,0.313307
296,0.313307
296,0.313307
296.667,0.31529
296.667,0.31529
296.667,0.31529
296.667,0.31529
296.667,0.31529
296.667,0.31529
296.667,0.31529
296.667,0.31529
296.667,0.31529
296.667,0.31529
297.333,0.316909
297.333,0.316909
297.333,0.316909
297.333,0.316909
297.333,0.316909
297.333,0.316909
297.333,0.316909
297.333,0.316909
297.333,0.316909
297.333,0.316909
298,0.268481
298,0.268481
298,0.268481
298,0.268481
298,0.268481
298,0.268481
298,0.268481
298,0.268481
298,0.268481
298,0.268481
298.667,0.25571
298.667,0.25571
298.667,0.25571
298.667,0.25571
298.667,0.25571
298.667,0.25571
298.667,0.25571
298.667,0.25571
298.667,0.25571
298.667,0.25571
299.333,0.249444
299.333,0.249444
299.333,0.249444
299.333,0.249444
299.333,0.249444
299.333,0.249444
299.333,0.249444
299.333,0.249444
299.333,0.249444
299.333,0.249444
300,0.252696
300,0.252696
300,0.252696
300,0.252696
300,0.252696
300,0.252696
300,0.252696
300,0.252696
300,0.252696
300,0.252696
300.667,0.256909
300.667,0.256909
300.667,0.256909
300.667,0.256909
300.667,0.256909
300.667,0.256909
300.667,0.256909
300.667,0.256909
300.667,0.256909
300.667,0.256909
301.333,0.277466
301.333,0.277466
301.333,0.277466
301.333,0.277466
301.333,0.277466
301.333,0.277466
301.333,0.277466
301.333,0.277466
301.333,0.277466
301.333,0.277466
302,0.310274
302,0.310274
302,0.310274
302,0.310274
302,0.310274
302,0.310274
302,0.310274
302,0.310274
302,0.310274
302,0.310274
302.667,0.305372
302.667,0.305372
302.667,0.305372
302.667,0.305372
302.667,0.305372
302.667,0.305372
302.667,0.305372
302.667,0.305372
302.667,0.305372
302.667,0.305372
303.333,0.293431
303.333,0.293431
303.333,0.293431
303.333,0.293431
303.333,0.293431
303.333,0.293431
303.333,0.293431
303.333,0.293431
303.333,0.293431
303.333,0.293431
304,0.310733
304,0.310733
304,0.310733
304,0.310733
304,0.310733
304,0.310733
304,0.310733
304,0.310733
304,0.310733
304,0.310733
304.667,0.33789
304.667,0.33789
304.667,0.33789
304.667,0.33789
304.667,0.33789
304.667,0.33789
304.667,0.33789
304.667,0.33789
304.667,0.33789
304.667,0.33789
305.333,0.327148
305.333,0.327148
305.333,0.327148
305.333,0.327148
305.333,0.327148
305.333,0.327148
305.333,0.327148
305.333,0.327148
305.333,0.327148
305.333,0.327148
306,0.331208
306,0.331208
306,0.331208
306,0.331208
306,0.331208
306,0.331208
306,0.331208
306,0.331208
306,0.331208
306,0.331208
306.667,0.295203
306.667,0.295203
306.667,0.295203
306.667,0.295203
306.667,0.295203
306.667,0.295203
306.667,0.295203
306.667,0.295203
306.667,0.295203
306.667,0.295203
307.333,0.270805
307.333,0.270805
307.333,0.270805
307.333,0.270805
307.333,0.270805
307.333,0.270805
307.333,0.270805
307.333,0.270805
307.333,0.270805
307.333,0.270805
308,0.230802
308,0.230802
308,0.230802
308,0.230802
308,0.230802
308,0.230802
308,0.230802
308,0.230802
308,0.230802
308,0.230802
308.667,0.240152
308.667,0.240152
308.667,0.240152
308.667,0.240152
308.667,0.240152
308.667,0.240152
308.667,0.240152
308.667,0.240152
308.667,0.240152
308.667,0.240152
309.333,0.240912
309.333,0.240912
309.333,0.240912
309.333,0.240912
309.333,0.240912
309.333,0.240912
309.333,0.240912
309.333,0.240912
309.333,0.240912
309.333,0.240912
310,0.260126
310,0.260126
310,0.260126
310,0.260126
310,0.260126
310,0.260126
310,0.260126
310,0.260126
310,0.260126
310,0.260126
310.667,0.227005
310.667,0.227005
310.667,0.227005
310.667,0.227005
310.667,0.227005
310.667,0.227005
310.667,0.227005
310.667,0.227005
310.667,0.227005
310.667,0.227005
311.333,0.191023
311.333,0.191023
311.333,0.191023
311.333,0.191023
311.333,0.191023
311.333,0.191023
311.333,0.191023
311.333,0.191023
311.333,0.191023
311.333,0.191023
312,0.162095
312,0.162095
312,0.162095
312,0.162095
312,0.162095
312,0.162095
312,0.162095
312,0.162095
312,0.162095
312,0.162095
312.667,0.170532
312.667,0.170532
312.667,0.170532
312.667,0.170532
312.667,0.170532
312.667,0.170532
312.667,0.170532
312.667,0.170532
312.667,0.170532
312.667,0.170532
313.333,0.160672
313.333,0.160672
313.333,0.160672
313.333,0.160672
313.333,0.160672
313.333,0.160672
313.333,0.160672
313.333,0.160672
313.333,0.160672
313.333,0.160672
314,0.183327
314,0.183327
314,0.183327
314,0.183327
314,0.183327
314,0.183327
314,0.183327
314,0.183327
314,0.183327
314,0.183327
314.667,0.238263
314.667,0.238263
314.667,0.238263
314.667,0.238263
314.667,0.238263
314.667,0.238263
314.667,0.238263
314.667,0.238263
314.667,0.238263
314.667,0.238263
315.333,0.23737
315.333,0.23737
315.333,0.23737
315.333,0.23737
315.333,0.23737
315.333,0.23737
315.333,0.23737
315.333,0.23737
315.333,0.23737
315.333,0.23737
316,0.205726
316,0.205726
316,0.205726
316,0.205726
316,0.205726
316,0.205726
316,0.205726
316,0.205726
316,0.205726
316,0.205726
316.667,0.180082
316.667,0.180082
316.667,0.180082
316.667,0.180082
316.667,0.180082
316.667,0.180082
316.667,0.180082
316.667,0.180082
316.667,0.180082
316.667,0.180082
317.333,0.130404
317.333,0.130404
317.333,0.130404
317.333,0.130404
317.333,0.130404
317.333,0.130404
317.333,0.130404
317.333,0.130404
317.333,0.130404
317.333,0.130404
318,0.0863691
318,0.0863691
318,0.0863691
318,0.0863691
318,0.0863691
318,0.0863691
318,0.0863691
318,0.0863691
318,0.0863691
318,0.0863691
318.667,0.0351198
318.667,0.0351198
318.667,0.0351198
318.667,0.0351198
318.667,0.0351198
318.667,0.0351198
318.667,0.0351198
318.667,0.0351198
318.667,0.0351198
318.667,0.0351198
319.333,0.00420481
319.333,0.00420481
319.333,0.00420481
319.333,0.00420481
319.333,0.00420481
319.333,0.00420481
319.333,0.00420481
319.333,0.00420481
319.333,0.00420481
319.333,0.00420481
320,0.000889554
320,0.000889554
320,0.000889554
320,0.000889554
320,0.000889554
320,0.000889554
320,0.000889554
320,0.000889554
320,0.000889554
320,0.000889554
320.667,0.00071713
320.667,0.00071713
320.667,0.00071713
320.667,0.00071713
320.667,0.00071713
320.667,0.00071713
320.667,0.00071713
320.667,0.00071713
320.667,0.00071713
320.667,0.00071713
321.333,0.00163803
321.333,0.00163803
321.333,0.00163803
321.333,0.00163803
321.333,0.00163803
321.333,0.00163803
321.333,0.00163803
321.333,0.00163803
321.333,0.00163803
321.333,0.00163803
322,0.00159101
322,0.00159101
322,0.00159101
322,0.00159101
322,0.00159101
322,0.00159101
322,0.00159101
322,0.00159101
322,0.00159101
322,0.00159101
322.667,0.00216706
322.667,0.00216706
322.667,0.00216706
322.667,0.00216706
322.667,0.00216706
322.667,0.00216706
322.667,0.00216706
322.667,0.00216706
322.667,0.00216706
322.667,0.00216706
323.333,0.00242962
323.333,0.00242962
323.333,0.00242962
323.333,0.00242962
323.333,0.00242962
323.333,0.00242962
323.333,0.00242962
323.333,0.00242962
323.333,0.00242962
323.333,0.00242962
324,0.00324472
324,0.00324472
324,0.00324472
324,0.00324472
324,0.00324472
324,0.00324472
324,0.00324472
324,0.00324472
324,0.00324472
324,0.00324472
324.667,0.00307229
324.667,0.00307229
324.667,0.00307229
324.667,0.00307229
324.667,0.00307229
324.667,0.00307229
324.667,0.00307229
324.667,0.00307229
324.667,0.00307229
324.667,0.00307229
325.333,0.00265691
325.333,0.00265691
325.333,0.00265691
325.333,0.00265691
325.333,0.00265691
325.333,0.00265691
325.333,0.00265691
325.333,0.00265691
325.333,0.00265691
325.333,0.00265691
326,0.00241394
326,0.00241394
326,0.00241394
326,0.00241394
326,0.00241394
326,0.00241394
326,0.00241394
326,0.00241394
326,0.00241394
326,0.00241394
326.667,0.001881
326.667,0.001881
326.667,0.001881
326.667,0.001881
326.667,0.001881
326.667,0.001881
326.667,0.001881
326.667,0.001881
326.667,0.001881
326.667,0.001881
327.333,0.00196721
327.333,0.00196721
327.333,0.00196721
327.333,0.00196721
327.333,0.00196721
327.333,0.00196721
327.333,0.00196721
327.333,0.00196721
327.333,0.00196721
327.333,0.00196721
328,0.0352648
328,0.0352648
328,0.0352648
328,0.0352648
328,0.0352648
328,0.0352648
328,0.0352648
328,0.0352648
328,0.0352648
328,0.0352648
328.667,0.0892768
328.667,0.0892768
328.667,0.0892768
328.667,0.0892768
328.667,0.0892768
328.667,0.0892768
328.667,0.0892768
328.667,0.0892768
328.667,0.0892768
328.667,0.0892768
329.333,0.100684
329.333,0.100684
329.333,0.100684
329.333,0.100684
329.333,0.100684
329.333,0.100684
329.333,0.100684
329.333,0.100684
329.333,0.100684
329.333,0.100684
330,0.0839825
330,0.0839825
330,0.0839825
330,0.0839825
330,0.0839825
330,0.0839825
330,0.0839825
330,0.0839825
330,0.0839825
330,0.0839825
330.667,0.0662973
330.667,0.0662973
330.667,0.0662973
330.667,0.0662973
330.667,0.0662973
330.667,0.0662973
330.667,0.0662973
330.667,0.0662973
330.667,0.0662973
330.667,0.0662973
331.333,0.0558029
331.333,0.0558029
331.333,0.0558029
331.333,0.0558029
331.333,0.0558029
331.333,0.0558029
331.333,0.0558029
331.333,0.0558029
331.333,0.0558029
331.333,0.0558029
332,0.0787118
332,0.0787118
332,0.0787118
332,0.0787118
332,0.0787118
332,0.0787118
332,0.0787118
332,0.0787118
332,0.0787118
332,0.0787118
332.667,0.0827207
332.667,0.0827207
332.667,0.0827207
332.667,0.0827207
332.667,0.0827207
332.667,0.0827207
332.667,0.0827207
332.667,0.0827207
332.667,0.0827207
332.667,0.0827207
333.333,0.0764233
333.333,0.0764233
333.333,0.0764233
333.333,0.0764233
333.333,0.0764233
333.333,0.0764233
333.333,0.0764233
333.333,0.0764233
333.333,0.0764233
333.333,0.0764233
334,0.0411507
334,0.0411507
334,0.0411507
334,0.0411507
334,0.0411507
334,0.0411507
334,0.0411507
334,0.0411507
334,0.0411507
334,0.0411507
334.667,0.0108902
334.667,0.0108902
334.667,0.0108902
334.667,0.0108902
334.667,0.0108902
334.667,0.0108902
334.667,0.0108902
334.667,0.0108902
334.667,0.0108902
334.667,0.0108902
335.333,0.00889554
335.333,0.00889554
335.333,0.00889554
335.333,0.00889554
335.333,0.00889554
335.333,0.00889554
335.333,0.00889554
335.333,0.00889554
335.333,0.00889554
335.333,0.00889554
336,0.00997711
336,0.00997711
336,0.00997711
336,0.00997711
336,0.00997711
336,0.00997711
336,0.00997711
336,0.00997711
336,0.00997711
336,0.00997711
336.667,0.0195271
336.667,0.0195271
336.667,0.0195271
336.667,0.0195271
336.667,0.0195271
336.667,0.0195271
336.667,0.0195271
336.667,0.0195271
336.667,0.0195271
336.667,0.0195271
337.333,0.0355195
337.333,0.0355195
337.333,0.0355195
337.333,0.0355195
337.333,0.0355195
337.333,0.0355195
337.333,0.0355195
337.333,0.0355195
337.333,0.0355195
337.333,0.0355195
338,0.092255
338,0.092255
338,0.092255
338,0.092255
338,0.092255
338,0.092255
338,0.092255
338,0.092255
338,0.092255
338,0.092255
338.667,0.0971809
338.667,0.0971809
338.667,0.0971809
338.667,0.0971809
338.667,0.0971809
338.667,0.0971809
338.667,0.0971809
338.667,0.0971809
338.667,0.0971809
338.667,0.0971809
339.333,0.0794642
339.333,0.0794642
339.333,0.0794642
339.333,0.0794642
339.333,0.0794642
339.333,0.0794642
339.333,0.0794642
339.333,0.0794642
339.333,0.0794642
339.333,0.0794642
340,0.0572842
340,0.0572842
340,0.0572842
340,0.0572842
340,0.0572842
340,0.0572842
340,0.0572842
340,0.0572842
340,0.0572842
340,0.0572842
340.667,0.0370635
340.667,0.0370635
340.667,0.0370635
340.667,0.0370635
340.667,0.0370635
340.667,0.0370635
340.667,0.0370635
340.667,0.0370635
340.667,0.0370635
340.667,0.0370635
341.333,0.00511788
341.333,0.00511788
341.333,0.00511788
341.333,0.00511788
341.333,0.00511788
341.333,0.00511788
341.333,0.00511788
341.333,0.00511788
341.333,0.00511788
341.333,0.00511788
342,0.0015048
342,0.0015048
342,0.0015048
342,0.0015048
342,0.0015048
342,0.0015048
342,0.0015048
342,0.0015048
342,0.0015048
342,0.0015048
342.667,0.00284501
342.667,0.00284501
342.667,0.00284501
342.667,0.00284501
342.667,0.00284501
342.667,0.00284501
342.667,0.00284501
342.667,0.00284501
342.667,0.00284501
342.667,0.00284501
343.333,0.00249624
343.333,0.00249624
343.333,0.00249624
343.333,0.00249624
343.333,0.00249624
343.333,0.00249624
343.333,0.00249624
343.333,0.00249624
343.333,0.00249624
343.333,0.00249624
344,0.00265299
344,0.00265299
344,0.00265299
344,0.00265299
344,0.00265299
344,0.00265299
344,0.00265299
344,0.00265299
344,0.00265299
344,0.00265299
344.667,0.00245313
344.667,0.00245313
344.667,0.00245313
344.667,0.00245313
344.667,0.00245313
344.667,0.00245313
344.667,0.00245313
344.667,0.00245313
344.667,0.00245313
344.667,0.00245313
345.333,0.00251975
345.333,0.00251975
345.333,0.00251975
345.333,0.00251975
345.333,0.00251975
345.333,0.00251975
345.333,0.00251975
345.333,0.00251975
345.333,0.00251975
345.333,0.00251975
346,0.00284892
346,0.00284892
346,0.00284892
346,0.00284892
346,0.00284892
346,0.00284892
346,0.00284892
346,0.00284892
346,0.00284892
346,0.00284892
346.667,0.00239043
346.667,0.00239043
346.667,0.00239043
346.667,0.00239043
346.667,0.00239043
346.667,0.00239043
346.667,0.00239043
346.667,0.00239043
346.667,0.00239043
346.667,0.00239043
347.333,0.00256286
347.333,0.00256286
347.333,0.00256286
347.333,0.00256286
347.333,0.00256286
347.333,0.00256286
347.333,0.00256286
347.333,0.00256286
347.333,0.00256286
347.333,0.00256286
348,0.00256678
348,0.00256678
348,0.00256678
348,0.00256678
348,0.00256678
348,0.00256678
348,0.00256678
348,0.00256678
348,0.00256678
348,0.00256678
348.667,0.00216315
348.667,0.00216315
348.667,0.00216315
348.667,0.00216315
348.667,0.00216315
348.667,0.00216315
348.667,0.00216315
348.667,0.00216315
348.667,0.00216315
348.667,0.00216315
349.333,0.00204558
349.333,0.00204558
349.333,0.00204558
349.333,0.00204558
349.333,0.00204558
349.333,0.00204558
349.333,0.00204558
349.333,0.00204558
349.333,0.00204558
349.333,0.00204558
350,0.00227287
350,0.00227287
350,0.00227287
350,0.00227287
350,0.00227287
350,0.00227287
350,0.00227287
350,0.00227287
350,0.00227287
350,0.00227287
350.667,0.0353941
350.667,0.0353941
350.667,0.0353941
350.667,0.0353941
350.667,0.0353941
350.667,0.0353941
350.667,0.0353941
350.667,0.0353941
350.667,0.0353941
350.667,0.0353941
351.333,0.0561046
351.333,0.0561046
351.333,0.0561046
351.333,0.0561046
351.333,0.0561046
351.333,0.0561046
351.333,0.0561046
351.333,0.0561046
351.333,0.0561046
351.333,0.0561046
352,0.0592984
352,0.0592984
352,0.0592984
352,0.0592984
352,0.0592984
352,0.0592984
352,0.0592984
352,0.0592984
352,0.0592984
352,0.0592984
352.667,0.0771718
352.667,0.0771718
352.667,0.0771718
352.667,0.0771718
352.667,0.0771718
352.667,0.0771718
352.667,0.0771718
352.667,0.0771718
352.667,0.0771718
352.667,0.0771718
353.333,0.10559
353.333,0.10559
353.333,0.10559
353.333,0.10559
353.333,0.10559
353.333,0.10559
353.333,0.10559
353.333,0.10559
353.333,0.10559
353.333,0.10559
354,0.111414
354,0.111414
354,0.111414
354,0.111414
354,0.111414
354,0.111414
354,0.111414
354,0.111414
354,0.111414
354,0.111414
354.667,0.111845
354.667,0.111845
354.667,0.111845
354.667,0.111845
354.667,0.111845
354.667,0.111845
354.667,0.111845
354.667,0.111845
354.667,0.111845
354.667,0.111845
355.333,0.12616
355.333,0.12616
355.333,0.12616
355.333,0.12616
355.333,0.12616
355.333,0.12616
355.333,0.12616
355.333,0.12616
355.333,0.12616
355.333,0.12616
356,0.145695
356,0.145695
356,0.145695
356,0.145695
356,0.145695
356,0.145695
356,0.145695
356,0.145695
356,0.145695
356,0.145695
356.667,0.151256
356.667,0.151256
356.667,0.151256
356.667,0.151256
356.667,0.151256
356.667,0.151256
356.667,0.151256
356.667,0.151256
356.667,0.151256
356.667,0.151256
357.333,0.190827
357.333,0.190827
357.333,0.190827
357.333,0.190827
357.333,0.190827
357.333,0.190827
357.333,0.190827
357.333,0.190827
357.333,0.190827
357.333,0.190827
358,0.196611
358,0.196611
358,0.196611
358,0.196611
358,0.196611
358,0.196611
358,0.196611
358,0.196611
358,0.196611
358,0.196611
358.667,0.197869
358.667,0.197869
358.667,0.197869
358.667,0.197869
358.667,0.197869
358.667,0.197869
358.667,0.197869
358.667,0.197869
358.667,0.197869
358.667,0.197869
359.333,0.217431
359.333,0.217431
359.333,0.217431
359.333,0.217431
359.333,0.217431
359.333,0.217431
359.333,0.217431
359.333,0.217431
359.333,0.217431
359.333,0.217431
360,0.232099
360,0.232099
360,0.232099
360,0.232099
360,0.232099
360,0.232099
360,0.232099
360,0.232099
360,0.232099
360,0.232099
360.667,0.237844
360.667,0.237844
360.667,0.237844
360.667,0.237844
360.667,0.237844
360.667,0.237844
360.667,0.237844
360.667,0.237844
360.667,0.237844
360.667,0.237844
361.333,0.267462
361.333,0.267462
361.333,0.267462
361.333,0.267462
361.333,0.267462
361.333,0.267462
361.333,0.267462
361.333,0.267462
361.333,0.267462
361.333,0.267462
362,0.285484
362,0.285484
362,0.285484
362,0.285484
362,0.285484
362,0.285484
362,0.285484
362,0.285484
362,0.285484
362,0.285484
362.667,0.310529
362.667,0.310529
362.667,0.310529
362.667,0.310529
362.667,0.310529
362.667,0.310529
362.667,0.310529
362.667,0.310529
362.667,0.310529
362.667,0.310529
363.333,0.318119
363.333,0.318119
363.333,0.318119
363.333,0.318119
363.333,0.318119
363.333,0.318119
363.333,0.318119
363.333,0.318119
363.333,0.318119
363.333,0.318119
364,0.309451
364,0.309451
364,0.309451
364,0.309451
364,0.309451
364,0.309451
364,0.309451
364,0.309451
364,0.309451
364,0.309451
364.667,0.288568
364.667,0.288568
364.667,0.288568
364.667,0.288568
364.667,0.288568
364.667,0.288568
364.667,0.288568
364.667,0.288568
364.667,0.288568
364.667,0.288568
365.333,0.287734
365.333,0.287734
365.333,0.287734
365.333,0.287734
365.333,0.287734
365.333,0.287734
365.333,0.287734
365.333,0.287734
365.333,0.287734
365.333,0.287734
366,0.311818
366,0.311818
366,0.311818
366,0.311818
366,0.311818
366,0.311818
366,0.311818
366,0.311818
366,0.311818
366,0.311818
366.667,0.330107
366.667,0.330107
366.667,0.330107
366.667,0.330107
366.667,0.330107
366.667,0.330107
366.667,0.330107
366.667,0.330107
366.667,0.330107
366.667,0.330107
367.333,0.337094
367.333,0.337094
367.333,0.337094
367.333,0.337094
367.333,0.337094
367.333,0.337094
367.333,0.337094
367.333,0.337094
367.333,0.337094
367.333,0.337094
368,0.33794
368,0.33794
368,0.33794
368,0.33794
368,0.33794
368,0.33794
368,0.33794
368,0.33794
368,0.33794
368,0.33794
368.667,0.3642
368.667,0.3642
368.667,0.3642
368.667,0.3642
368.667,0.3642
368.667,0.3642
368.667,0.3642
368.667,0.3642
368.667,0.3642
368.667,0.3642
369.333,0.382305
369.333,0.382305
369.333,0.382305
369.333,0.382305
369.333,0.382305
369.333,0.382305
369.333,0.382305
369.333,0.382305
369.333,0.382305
369.333,0.382305
370,0.381631
370,0.381631
370,0.381631
370,0.381631
370,0.381631
370,0.381631
370,0.381631
370,0.381631
370,0.381631
370,0.381631
370.667,0.400225
370.667,0.400225
370.667,0.400225
370.667,0.400225
370.667,0.400225
370.667,0.400225
370.667,0.400225
370.667,0.400225
370.667,0.400225
370.667,0.400225
371.333,0.429122
371.333,0.429122
371.333,0.429122
371.333,0.429122
371.333,0.429122
371.333,0.429122
371.333,0.429122
371.333,0.429122
371.333,0.429122
371.333,0.429122
372,0.457642
372,0.457642
372,0.457642
372,0.457642
372,0.457642
372,0.457642
372,0.457642
372,0.457642
372,0.457642
372,0.457642
372.667,0.452967
372.667,0.452967
372.667,0.452967
372.667,0.452967
372.667,0.452967
372.667,0.452967
372.667,0.452967
372.667,0.452967
372.667,0.452967
372.667,0.452967
373.333,0.438476
373.333,0.438476
373.333,0.438476
373.333,0.438476
373.333,0.438476
373.333,0.438476
373.333,0.438476
373.333,0.438476
373.333,0.438476
373.333,0.438476
374,0.443433
374,0.443433
374,0.443433
374,0.443433
374,0.443433
374,0.443433
374,0.443433
374,0.443433
374,0.443433
374,0.443433
374.667,0.452924
374.667,0.452924
374.667,0.452924
374.667,0.452924
374.667,0.452924
374.667,0.452924
374.667,0.452924
374.667,0.452924
374.667,0.452924
374.667,0.452924
375.333,0.460656
375.333,0.460656
375.333,0.460656
375.333,0.460656
375.333,0.460656
375.333,0.460656
375.333,0.460656
375.333,0.460656
375.333,0.460656
375.333,0.460656
376,0.459139
376,0.459139
376,0.459139
376,0.459139
376,0.459139
376,0.459139
376,0.459139
376,0.459139
376,0.459139
376,0.459139
376.667,0.465637
376.667,0.465637
376.667,0.465637
376.667,0.465637
376.667,0.465637
376.667,0.465637
376.667,0.465637
376.667,0.465637
376.667,0.465637
376.667,0.465637
377.333,0.461804
377.333,0.461804
377.333,0.461804
377.333,0.461804
377.333,0.461804
377.333,0.461804
377.333,0.461804
377.333,0.461804
377.333,0.461804
377.333,0.461804
378,0.456055
378,0.456055
378,0.456055
378,0.456055
378,0.456055
378,0.456055
378,0.456055
378,0.456055
378,0.456055
378,0.456055
378.667,0.46452
378.667,0.46452
378.667,0.46452
378.667,0.46452
378.667,0.46452
378.667,0.46452
378.667,0.46452
378.667,0.46452
378.667,0.46452
378.667,0.46452
379.333,0.471722
379.333,0.471722
379.333,0.471722
379.333,0.471722
379.333,0.471722
379.333,0.471722
379.333,0.471722
379.333,0.471722
379.333,0.471722
379.333,0.471722
380,0.468011
380,0.468011
380,0.468011
380,0.468011
380,0.468011
380,0.468011
380,0.468011
380,0.468011
380,0.468011
380,0.468011
380.667,0.474226
380.667,0.474226
380.667,0.474226
380.667,0.474226
380.667,0.474226
380.667,0.474226
380.667,0.474226
380.667,0.474226
380.667,0.474226
380.667,0.474226
381.333,0.482001
381.333,0.482001
381.333,0.482001
381.333,0.482001
381.333,0.482001
381.333,0.482001
381.333,0.482001
381.333,0.482001
381.333,0.482001
381.333,0.482001
382,0.483526
382,0.483526
382,0.483526
382,0.483526
382,0.483526
382,0.483526
382,0.483526
52