0,0.0484552
0,0.0484552
0,0.0484552
0,0.0484552
0,0.0484552
0,0.0484552
0,0.0484552
0.466667,0.0789783
0.466667,0.0789783
0.466667,0.0789783
0.466667,0.0789783
0.466667,0.0789783
0.466667,0.0789783
0.466667,0.0789783
0.933333,0.0868236
0.933333,0.0868236
0.933333,0.0868236
0.933333,0.0868236
0.933333,0.0868236
0.933333,0.0868236
0.933333,0.0868236
1.4,0.0912557
1.4,0.0912557
1.4,0.0912557
1.4,0.0912557
1.4,0.0912557
1.4,0.0912557
1.4,0.0912557
1.86667,0.0991206
1.86667,0.0991206
1.86667,0.0991206
1.86667,0.0991206
1.86667,0.0991206
1.86667,0.0991206
1.86667,0.0991206
2.33333,0.10061
2.33333,0.10061
2.33333,0.10061
2.33333,0.10061
2.33333,0.10061
2.33333,0.10061
2.33333,0.10061
2.8,0.102154
2.8,0.102154
2.8,0.102154
2.8,0.102154
2.8,0.102154
2.8,0.102154
2.8,0.102154
3.26667,0.101597
3.26667,0.101597
3.26667,0.101597
3.26667,0.101597
3.26667,0.101597
3.26667,0.101597
3.26667,0.101597
3.73333,0.10139
3.73333,0.10139
3.73333,0.10139
3.73333,0.10139
3.73333,0.10139
3.73333,0.10139
3.73333,0.10139
4.2,0.101049
4.2,0.101049
4.2,0.101049
4.2,0.101049
4.2,0.101049
4.2,0.101049
4.2,0.101049
4.66667,0.100959
4.66667,0.100959
4.66667,0.100959
4.66667,0.100959
4.66667,0.100959
4.66667,0.100959
4.66667,0.100959
5.13333,0.104881
5.13333,0.104881
5.13333,0.104881
5.13333,0.104881
5.13333,0.104881
5.13333,0.104881
5.13333,0.104881
5.6,0.119804
5.6,0.119804
5.6,0.119804
5.6,0.119804
5.6,0.119804
5.6,0.119804
5.6,0.119804
6.06667,0.142133
6.06667,0.142133
6.06667,0.142133
6.06667,0.142133
6.06667,0.142133
6.06667,0.142133
6.06667,0.142133
6.53333,0.142172
6.53333,0.142172
6.53333,0.142172
6.53333,0.142172
6.53333,0.142172
6.53333,0.142172
6.53333,0.142172
7,0.142356
7,0.142356
7,0.142356
7,0.142356
7,0.142356
7,0.142356
7,0.142356
7.46667,0.164861
7.46667,0.164861
7.46667,0.164861
7.46667,0.164861
7.46667,0.164861
7.46667,0.164861
7.46667,0.164861
7.93333,0.173275
7.93333,0.173275
7.93333,0.173275
7.93333,0.173275
7.93333,0.173275
7.93333,0.173275
7.93333,0.173275
8.4,0.174059
8.4,0.174059
8.4,0.174059
8.4,0.174059
8.4,0.174059
8.4,0.174059
8.4,0.174059
8.86667,0.17748
8.86667,0.17748
8.86667,0.17748
8.86667,0.17748
8.86667,0.17748
8.86667,0.17748
8.86667,0.17748
9.33333,0.179686
9.33333,0.179686
9.33333,0.179686
9.33333,0.179686
9.33333,0.179686
9.33333,0.179686
9.33333,0.179686
9.8,0.179741
9.8,0.179741
9.8,0.179741
9.8,0.179741
9.8,0.179741
9.8,0.179741
9.8,0.179741
10.2667,0.176281
10.2667,0.176281
10.2667,0.176281
10.2667,0.176281
10.2667,0.176281
10.2667,0.176281
10.2667,0.176281
10.7333,0.173714
10.7333,0.173714
10.7333,0.173714
10.7333,0.173714
10.7333,0.173714
10.7333,0.173714
10.7333,0.173714
11.2,0.171751
11.2,0.171751
11.2,0.171751
11.2,0.171751
11.2,0.171751
11.2,0.171751
11.2,0.171751
11.6667,0.167573
11.6667,0.167573
11.6667,0.167573
11.6667,0.167573
11.6667,0.167573
11.6667,0.167573
11.6667,0.167573
12.1333,0.165226
12.1333,0.165226
12.1333,0.165226
12.1333,0.165226
12.1333,0.165226
12.1333,0.165226
12.1333,0.165226
12.6,0.162087
12.6,0.162087
12.6,0.162087
12.6,0.162087
12.6,0.162087
12.6,0.162087
12.6,0.162087
13.0667,0.160923
13.0667,0.160923
13.0667,0.160923
13.0667,0.160923
13.0667,0.160923
13.0667,0.160923
13.0667,0.160923
13.5333,0.161319
13.5333,0.161319
13.5333,0.161319
13.5333,0.161319
13.5333,0.161319
13.5333,0.161319
13.5333,0.161319
14,0.16166
14,0.16166
14,0.16166
14,0.16166
14,0.16166
14,0.16166
14,0.16166
14.4667,0.161099
14.4667,0.161099
14.4667,0.161099
14.4667,0.161099
14.4667,0.161099
14.4667,0.161099
14.4667,0.161099
14.9333,0.159673
14.9333,0.159673
14.9333,0.159673
14.9333,0.159673
14.9333,0.159673
14.9333,0.159673
14.9333,0.159673
15.4,0.16003
15.4,0.16003
15.4,0.16003
15.4,0.16003
15.4,0.16003
15.4,0.16003
15.4,0.16003
15.8667,0.159791
15.8667,0.159791
15.8667,0.159791
15.8667,0.159791
15.8667,0.159791
15.8667,0.159791
15.8667,0.159791
16.3333,0.16048
16.3333,0.16048
16.3333,0.16048
16.3333,0.16048
16.3333,0.16048
16.3333,0.16048
16.3333,0.16048
16.8,0.15945
16.8,0.15945
16.8,0.15945
16.8,0.15945
16.8,0.15945
16.8,0.15945
16.8,0.15945
17.2667,0.160633
17.2667,0.160633
17.2667,0.160633
17.2667,0.160633
17.2667,0.160633
17.2667,0.160633
17.2667,0.160633
17.7333,0.160841
17.7333,0.160841
17.7333,0.160841
17.7333,0.160841
17.7333,0.160841
17.7333,0.160841
17.7333,0.160841
18.2,0.160304
18.2,0.160304
18.2,0.160304
18.2,0.160304
18.2,0.160304
18.2,0.160304
18.2,0.160304
18.6667,0.161123
18.6667,0.161123
18.6667,0.161123
18.6667,0.161123
18.6667,0.161123
18.6667,0.161123
18.6667,0.161123
19.1333,0.161652
19.1333,0.161652
19.1333,0.161652
19.1333,0.161652
19.1333,0.161652
19.1333,0.161652
19.1333,0.161652
19.6,0.156279
19.6,0.156279
19.6,0.156279
19.6,0.156279
19.6,0.156279
19.6,0.156279
19.6,0.156279
20.0667,0.157267
20.0667,0.157267
20.0667,0.157267
20.0667,0.157267
20.0667,0.157267
20.0667,0.157267
20.0667,0.157267
20.5333,0.158164
20.5333,0.158164
20.5333,0.158164
20.5333,0.158164
20.5333,0.158164
20.5333,0.158164
20.5333,0.158164
21,0.159403
21,0.159403
21,0.159403
21,0.159403
21,0.159403
21,0.159403
21,0.159403
21.4667,0.158066
21.4667,0.158066
21.4667,0.158066
21.4667,0.158066
21.4667,0.158066
21.4667,0.158066
21.4667,0.158066
21.9333,0.158215
21.9333,0.158215
21.9333,0.158215
21.9333,0.158215
21.9333,0.158215
21.9333,0.158215
21.9333,0.158215
22.4,0.158051
22.4,0.158051
22.4,0.158051
22.4,0.158051
22.4,0.158051
22.4,0.158051
22.4,0.158051
22.8667,0.163639
22.8667,0.163639
22.8667,0.163639
22.8667,0.163639
22.8667,0.163639
22.8667,0.163639
22.8667,0.163639
23.3333,0.164238
23.3333,0.164238
23.3333,0.164238
23.3333,0.164238
23.3333,0.164238
23.3333,0.164238
23.3333,0.164238
23.8,0.163913
23.8,0.163913
23.8,0.163913
23.8,0.163913
23.8,0.163913
23.8,0.163913
23.8,0.163913
24.2667,0.164387
24.2667,0.164387
24.2667,0.164387
24.2667,0.164387
24.2667,0.164387
24.2667,0.164387
24.2667,0.164387
24.7333,0.163474
24.7333,0.163474
24.7333,0.163474
24.7333,0.163474
24.7333,0.163474
24.7333,0.163474
24.7333,0.163474
25.2,0.163027
25.2,0.163027
25.2,0.163027
25.2,0.163027
25.2,0.163027
25.2,0.163027
25.2,0.163027
25.6667,0.166601
25.6667,0.166601
25.6667,0.166601
25.6667,0.166601
25.6667,0.166601
25.6667,0.166601
25.6667,0.166601
26.1333,0.168424
26.1333,0.168424
26.1333,0.168424
26.1333,0.168424
26.1333,0.168424
26.1333,0.168424
26.1333,0.168424
26.6,0.170148
26.6,0.170148
26.6,0.170148
26.6,0.170148
26.6,0.170148
26.6,0.170148
26.6,0.170148
27.0667,0.172068
27.0667,0.172068
27.0667,0.172068
27.0667,0.172068
27.0667,0.172068
27.0667,0.172068
27.0667,0.172068
27.5333,0.180427
27.5333,0.180427
27.5333,0.180427
27.5333,0.180427
27.5333,0.180427
27.5333,0.180427
27.5333,0.180427
28,0.186313
28,0.186313
28,0.186313
28,0.186313
28,0.186313
28,0.186313
28,0.186313
28.4667,0.199107
28.4667,0.199107
28.4667,0.199107
28.4667,0.199107
28.4667,0.199107
28.4667,0.199107
28.4667,0.199107
28.9333,0.206698
28.9333,0.206698
28.9333,0.206698
28.9333,0.206698
28.9333,0.206698
28.9333,0.206698
28.9333,0.206698
29.4,0.207964
29.4,0.207964
29.4,0.207964
29.4,0.207964
29.4,0.207964
29.4,0.207964
29.4,0.207964
29.8667,0.205244
29.8667,0.205244
29.8667,0.205244
29.8667,0.205244
29.8667,0.205244
29.8667,0.205244
29.8667,0.205244
30.3333,0.20861
30.3333,0.20861
30.3333,0.20861
30.3333,0.20861
30.3333,0.20861
30.3333,0.20861
30.3333,0.20861
30.8,0.208983
30.8,0.208983
30.8,0.208983
30.8,0.208983
30.8,0.208983
30.8,0.208983
30.8,0.208983
31.2667,0.202932
31.2667,0.202932
31.2667,0.202932
31.2667,0.202932
31.2667,0.202932
31.2667,0.202932
31.2667,0.202932
31.7333,0.206866
31.7333,0.206866
31.7333,0.206866
31.7333,0.206866
31.7333,0.206866
31.7333,0.206866
31.7333,0.206866
32.2,0.208293
32.2,0.208293
32.2,0.208293
32.2,0.208293
32.2,0.208293
32.2,0.208293
32.2,0.208293
32.6667,0.209715
32.6667,0.209715
32.6667,0.209715
32.6667,0.209715
32.6667,0.209715
32.6667,0.209715
32.6667,0.209715
33.1333,0.205217
33.1333,0.205217
33.1333,0.205217
33.1333,0.205217
33.1333,0.205217
33.1333,0.205217
33.1333,0.205217
33.6,0.231476
33.6,0.231476
33.6,0.231476
33.6,0.231476
33.6,0.231476
33.6,0.231476
33.6,0.231476
34.0667,0.254761
34.0667,0.254761
34.0667,0.254761
34.0667,0.254761
34.0667,0.254761
34.0667,0.254761
34.0667,0.254761
34.5333,0.264013
34.5333,0.264013
34.5333,0.264013
34.5333,0.264013
34.5333,0.264013
34.5333,0.264013
34.5333,0.264013
35,0.272258
35,0.272258
35,0.272258
35,0.272258
35,0.272258
35,0.272258
35,0.272258
35.4667,0.277694
35.4667,0.277694
35.4667,0.277694
35.4667,0.277694
35.4667,0.277694
35.4667,0.277694
35.4667,0.277694
35.9333,0.282392
35.9333,0.282392
35.9333,0.282392
35.9333,0.282392
35.9333,0.282392
35.9333,0.282392
35.9333,0.282392
36.4,0.284849
36.4,0.284849
36.4,0.284849
36.4,0.284849
36.4,0.284849
36.4,0.284849
36.4,0.284849
36.8667,0.284838
36.8667,0.284838
36.8667,0.284838
36.8667,0.284838
36.8667,0.284838
36.8667,0.284838
36.8667,0.284838
37.3333,0.283478
37.3333,0.283478
37.3333,0.283478
37.3333,0.283478
37.3333,0.283478
37.3333,0.283478
37.3333,0.283478
37.8,0.28017
37.8,0.28017
37.8,0.28017
37.8,0.28017
37.8,0.28017
37.8,0.28017
37.8,0.28017
38.2667,0.286723
38.2667,0.286723
38.2667,0.286723
38.2667,0.286723
38.2667,0.286723
38.2667,0.286723
38.2667,0.286723
38.7333,0.305344
38.7333,0.305344
38.7333,0.305344
38.7333,0.305344
38.7333,0.305344
38.7333,0.305344
38.7333,0.305344
39.2,0.320337
39.2,0.320337
39.2,0.320337
39.2,0.320337
39.2,0.320337
39.2,0.320337
39.2,0.320337
39.6667,0.326439
39.6667,0.326439
39.6667,0.326439
39.6667,0.326439
39.6667,0.326439
39.6667,0.326439
39.6667,0.326439
40.1333,0.337212
40.1333,0.337212
40.1333,0.337212
40.1333,0.337212
40.1333,0.337212
40.1333,0.337212
40.1333,0.337212
40.6,0.352369
40.6,0.352369
40.6,0.352369
40.6,0.352369
40.6,0.352369
40.6,0.352369
40.6,0.352369
41.0667,0.365039
41.0667,0.365039
41.0667,0.365039
41.0667,0.365039
41.0667,0.365039
41.0667,0.365039
41.0667,0.365039
41.5333,0.378253
41.5333,0.378253
41.5333,0.378253
41.5333,0.378253
41.5333,0.378253
41.5333,0.378253
41.5333,0.378253
42,0.390146
42,0.390146
42,0.390146
42,0.390146
42,0.390146
42,0.390146
42,0.390146
42.4667,0.395993
42.4667,0.395993
42.4667,0.395993
42.4667,0.395993
42.4667,0.395993
42.4667,0.395993
42.4667,0.395993
42.9333,0.395087
42.9333,0.395087
42.9333,0.395087
42.9333,0.395087
42.9333,0.395087
42.9333,0.395087
42.9333,0.395087
43.4,0.405711
43.4,0.405711
43.4,0.405711
43.4,0.405711
43.4,0.405711
43.4,0.405711
43.4,0.405711
43.8667,0.412553
43.8667,0.412553
43.8667,0.412553
43.8667,0.412553
43.8667,0.412553
43.8667,0.412553
43.8667,0.412553
44.3333,0.419043
44.3333,0.419043
44.3333,0.419043
44.3333,0.419043
44.3333,0.419043
44.3333,0.419043
44.3333,0.419043
44.8,0.419258
44.8,0.419258
44.8,0.419258
44.8,0.419258
44.8,0.419258
44.8,0.419258
44.8,0.419258
45.2667,0.423659
45.2667,0.423659
45.2667,0.423659
45.2667,0.423659
45.2667,0.423659
45.2667,0.423659
45.2667,0.423659
45.7333,0.426908
45.7333,0.426908
45.7333,0.426908
45.7333,0.426908
45.7333,0.426908
45.7333,0.426908
45.7333,0.426908
46.2,0.430948
46.2,0.430948
46.2,0.430948
46.2,0.430948
46.2,0.430948
46.2,0.430948
46.2,0.430948
46.6667,0.428456
46.6667,0.428456
46.6667,0.428456
46.6667,0.428456
46.6667,0.428456
46.6667,0.428456
46.6667,0.428456
47.1333,0.427793
47.1333,0.427793
47.1333,0.427793
47.1333,0.427793
47.1333,0.427793
47.1333,0.427793
47.1333,0.427793
47.6,0.429584
47.6,0.429584
47.6,0.429584
47.6,0.429584
47.6,0.429584
47.6,0.429584
47.6,0.429584
48.0667,0.418839
48.0667,0.418839
48.0667,0.418839
48.0667,0.418839
48.0667,0.418839
48.0667,0.418839
48.0667,0.418839
48.5333,0.419411
48.5333,0.419411
48.5333,0.419411
48.5333,0.419411
48.5333,0.419411
48.5333,0.419411
48.5333,0.419411
49,0.415488
49,0.415488
49,0.415488
49,0.415488
49,0.415488
49,0.415488
49,0.415488
49.4667,0.413169
49.4667,0.413169
49.4667,0.413169
49.4667,0.413169
49.4667,0.413169
49.4667,0.413169
49.4667,0.413169
49.9333,0.404445
49.9333,0.404445
49.9333,0.404445
49.9333,0.404445
49.9333,0.404445
49.9333,0.404445
49.9333,0.404445
50.4,0.403568
50.4,0.403568
50.4,0.403568
50.4,0.403568
50.4,0.403568
50.4,0.403568
50.4,0.403568
50.8667,0.401075
50.8667,0.401075
50.8667,0.401075
50.8667,0.401075
50.8667,0.401075
50.8667,0.401075
50.8667,0.401075
51.3333,0.385463
51.3333,0.385463
51.3333,0.385463
51.3333,0.385463
51.3333,0.385463
51.3333,0.385463
51.3333,0.385463
51.8,0.388422
51.8,0.388422
51.8,0.388422
51.8,0.388422
51.8,0.388422
51.8,0.388422
51.8,0.388422
52.2667,0.390291
52.2667,0.390291
52.2667,0.390291
52.2667,0.390291
52.2667,0.390291
52.2667,0.390291
52.2667,0.390291
52.7333,0.397505
52.7333,0.397505
52.7333,0.397505
52.7333,0.397505
52.7333,0.397505
52.7333,0.397505
52.7333,0.397505
53.2,0.412988
53.2,0.412988
53.2,0.412988
53.2,0.412988
53.2,0.412988
53.2,0.412988
53.2,0.412988
53.6667,0.42208
53.6667,0.42208
53.6667,0.42208
53.6667,0.42208
53.6667,0.42208
53.6667,0.42208
53.6667,0.42208
54.1333,0.429913
54.1333,0.429913
54.1333,0.429913
54.1333,0.429913
54.1333,0.429913
54.1333,0.429913
54.1333,0.429913
54.6,0.435717
54.6,0.435717
54.6,0.435717
54.6,0.435717
54.6,0.435717
54.6,0.435717
54.6,0.435717
55.0667,0.441046
55.0667,0.441046
55.0667,0.441046
55.0667,0.441046
55.0667,0.441046
55.0667,0.441046
55.0667,0.441046
55.5333,0.441862
55.5333,0.441862
55.5333,0.441862
55.5333,0.441862
55.5333,0.441862
55.5333,0.441862
55.5333,0.441862
56,0.442845
56,0.442845
56,0.442845
56,0.442845
56,0.442845
56,0.442845
56,0.442845
56.4667,0.442908
56.4667,0.442908
56.4667,0.442908
56.4667,0.442908
56.4667,0.442908
56.4667,0.442908
56.4667,0.442908
56.9333,0.444103
56.9333,0.444103
56.9333,0.444103
56.9333,0.444103
56.9333,0.444103
56.9333,0.444103
56.9333,0.444103
57.4,0.445177
57.4,0.445177
57.4,0.445177
57.4,0.445177
57.4,0.445177
57.4,0.445177
57.4,0.445177
57.8667,0.445079
57.8667,0.445079
57.8667,0.445079
57.8667,0.445079
57.8667,0.445079
57.8667,0.445079
57.8667,0.445079
58.3333,0.445189
58.3333,0.445189
58.3333,0.445189
58.3333,0.445189
58.3333,0.445189
58.3333,0.445189
58.3333,0.445189
58.8,0.44437
58.8,0.44437
58.8,0.44437
58.8,0.44437
58.8,0.44437
58.8,0.44437
58.8,0.44437
59.2667,0.444703
59.2667,0.444703
59.2667,0.444703
59.2667,0.444703
59.2667,0.444703
59.2667,0.444703
59.2667,0.444703
59.7333,0.448982
59.7333,0.448982
59.7333,0.448982
59.7333,0.448982
59.7333,0.448982
59.7333,0.448982
59.7333,0.448982
60.2,0.449303
60.2,0.449303
60.2,0.449303
60.2,0.449303
60.2,0.449303
60.2,0.449303
60.2,0.449303
60.6667,0.44591
60.6667,0.44591
60.6667,0.44591
60.6667,0.44591
60.6667,0.44591
60.6667,0.44591
60.6667,0.44591
61.1333,0.438852
61.1333,0.438852
61.1333,0.438852
61.1333,0.438852
61.1333,0.438852
61.1333,0.438852
61.1333,0.438852
61.6,0.438088
61.6,0.438088
61.6,0.438088
61.6,0.438088
61.6,0.438088
61.6,0.438088
61.6,0.438088
62.0667,0.433323
62.0667,0.433323
62.0667,0.433323
62.0667,0.433323
62.0667,0.433323
62.0667,0.433323
62.0667,0.433323
62.5333,0.438562
62.5333,0.438562
62.5333,0.438562
62.5333,0.438562
62.5333,0.438562
62.5333,0.438562
62.5333,0.438562
63,0.442622
63,0.442622
63,0.442622
63,0.442622
63,0.442622
63,0.442622
63,0.442622
63.4667,0.443656
63.4667,0.443656
63.4667,0.443656
63.4667,0.443656
63.4667,0.443656
63.4667,0.443656
63.4667,0.443656
63.9333,0.44047
63.9333,0.44047
63.9333,0.44047
63.9333,0.44047
63.9333,0.44047
63.9333,0.44047
63.9333,0.44047
64.4,0.443276
64.4,0.443276
64.4,0.443276
64.4,0.443276
64.4,0.443276
64.4,0.443276
64.4,0.443276
64.8667,0.445874
64.8667,0.445874
64.8667,0.445874
64.8667,0.445874
64.8667,0.445874
64.8667,0.445874
64.8667,0.445874
65.3333,0.444511
65.3333,0.444511
65.3333,0.444511
65.3333,0.444511
65.3333,0.444511
65.3333,0.444511
65.3333,0.444511
65.8,0.444256
65.8,0.444256
65.8,0.444256
65.8,0.444256
65.8,0.444256
65.8,0.444256
65.8,0.444256
66.2667,0.445514
66.2667,0.445514
66.2667,0.445514
66.2667,0.445514
66.2667,0.445514
66.2667,0.445514
66.2667,0.445514
66.7333,0.442007
66.7333,0.442007
66.7333,0.442007
66.7333,0.442007
66.7333,0.442007
66.7333,0.442007
66.7333,0.442007
67.2,0.436144
67.2,0.436144
67.2,0.436144
67.2,0.436144
67.2,0.436144
67.2,0.436144
67.2,0.436144
67.6667,0.438209
67.6667,0.438209
67.6667,0.438209
67.6667,0.438209
67.6667,0.438209
67.6667,0.438209
67.6667,0.438209
68.1333,0.438139
68.1333,0.438139
68.1333,0.438139
68.1333,0.438139
68.1333,0.438139
68.1333,0.438139
68.1333,0.438139
68.6,0.439028
68.6,0.439028
68.6,0.439028
68.6,0.439028
68.6,0.439028
68.6,0.439028
68.6,0.439028
69.0667,0.434894
69.0667,0.434894
69.0667,0.434894
69.0667,0.434894
69.0667,0.434894
69.0667,0.434894
69.0667,0.434894
69.5333,0.438143
69.5333,0.438143
69.5333,0.438143
69.5333,0.438143
69.5333,0.438143
69.5333,0.438143
69.5333,0.438143
70,0.43779
70,0.43779
70,0.43779
70,0.43779
70,0.43779
70,0.43779
70,0.43779
70.4667,0.439667
70.4667,0.439667
70.4667,0.439667
70.4667,0.439667
70.4667,0.439667
70.4667,0.439667
70.4667,0.439667
70.9333,0.434345
70.9333,0.434345
70.9333,0.434345
70.9333,0.434345
70.9333,0.434345
70.9333,0.434345
70.9333,0.434345
71.4,0.436156
71.4,0.436156
71.4,0.436156
71.4,0.436156
71.4,0.436156
71.4,0.436156
71.4,0.436156
71.8667,0.437665
71.8667,0.437665
71.8667,0.437665
71.8667,0.437665
71.8667,0.437665
71.8667,0.437665
71.8667,0.437665
72.3333,0.434216
72.3333,0.434216
72.3333,0.434216
72.3333,0.434216
72.3333,0.434216
72.3333,0.434216
72.3333,0.434216
72.8,0.437571
72.8,0.437571
72.8,0.437571
72.8,0.437571
72.8,0.437571
72.8,0.437571
72.8,0.437571
73.2667,0.439173
73.2667,0.439173
73.2667,0.439173
73.2667,0.439173
73.2667,0.439173
73.2667,0.439173
73.2667,0.439173
73.7333,0.440145
73.7333,0.440145
73.7333,0.440145
73.7333,0.440145
73.7333,0.440145
73.7333,0.440145
73.7333,0.440145
74.2,0.435654
74.2,0.435654
74.2,0.435654
74.2,0.435654
74.2,0.435654
74.2,0.435654
74.2,0.435654
74.6667,0.435827
74.6667,0.435827
74.6667,0.435827
74.6667,0.435827
74.6667,0.435827
74.6667,0.435827
74.6667,0.435827
75.1333,0.438393
75.1333,0.438393
75.1333,0.438393
75.1333,0.438393
75.1333,0.438393
75.1333,0.438393
75.1333,0.438393
75.6,0.440694
75.6,0.440694
75.6,0.440694
75.6,0.440694
75.6,0.440694
75.6,0.440694
75.6,0.440694
76.0667,0.438582
76.0667,0.438582
76.0667,0.438582
76.0667,0.438582
76.0667,0.438582
76.0667,0.438582
76.0667,0.438582
76.5333,0.440866
76.5333,0.440866
76.5333,0.440866
76.5333,0.440866
76.5333,0.440866
76.5333,0.440866
76.5333,0.440866
77,0.440419
77,0.440419
77,0.440419
77,0.440419
77,0.440419
77,0.440419
77,0.440419
77.4667,0.440498
77.4667,0.440498
77.4667,0.440498
77.4667,0.440498
77.4667,0.440498
77.4667,0.440498
77.4667,0.440498
77.9333,0.441074
77.9333,0.441074
77.9333,0.441074
77.9333,0.441074
77.9333,0.441074
77.9333,0.441074
77.9333,0.441074
78.4,0.438378
78.4,0.438378
78.4,0.438378
78.4,0.438378
78.4,0.438378
78.4,0.438378
78.4,0.438378
78.8667,0.436826
78.8667,0.436826
78.8667,0.436826
78.8667,0.436826
78.8667,0.436826
78.8667,0.436826
78.8667,0.436826
79.3333,0.429525
79.3333,0.429525
79.3333,0.429525
79.3333,0.429525
79.3333,0.429525
79.3333,0.429525
79.3333,0.429525
79.8,0.431187
79.8,0.431187
79.8,0.431187
79.8,0.431187
79.8,0.431187
79.8,0.431187
79.8,0.431187
80.2667,0.431395
80.2667,0.431395
80.2667,0.431395
80.2667,0.431395
80.2667,0.431395
80.2667,0.431395
80.2667,0.431395
80.7333,0.428804
80.7333,0.428804
80.7333,0.428804
80.7333,0.428804
80.7333,0.428804
80.7333,0.428804
80.7333,0.428804
81.2,0.430348
81.2,0.430348
81.2,0.430348
81.2,0.430348
81.2,0.430348
81.2,0.430348
81.2,0.430348
81.6667,0.431998
81.6667,0.431998
81.6667,0.431998
81.6667,0.431998
81.6667,0.431998
81.6667,0.431998
81.6667,0.431998
82.1333,0.434048
82.1333,0.434048
82.1333,0.434048
82.1333,0.434048
82.1333,0.434048
82.1333,0.434048
82.1333,0.434048
82.6,0.434165
82.6,0.434165
82.6,0.434165
82.6,0.434165
82.6,0.434165
82.6,0.434165
82.6,0.434165
83.0667,0.437496
83.0667,0.437496
83.0667,0.437496
83.0667,0.437496
83.0667,0.437496
83.0667,0.437496
83.0667,0.437496
83.5333,0.435991
83.5333,0.435991
83.5333,0.435991
83.5333,0.435991
83.5333,0.435991
83.5333,0.435991
83.5333,0.435991
84,0.430724
84,0.430724
84,0.430724
84,0.430724
84,0.430724
84,0.430724
84,0.430724
84.4667,0.433722
84.4667,0.433722
84.4667,0.433722
84.4667,0.433722
84.4667,0.433722
84.4667,0.433722
84.4667,0.433722
84.9333,0.434894
84.9333,0.434894
84.9333,0.434894
84.9333,0.434894
84.9333,0.434894
84.9333,0.434894
84.9333,0.434894
85.4,0.435129
85.4,0.435129
85.4,0.435129
85.4,0.435129
85.4,0.435129
85.4,0.435129
85.4,0.435129
85.8667,0.433667
85.8667,0.433667
85.8667,0.433667
85.8667,0.433667
85.8667,0.433667
85.8667,0.433667
85.8667,0.433667
86.3333,0.437018
86.3333,0.437018
86.3333,0.437018
86.3333,0.437018
86.3333,0.437018
86.3333,0.437018
86.3333,0.437018
86.8,0.439792
86.8,0.439792
86.8,0.439792
86.8,0.439792
86.8,0.439792
86.8,0.439792
86.8,0.439792
87.2667,0.439687
87.2667,0.439687
87.2667,0.439687
87.2667,0.439687
87.2667,0.439687
87.2667,0.439687
87.2667,0.439687
87.7333,0.432241
87.7333,0.432241
87.7333,0.432241
87.7333,0.432241
87.7333,0.432241
87.7333,0.432241
87.7333,0.432241
88.2,0.433056
88.2,0.433056
88.2,0.433056
88.2,0.433056
88.2,0.433056
88.2,0.433056
88.2,0.433056
88.6667,0.432954
88.6667,0.432954
88.6667,0.432954
88.6667,0.432954
88.6667,0.432954
88.6667,0.432954
88.6667,0.432954
89.1333,0.430129
89.1333,0.430129
89.1333,0.430129
89.1333,0.430129
89.1333,0.430129
89.1333,0.430129
89.1333,0.430129
89.6,0.43337
89.6,0.43337
89.6,0.43337
89.6,0.43337
89.6,0.43337
89.6,0.43337
89.6,0.43337
90.0667,0.436536
90.0667,0.436536
90.0667,0.436536
90.0667,0.436536
90.0667,0.436536
90.0667,0.436536
90.0667,0.436536
90.5333,0.438437
90.5333,0.438437
90.5333,0.438437
90.5333,0.438437
90.5333,0.438437
90.5333,0.438437
90.5333,0.438437
91,0.432927
91,0.432927
91,0.432927
91,0.432927
91,0.432927
91,0.432927
91,0.432927
91.4667,0.428487
91.4667,0.428487
91.4667,0.428487
91.4667,0.428487
91.4667,0.428487
91.4667,0.428487
91.4667,0.428487
91.9333,0.423769
91.9333,0.423769
91.9333,0.423769
91.9333,0.423769
91.9333,0.423769
91.9333,0.423769
91.9333,0.423769
92.4,0.415528
92.4,0.415528
92.4,0.415528
92.4,0.415528
92.4,0.415528
92.4,0.415528
92.4,0.415528
92.8667,0.41858
92.8667,0.41858
92.8667,0.41858
92.8667,0.41858
92.8667,0.41858
92.8667,0.41858
92.8667,0.41858
93.3333,0.421096
93.3333,0.421096
93.3333,0.421096
93.3333,0.421096
93.3333,0.421096
93.3333,0.421096
93.3333,0.421096
93.8,0.42273
93.8,0.42273
93.8,0.42273
93.8,0.42273
93.8,0.42273
93.8,0.42273
93.8,0.42273
94.2667,0.418976
94.2667,0.418976
94.2667,0.418976
94.2667,0.418976
94.2667,0.418976
94.2667,0.418976
94.2667,0.418976
94.7333,0.422346
94.7333,0.422346
94.7333,0.422346
94.7333,0.422346
94.7333,0.422346
94.7333,0.422346
94.7333,0.422346
95.2,0.427821
95.2,0.427821
95.2,0.427821
95.2,0.427821
95.2,0.427821
95.2,0.427821
95.2,0.427821
95.6667,0.430885
95.6667,0.430885
95.6667,0.430885
95.6667,0.430885
95.6667,0.430885
95.6667,0.430885
95.6667,0.430885
96.1333,0.441462
96.1333,0.441462
96.1333,0.441462
96.1333,0.441462
96.1333,0.441462
96.1333,0.441462
96.1333,0.441462
96.6,0.442163
96.6,0.442163
96.6,0.442163
96.6,0.442163
96.6,0.442163
96.6,0.442163
96.6,0.442163
97.0667,0.440035
97.0667,0.440035
97.0667,0.440035
97.0667,0.440035
97.0667,0.440035
97.0667,0.440035
97.0667,0.440035
97.5333,0.426089
97.5333,0.426089
97.5333,0.426089
97.5333,0.426089
97.5333,0.426089
97.5333,0.426089
97.5333,0.426089
98,0.411346
98,0.411346
98,0.411346
98,0.411346
98,0.411346
98,0.411346
98,0.411346
98.4667,0.392047
98.4667,0.392047
98.4667,0.392047
98.4667,0.392047
98.4667,0.392047
98.4667,0.392047
98.4667,0.392047
98.9333,0.377645
98.9333,0.377645
98.9333,0.377645
98.9333,0.377645
98.9333,0.377645
98.9333,0.377645
98.9333,0.377645
99.4,0.361183
99.4,0.361183
99.4,0.361183
99.4,0.361183
99.4,0.361183
99.4,0.361183
99.4,0.361183
99.8667,0.351123
99.8667,0.351123
99.8667,0.351123
99.8667,0.351123
99.8667,0.351123
99.8667,0.351123
99.8667,0.351123
100.333,0.343944
100.333,0.343944
100.333,0.343944
100.333,0.343944
100.333,0.343944
100.333,0.343944
100.333,0.343944
100.8,0.333218
100.8,0.333218
100.8,0.333218
100.8,0.333218
100.8,0.333218
100.8,0.333218
100.8,0.333218
101.267,0.320565
101.267,0.320565
101.267,0.320565
101.267,0.320565
101.267,0.320565
101.267,0.320565
101.267,0.320565
101.733,0.307214
101.733,0.307214
101.733,0.307214
101.733,0.307214
101.733,0.307214
101.733,0.307214
101.733,0.307214
102.2,0.29755
102.2,0.29755
102.2,0.29755
102.2,0.29755
102.2,0.29755
102.2,0.29755
102.2,0.29755
102.667,0.289411
102.667,0.289411
102.667,0.289411
102.667,0.289411
102.667,0.289411
102.667,0.289411
102.667,0.289411
103.133,0.289571
103.133,0.289571
103.133,0.289571
103.133,0.289571
103.133,0.289571
103.133,0.289571
103.133,0.289571
103.6,0.293749
103.6,0.293749
103.6,0.293749
103.6,0.293749
103.6,0.293749
103.6,0.293749
103.6,0.293749
104.067,0.309953
104.067,0.309953
104.067,0.309953
104.067,0.309953
104.067,0.309953
104.067,0.309953
104.067,0.309953
104.533,0.311567
104.533,0.311567
104.533,0.311567
104.533,0.311567
104.533,0.311567
104.533,0.311567
104.533,0.311567
105,0.321552
105,0.321552
105,0.321552
105,0.321552
105,0.321552
105,0.321552
105,0.321552
105.467,0.333939
105.467,0.333939
105.467,0.333939
105.467,0.333939
105.467,0.333939
105.467,0.333939
105.467,0.333939
105.933,0.33033
105.933,0.33033
105.933,0.33033
105.933,0.33033
105.933,0.33033
105.933,0.33033
105.933,0.33033
106.4,0.333246
106.4,0.333246
106.4,0.333246
106.4,0.333246
106.4,0.333246
106.4,0.333246
106.4,0.333246
106.867,0.347083
106.867,0.347083
106.867,0.347083
106.867,0.347083
106.867,0.347083
106.867,0.347083
106.867,0.347083
107.333,0.364705
107.333,0.364705
107.333,0.364705
107.333,0.364705
107.333,0.364705
107.333,0.364705
107.333,0.364705
107.8,0.348211
107.8,0.348211
107.8,0.348211
107.8,0.348211
107.8,0.348211
107.8,0.348211
107.8,0.348211
108.267,0.347165
108.267,0.347165
108.267,0.347165
108.267,0.347165
108.267,0.347165
108.267,0.347165
108.267,0.347165
108.733,0.369957
108.733,0.369957
108.733,0.369957
108.733,0.369957
108.733,0.369957
108.733,0.369957
108.733,0.369957
109.2,0.375799
109.2,0.375799
109.2,0.375799
109.2,0.375799
109.2,0.375799
109.2,0.375799
109.2,0.375799
109.667,0.381074
109.667,0.381074
109.667,0.381074
109.667,0.381074
109.667,0.381074
109.667,0.381074
109.667,0.381074
110.133,0.36757
110.133,0.36757
110.133,0.36757
110.133,0.36757
110.133,0.36757
110.133,0.36757
110.133,0.36757
110.6,0.362966
110.6,0.362966
110.6,0.362966
110.6,0.362966
110.6,0.362966
110.6,0.362966
110.6,0.362966
111.067,0.355696
111.067,0.355696
111.067,0.355696
111.067,0.355696
111.067,0.355696
111.067,0.355696
111.067,0.355696
111.533,0.339641
111.533,0.339641
111.533,0.339641
111.533,0.339641
111.533,0.339641
111.533,0.339641
111.533,0.339641
112,0.34028
112,0.34028
112,0.34028
112,0.34028
112,0.34028
112,0.34028
112,0.34028
112.467,0.348286
112.467,0.348286
112.467,0.348286
112.467,0.348286
112.467,0.348286
112.467,0.348286
112.467,0.348286
112.933,0.356131
112.933,0.356131
112.933,0.356131
112.933,0.356131
112.933,0.356131
112.933,0.356131
112.933,0.356131
113.4,0.371422
113.4,0.371422
113.4,0.371422
113.4,0.371422
113.4,0.371422
113.4,0.371422
113.4,0.371422
113.867,0.355375
113.867,0.355375
113.867,0.355375
113.867,0.355375
113.867,0.355375
113.867,0.355375
113.867,0.355375
114.333,0.325107
114.333,0.325107
114.333,0.325107
114.333,0.325107
114.333,0.325107
114.333,0.325107
114.333,0.325107
114.8,0.302942
114.8,0.302942
114.8,0.302942
114.8,0.302942
114.8,0.302942
114.8,0.302942
114.8,0.302942
115.267,0.274292
115.267,0.274292
115.267,0.274292
115.267,0.274292
115.267,0.274292
115.267,0.274292
115.267,0.274292
115.733,0.26631
115.733,0.26631
115.733,0.26631
115.733,0.26631
115.733,0.26631
115.733,0.26631
115.733,0.26631
116.2,0.229752
116.2,0.229752
116.2,0.229752
116.2,0.229752
116.2,0.229752
116.2,0.229752
116.2,0.229752
116.667,0.210558
116.667,0.210558
116.667,0.210558
116.667,0.210558
116.667,0.210558
116.667,0.210558
116.667,0.210558
117.133,0.206439
117.133,0.206439
117.133,0.206439
117.133,0.206439
117.133,0.206439
117.133,0.206439
117.133,0.206439
117.6,0.200859
117.6,0.200859
117.6,0.200859
117.6,0.200859
117.6,0.200859
117.6,0.200859
117.6,0.200859
118.067,0.22512
118.067,0.22512
118.067,0.22512
118.067,0.22512
118.067,0.22512
118.067,0.22512
118.067,0.22512
118.533,0.210864
118.533,0.210864
118.533,0.210864
118.533,0.210864
118.533,0.210864
118.533,0.210864
118.533,0.210864
119,0.193946
119,0.193946
119,0.193946
119,0.193946
119,0.193946
119,0.193946
119,0.193946
119.467,0.176096
119.467,0.176096
119.467,0.176096
119.467,0.176096
119.467,0.176096
119.467,0.176096
119.467,0.176096
119.933,0.175348
119.933,0.175348
119.933,0.175348
119.933,0.175348
119.933,0.175348
119.933,0.175348
119.933,0.175348
120.4,0.194703
120.4,0.194703
120.4,0.194703
120.4,0.194703
120.4,0.194703
120.4,0.194703
120.4,0.194703
120.867,0.197187
120.867,0.197187
120.867,0.197187
120.867,0.197187
120.867,0.197187
120.867,0.197187
120.867,0.197187
121.333,0.190647
121.333,0.190647
121.333,0.190647
121.333,0.190647
121.333,0.190647
121.333,0.190647
121.333,0.190647
121.8,0.211106
121.8,0.211106
121.8,0.211106
121.8,0.211106
121.8,0.211106
121.8,0.211106
121.8,0.211106
122.267,0.206141
122.267,0.206141
122.267,0.206141
122.267,0.206141
122.267,0.206141
122.267,0.206141
122.267,0.206141
122.733,0.178887
122.733,0.178887
122.733,0.178887
122.733,0.178887
122.733,0.178887
122.733,0.178887
122.733,0.178887
123.2,0.138641
123.2,0.138641
123.2,0.138641
123.2,0.138641
123.2,0.138641
123.2,0.138641
123.2,0.138641
123.667,0.114349
123.667,0.114349
123.667,0.114349
123.667,0.114349
123.667,0.114349
123.667,0.114349
123.667,0.114349
124.133,0.126893
124.133,0.126893
124.133,0.126893
124.133,0.126893
124.133,0.126893
124.133,0.126893
124.133,0.126893
124.6,0.157616
124.6,0.157616
124.6,0.157616
124.6,0.157616
124.6,0.157616
124.6,0.157616
124.6,0.157616
125.067,0.163588
125.067,0.163588
125.067,0.163588
125.067,0.163588
125.067,0.163588
125.067,0.163588
125.067,0.163588
125.533,0.18027
125.533,0.18027
125.533,0.18027
125.533,0.18027
125.533,0.18027
125.533,0.18027
125.533,0.18027
126,0.197845
126,0.197845
126,0.197845
126,0.197845
126,0.197845
126,0.197845
126,0.197845
126.467,0.186724
126.467,0.186724
126.467,0.186724
126.467,0.186724
126.467,0.186724
126.467,0.186724
126.467,0.186724
126.933,0.229109
126.933,0.229109
126.933,0.229109
126.933,0.229109
126.933,0.229109
126.933,0.229109
126.933,0.229109
127.4,0.186947
127.4,0.186947
127.4,0.186947
127.4,0.186947
127.4,0.186947
127.4,0.186947
127.4,0.186947
127.867,0.161734
127.867,0.161734
127.867,0.161734
127.867,0.161734
127.867,0.161734
127.867,0.161734
127.867,0.161734
128.333,0.144645
128.333,0.144645
128.333,0.144645
128.333,0.144645
128.333,0.144645
128.333,0.144645
128.333,0.144645
128.8,0.114964
128.8,0.114964
128.8,0.114964
128.8,0.114964
128.8,0.114964
128.8,0.114964
128.8,0.114964
129.267,0.109654
129.267,0.109654
129.267,0.109654
129.267,0.109654
129.267,0.109654
129.267,0.109654
129.267,0.109654
129.733,0.0836886
129.733,0.0836886
129.733,0.0836886
129.733,0.0836886
129.733,0.0836886
129.733,0.0836886
129.733,0.0836886
130.2,0.049192
130.2,0.049192
130.2,0.049192
130.2,0.049192
130.2,0.049192
130.2,0.049192
130.2,0.049192
130.667,0.0294454
130.667,0.0294454
130.667,0.0294454
130.667,0.0294454
130.667,0.0294454
130.667,0.0294454
130.667,0.0294454
131.133,0.00521193
131.133,0.00521193
131.133,0.00521193
131.133,0.00521193
131.133,0.00521193
131.133,0.00521193
131.133,0.00521193
131.6,0.0010659
131.6,0.0010659
131.6,0.0010659
131.6,0.0010659
131.6,0.0010659
131.6,0.0010659
131.6,0.0010659
132.067,0.00109725
132.067,0.00109725
132.067,0.00109725
132.067,0.00109725
132.067,0.00109725
132.067,0.00109725
132.067,0.00109725
132.533,0.00141858
132.533,0.00141858
132.533,0.00141858
132.533,0.00141858
132.533,0.00141858
132.533,0.00141858
132.533,0.00141858
133,0.000905229
133,0.000905229
133,0.000905229
133,0.000905229
133,0.000905229
133,0.000905229
133,0.000905229
133.467,0.020256
133.467,0.020256
133.467,0.020256
133.467,0.020256
133.467,0.020256
133.467,0.020256
133.467,0.020256
133.933,0.100167
133.933,0.100167
133.933,0.100167
133.933,0.100167
133.933,0.100167
133.933,0.100167
133.933,0.100167
134.4,0.177966
134.4,0.177966
134.4,0.177966
134.4,0.177966
134.4,0.177966
134.4,0.177966
134.4,0.177966
134.867,0.219763
134.867,0.219763
134.867,0.219763
134.867,0.219763
134.867,0.219763
134.867,0.219763
134.867,0.219763
135.333,0.208967
135.333,0.208967
135.333,0.208967
135.333,0.208967
135.333,0.208967
135.333,0.208967
135.333,0.208967
135.8,0.158693
135.8,0.158693
135.8,0.158693
135.8,0.158693
135.8,0.158693
135.8,0.158693
135.8,0.158693
136.267,0.0983722
136.267,0.0983722
136.267,0.0983722
136.267,0.0983722
136.267,0.0983722
136.267,0.0983722
136.267,0.0983722
136.733,0.0579817
136.733,0.0579817
136.733,0.0579817
136.733,0.0579817
136.733,0.0579817
136.733,0.0579817
136.733,0.0579817
137.2,0.0400613
137.2,0.0400613
137.2,0.0400613
137.2,0.0400613
137.2,0.0400613
137.2,0.0400613
137.2,0.0400613
137.667,0.0274586
137.667,0.0274586
137.667,0.0274586
137.667,0.0274586
137.667,0.0274586
137.667,0.0274586
137.667,0.0274586
138.133,0.0148795
138.133,0.0148795
138.133,0.0148795
138.133,0.0148795
138.133,0.0148795
138.133,0.0148795
138.133,0.0148795
138.6,0.00555286
138.6,0.00555286
138.6,0.00555286
138.6,0.00555286
138.6,0.00555286
138.6,0.00555286
138.6,0.00555286
139.067,0.00499639
139.067,0.00499639
139.067,0.00499639
139.067,0.00499639
139.067,0.00499639
139.067,0.00499639
139.067,0.00499639
139.533,0.00413819
139.533,0.00413819
139.533,0.00413819
139.533,0.00413819
139.533,0.00413819
139.533,0.00413819
139.533,0.00413819
140,0.00608972
140,0.00608972
140,0.00608972
140,0.00608972
140,0.00608972
140,0.00608972
140,0.00608972
140.467,0.021122
140.467,0.021122
140.467,0.021122
140.467,0.021122
140.467,0.021122
140.467,0.021122
140.467,0.021122
140.933,0.0454652
140.933,0.0454652
140.933,0.0454652
140.933,0.0454652
140.933,0.0454652
140.933,0.0454652
140.933,0.0454652
141.4,0.0813413
141.4,0.0813413
141.4,0.0813413
141.4,0.0813413
141.4,0.0813413
141.4,0.0813413
141.4,0.0813413
141.867,0.13919
141.867,0.13919
141.867,0.13919
141.867,0.13919
141.867,0.13919
141.867,0.13919
141.867,0.13919
142.333,0.170932
142.333,0.170932
142.333,0.170932
142.333,0.170932
142.333,0.170932
142.333,0.170932
142.333,0.170932
142.8,0.188331
142.8,0.188331
142.8,0.188331
142.8,0.188331
142.8,0.188331
142.8,0.188331
142.8,0.188331
143.267,0.192026
143.267,0.192026
143.267,0.192026
143.267,0.192026
143.267,0.192026
143.267,0.192026
143.267,0.192026
143.733,0.214637
143.733,0.214637
143.733,0.214637
143.733,0.214637
143.733,0.214637
143.733,0.214637
143.733,0.214637
144.2,0.199676
144.2,0.199676
144.2,0.199676
144.2,0.199676
144.2,0.199676
144.2,0.199676
144.2,0.199676
144.667,0.165786
144.667,0.165786
144.667,0.165786
144.667,0.165786
144.667,0.165786
144.667,0.165786
144.667,0.165786
145.133,0.118319
145.133,0.118319
145.133,0.118319
145.133,0.118319
145.133,0.118319
145.133,0.118319
145.133,0.118319
145.6,0.0722067
145.6,0.0722067
145.6,0.0722067
145.6,0.0722067
145.6,0.0722067
145.6,0.0722067
145.6,0.0722067
146.067,0.0299744
146.067,0.0299744
146.067,0.0299744
146.067,0.0299744
146.067,0.0299744
146.067,0.0299744
146.067,0.0299744
146.533,0.0108588
146.533,0.0108588
146.533,0.0108588
146.533,0.0108588
146.533,0.0108588
146.533,0.0108588
146.533,0.0108588
147,0.0020064
147,0.0020064
147,0.0020064
147,0.0020064
147,0.0020064
147,0.0020064
147,0.0020064
147.467,0.00102279
147.467,0.00102279
147.467,0.00102279
147.467,0.00102279
147.467,0.00102279
147.467,0.00102279
147.467,0.00102279
147.933,0.00146169
147.933,0.00146169
147.933,0.00146169
147.933,0.00146169
147.933,0.00146169
147.933,0.00146169
147.933,0.00146169
148.4,0.00133237
148.4,0.00133237
148.4,0.00133237
148.4,0.00133237
148.4,0.00133237
148.4,0.00133237
148.4,0.00133237
148.867,0.0014421
148.867,0.0014421
148.867,0.0014421
148.867,0.0014421
148.867,0.0014421
148.867,0.0014421
148.867,0.0014421
149.333,0.00182221
149.333,0.00182221
149.333,0.00182221
149.333,0.00182221
149.333,0.00182221
149.333,0.00182221
149.333,0.00182221
149.8,0.00153223
149.8,0.00153223
149.8,0.00153223
149.8,0.00153223
149.8,0.00153223
149.8,0.00153223
149.8,0.00153223
150.267,0.00166938
150.267,0.00166938
150.267,0.00166938
150.267,0.00166938
150.267,0.00166938
150.267,0.00166938
150.267,0.00166938
150.733,0.0018183
150.733,0.0018183
150.733,0.0018183
150.733,0.0018183
150.733,0.0018183
150.733,0.0018183
150.733,0.0018183
151.2,0.0194918
151.2,0.0194918
151.2,0.0194918
151.2,0.0194918
151.2,0.0194918
151.2,0.0194918
151.2,0.0194918
151.667,0.0475382
151.667,0.0475382
151.667,0.0475382
151.667,0.0475382
151.667,0.0475382
151.667,0.0475382
151.667,0.0475382
152.133,0.0608345
152.133,0.0608345
152.133,0.0608345
152.133,0.0608345
152.133,0.0608345
152.133,0.0608345
152.133,0.0608345
152.6,0.0657526
152.6,0.0657526
152.6,0.0657526
152.6,0.0657526
152.6,0.0657526
152.6,0.0657526
152.6,0.0657526
153.067,0.0638285
153.067,0.0638285
153.067,0.0638285
153.067,0.0638285
153.067,0.0638285
153.067,0.0638285
153.067,0.0638285
153.533,0.0684643
153.533,0.0684643
153.533,0.0684643
153.533,0.0684643
153.533,0.0684643
153.533,0.0684643
153.533,0.0684643
154,0.0442347
154,0.0442347
154,0.0442347
154,0.0442347
154,0.0442347
154,0.0442347
154,0.0442347
154.467,0.0322669
154.467,0.0322669
154.467,0.0322669
154.467,0.0322669
154.467,0.0322669
154.467,0.0322669
154.467,0.0322669
154.933,0.0270746
154.933,0.0270746
154.933,0.0270746
154.933,0.0270746
154.933,0.0270746
154.933,0.0270746
154.933,0.0270746
155.4,0.0208986
155.4,0.0208986
155.4,0.0208986
155.4,0.0208986
155.4,0.0208986
155.4,0.0208986
155.4,0.0208986
155.867,0.0146835
155.867,0.0146835
155.867,0.0146835
155.867,0.0146835
155.867,0.0146835
155.867,0.0146835
155.867,0.0146835
156.333,0.00813923
156.333,0.00813923
156.333,0.00813923
156.333,0.00813923
156.333,0.00813923
156.333,0.00813923
156.333,0.00813923
156.8,0.00438899
156.8,0.00438899
156.8,0.00438899
156.8,0.00438899
156.8,0.00438899
156.8,0.00438899
156.8,0.00438899
157.267,0.00497288
157.267,0.00497288
157.267,0.00497288
157.267,0.00497288
157.267,0.00497288
157.267,0.00497288
157.267,0.00497288
157.733,0.00655605
157.733,0.00655605
157.733,0.00655605
157.733,0.00655605
157.733,0.00655605
157.733,0.00655605
157.733,0.00655605
158.2,0.00675983
158.2,0.00675983
158.2,0.00675983
158.2,0.00675983
158.2,0.00675983
158.2,0.00675983
158.2,0.00675983
158.667,0.00503558
158.667,0.00503558
158.667,0.00503558
158.667,0.00503558
158.667,0.00503558
158.667,0.00503558
158.667,0.00503558
159.133,0.0512415
159.133,0.0512415
159.133,0.0512415
159.133,0.0512415
159.133,0.0512415
159.133,0.0512415
159.133,0.0512415
159.6,0.0623668
159.6,0.0623668
159.6,0.0623668
159.6,0.0623668
159.6,0.0623668
159.6,0.0623668
159.6,0.0623668
160.067,0.0652235
160.067,0.0652235
160.067,0.0652235
160.067,0.0652235
160.067,0.0652235
160.067,0.0652235
160.067,0.0652235
160.533,0.068578
160.533,0.068578
160.533,0.068578
160.533,0.068578
160.533,0.068578
160.533,0.068578
160.533,0.068578
161,0.045575
161,0.045575
161,0.045575
161,0.045575
161,0.045575
161,0.045575
161,0.045575
161.467,0.011286
161.467,0.011286
161.467,0.011286
161.467,0.011286
161.467,0.011286
161.467,0.011286
161.467,0.011286
161.933,0.00103063
161.933,0.00103063
161.933,0.00103063
161.933,0.00103063
161.933,0.00103063
161.933,0.00103063
161.933,0.00103063
162.4,0.0357663
162.4,0.0357663
162.4,0.0357663
162.4,0.0357663
162.4,0.0357663
162.4,0.0357663
162.4,0.0357663
162.867,0.0435529
162.867,0.0435529
162.867,0.0435529
162.867,0.0435529
162.867,0.0435529
162.867,0.0435529
162.867,0.0435529
163.333,0.0474755
163.333,0.0474755
163.333,0.0474755
163.333,0.0474755
163.333,0.0474755
163.333,0.0474755
163.333,0.0474755
163.8,0.0493761
163.8,0.0493761
163.8,0.0493761
163.8,0.0493761
163.8,0.0493761
163.8,0.0493761
163.8,0.0493761
164.267,0.0242884
164.267,0.0242884
164.267,0.0242884
164.267,0.0242884
164.267,0.0242884
164.267,0.0242884
164.267,0.0242884
164.733,0.00799031
164.733,0.00799031
164.733,0.00799031
164.733,0.00799031
164.733,0.00799031
164.733,0.00799031
164.733,0.00799031
165.2,0.00553326
165.2,0.00553326
165.2,0.00553326
165.2,0.00553326
165.2,0.00553326
165.2,0.00553326
165.2,0.00553326
165.667,0.00804518
165.667,0.00804518
165.667,0.00804518
165.667,0.00804518
165.667,0.00804518
165.667,0.00804518
165.667,0.00804518
166.133,0.00961267
166.133,0.00961267
166.133,0.00961267
166.133,0.00961267
166.133,0.00961267
166.133,0.00961267
166.133,0.00961267
166.6,0.0104826
166.6,0.0104826
166.6,0.0104826
166.6,0.0104826
166.6,0.0104826
166.6,0.0104826
166.6,0.0104826
167.067,0.00947943
167.067,0.00947943
167.067,0.00947943
167.067,0.00947943
167.067,0.00947943
167.067,0.00947943
167.067,0.00947943
167.533,0.0513825
167.533,0.0513825
167.533,0.0513825
167.533,0.0513825
167.533,0.0513825
167.533,0.0513825
167.533,0.0513825
168,0.0592279
168,0.0592279
168,0.0592279
168,0.0592279
168,0.0592279
168,0.0592279
168,0.0592279
168.467,0.065972
168.467,0.065972
168.467,0.065972
168.467,0.065972
168.467,0.065972
168.467,0.065972
168.467,0.065972
168.933,0.0697732
168.933,0.0697732
168.933,0.0697732
168.933,0.0697732
168.933,0.0697732
168.933,0.0697732
168.933,0.0697732
169.4,0.0722655
169.4,0.0722655
169.4,0.0722655
169.4,0.0722655
169.4,0.0722655
169.4,0.0722655
169.4,0.0722655
169.867,0.0614537
169.867,0.0614537
169.867,0.0614537
169.867,0.0614537
169.867,0.0614537
169.867,0.0614537
169.867,0.0614537
170.333,0.0315851
170.333,0.0315851
170.333,0.0315851
170.333,0.0315851
170.333,0.0315851
170.333,0.0315851
170.333,0.0315851
170.8,0.00255502
170.8,0.00255502
170.8,0.00255502
170.8,0.00255502
170.8,0.00255502
170.8,0.00255502
170.8,0.00255502
171.267,0.00299784
171.267,0.00299784
171.267,0.00299784
171.267,0.00299784
171.267,0.00299784
171.267,0.00299784
171.267,0.00299784
171.733,0.00202991
171.733,0.00202991
171.733,0.00202991
171.733,0.00202991
171.733,0.00202991
171.733,0.00202991
171.733,0.00202991
172.2,0.00171249
172.2,0.00171249
172.2,0.00171249
172.2,0.00171249
172.2,0.00171249
172.2,0.00171249
172.2,0.00171249
172.667,0.00194761
172.667,0.00194761
172.667,0.00194761
172.667,0.00194761
172.667,0.00194761
172.667,0.00194761
172.667,0.00194761
173.133,0.0018614
173.133,0.0018614
173.133,0.0018614
173.133,0.0018614
173.133,0.0018614
173.133,0.0018614
173.133,0.0018614
173.6,0.00174776
173.6,0.00174776
173.6,0.00174776
173.6,0.00174776
173.6,0.00174776
173.6,0.00174776
173.6,0.00174776
174.067,0.00222976
174.067,0.00222976
174.067,0.00222976
174.067,0.00222976
174.067,0.00222976
174.067,0.00222976
174.067,0.00222976
174.533,0.00187708
174.533,0.00187708
174.533,0.00187708
174.533,0.00187708
174.533,0.00187708
174.533,0.00187708
174.533,0.00187708
175,0.0150754
175,0.0150754
175,0.0150754
175,0.0150754
175,0.0150754
175,0.0150754
175,0.0150754
175.467,0.0368087
175.467,0.0368087
175.467,0.0368087
175.467,0.0368087
175.467,0.0368087
175.467,0.0368087
175.467,0.0368087
175.933,0.062065
175.933,0.062065
175.933,0.062065
175.933,0.062065
175.933,0.062065
175.933,0.062065
175.933,0.062065
176.4,0.120713
176.4,0.120713
176.4,0.120713
176.4,0.120713
176.4,0.120713
176.4,0.120713
176.4,0.120713
176.867,0.142368
176.867,0.142368
176.867,0.142368
176.867,0.142368
176.867,0.142368
176.867,0.142368
176.867,0.142368
177.333,0.142842
177.333,0.142842
177.333,0.142842
177.333,0.142842
177.333,0.142842
177.333,0.142842
177.333,0.142842
177.8,0.121109
177.8,0.121109
177.8,0.121109
177.8,0.121109
177.8,0.121109
177.8,0.121109
177.8,0.121109
178.267,0.123813
178.267,0.123813
178.267,0.123813
178.267,0.123813
178.267,0.123813
178.267,0.123813
178.267,0.123813
178.733,0.109854
178.733,0.109854
178.733,0.109854
178.733,0.109854
178.733,0.109854
178.733,0.109854
178.733,0.109854
179.2,0.093893
179.2,0.093893
179.2,0.093893
179.2,0.093893
179.2,0.093893
179.2,0.093893
179.2,0.093893
179.667,0.0554933
179.667,0.0554933
179.667,0.0554933
179.667,0.0554933
179.667,0.0554933
179.667,0.0554933
179.667,0.0554933
180.133,0.0341675
180.133,0.0341675
180.133,0.0341675
180.133,0.0341675
180.133,0.0341675
180.133,0.0341675
180.133,0.0341675
180.6,0.0353431
180.6,0.0353431
180.6,0.0353431
180.6,0.0353431
180.6,0.0353431
180.6,0.0353431
180.6,0.0353431
181.067,0.0362523
181.067,0.0362523
181.067,0.0362523
181.067,0.0362523
181.067,0.0362523
181.067,0.0362523
181.067,0.0362523
181.533,0.0364992
181.533,0.0364992
181.533,0.0364992
181.533,0.0364992
181.533,0.0364992
181.533,0.0364992
181.533,0.0364992
182,0.0549251
182,0.0549251
182,0.0549251
182,0.0549251
182,0.0549251
182,0.0549251
182,0.0549251
182.467,0.0756787
182.467,0.0756787
182.467,0.0756787
182.467,0.0756787
182.467,0.0756787
182.467,0.0756787
182.467,0.0756787
182.933,0.0808515
182.933,0.0808515
182.933,0.0808515
182.933,0.0808515
182.933,0.0808515
182.933,0.0808515
182.933,0.0808515
183.4,0.0877641
183.4,0.0877641
183.4,0.0877641
183.4,0.0877641
183.4,0.0877641
183.4,0.0877641
183.4,0.0877641
183.867,0.0899782
183.867,0.0899782
183.867,0.0899782
183.867,0.0899782
183.867,0.0899782
183.867,0.0899782
183.867,0.0899782
184.333,0.0935129
184.333,0.0935129
184.333,0.0935129
184.333,0.0935129
184.333,0.0935129
184.333,0.0935129
184.333,0.0935129
184.8,0.0948218
184.8,0.0948218
184.8,0.0948218
184.8,0.0948218
184.8,0.0948218
184.8,0.0948218
184.8,0.0948218
185.267,0.0957074
185.267,0.0957074
185.267,0.0957074
185.267,0.0957074
185.267,0.0957074
185.267,0.0957074
185.267,0.0957074
185.733,0.0965695
185.733,0.0965695
185.733,0.0965695
185.733,0.0965695
185.733,0.0965695
185.733,0.0965695
185.733,0.0965695
186.2,0.0978196
186.2,0.0978196
186.2,0.0978196
186.2,0.0978196
186.2,0.0978196
186.2,0.0978196
186.2,0.0978196
186.667,0.0981801
186.667,0.0981801
186.667,0.0981801
186.667,0.0981801
186.667,0.0981801
186.667,0.0981801
186.667,0.0981801
187.133,0.0994028
187.133,0.0994028
187.133,0.0994028
187.133,0.0994028
187.133,0.0994028
187.133,0.0994028
187.133,0.0994028
187.6,0.0987405
187.6,0.0987405
187.6,0.0987405
187.6,0.0987405
187.6,0.0987405
187.6,0.0987405
187.6,0.0987405
188.067,0.0997359
188.067,0.0997359
188.067,0.0997359
188.067,0.0997359
188.067,0.0997359
188.067,0.0997359
188.067,0.0997359
188.533,0.0995047
188.533,0.0995047
188.533,0.0995047
188.533,0.0995047
188.533,0.0995047
188.533,0.0995047
188.533,0.0995047
189,0.0996653
189,0.0996653
189,0.0996653
189,0.0996653
189,0.0996653
189,0.0996653
189,0.0996653
189.467,0.101656
189.467,0.101656
189.467,0.101656
189.467,0.101656
189.467,0.101656
189.467,0.101656
189.467,0.101656
189.933,0.102287
189.933,0.102287
189.933,0.102287
189.933,0.102287
189.933,0.102287
189.933,0.102287
189.933,0.102287
190.4,0.102546
190.4,0.102546
190.4,0.102546
190.4,0.102546
190.4,0.102546
190.4,0.102546
190.4,0.102546
190.867,0.1011
190.867,0.1011
190.867,0.1011
190.867,0.1011
190.867,0.1011
190.867,0.1011
190.867,0.1011
191.333,0.103851
191.333,0.103851
191.333,0.103851
191.333,0.103851
191.333,0.103851
191.333,0.103851
191.333,0.103851
191.8,0.104603
191.8,0.104603
191.8,0.104603
191.8,0.104603
191.8,0.104603
191.8,0.104603
191.8,0.104603
192.267,0.109188
192.267,0.109188
192.267,0.109188
192.267,0.109188
192.267,0.109188
192.267,0.109188
192.267,0.109188
192.733,0.111288
192.733,0.111288
192.733,0.111288
192.733,0.111288
192.733,0.111288
192.733,0.111288
192.733,0.111288
193.2,0.107205
193.2,0.107205
193.2,0.107205
193.2,0.107205
193.2,0.107205
193.2,0.107205
193.2,0.107205
193.667,0.105669
193.667,0.105669
193.667,0.105669
193.667,0.105669
193.667,0.105669
193.667,0.105669
193.667,0.105669
194.133,0.106978
194.133,0.106978
194.133,0.106978
194.133,0.106978
194.133,0.106978
194.133,0.106978
194.133,0.106978
194.6,0.10438
194.6,0.10438
194.6,0.10438
194.6,0.10438
194.6,0.10438
194.6,0.10438
194.6,0.10438
195.067,0.105681
195.067,0.105681
195.067,0.105681
195.067,0.105681
195.067,0.105681
195.067,0.105681
195.067,0.105681
195.533,0.111343
195.533,0.111343
195.533,0.111343
195.533,0.111343
195.533,0.111343
195.533,0.111343
195.533,0.111343
196,0.111955
196,0.111955
196,0.111955
196,0.111955
196,0.111955
196,0.111955
196,0.111955
196.467,0.125415
196.467,0.125415
196.467,0.125415
196.467,0.125415
196.467,0.125415
196.467,0.125415
196.467,0.125415
196.933,0.137058
196.933,0.137058
196.933,0.137058
196.933,0.137058
196.933,0.137058
196.933,0.137058
196.933,0.137058
197.4,0.150437
197.4,0.150437
197.4,0.150437
197.4,0.150437
197.4,0.150437
197.4,0.150437
197.4,0.150437
197.867,0.164799
197.867,0.164799
197.867,0.164799
197.867,0.164799
197.867,0.164799
197.867,0.164799
197.867,0.164799
198.333,0.178377
198.333,0.178377
198.333,0.178377
198.333,0.178377
198.333,0.178377
198.333,0.178377
198.333,0.178377
198.8,0.193468
198.8,0.193468
198.8,0.193468
198.8,0.193468
198.8,0.193468
198.8,0.193468
198.8,0.193468
199.267,0.209954
199.267,0.209954
199.267,0.209954
199.267,0.209954
199.267,0.209954
199.267,0.209954
199.267,0.209954
199.733,0.254816
199.733,0.254816
199.733,0.254816
199.733,0.254816
199.733,0.254816
199.733,0.254816
199.733,0.254816
200.2,0.278732
200.2,0.278732
200.2,0.278732
200.2,0.278732
200.2,0.278732
200.2,0.278732
200.2,0.278732
200.667,0.29264
200.667,0.29264
200.667,0.29264
200.667,0.29264
200.667,0.29264
200.667,0.29264
200.667,0.29264
201.133,0.311258
201.133,0.311258
201.133,0.311258
201.133,0.311258
201.133,0.311258
201.133,0.311258
201.133,0.311258
201.6,0.322567
201.6,0.322567
201.6,0.322567
201.6,0.322567
201.6,0.322567
201.6,0.322567
201.6,0.322567
202.067,0.315682
202.067,0.315682
202.067,0.315682
202.067,0.315682
202.067,0.315682
202.067,0.315682
202.067,0.315682
202.533,0.310505
202.533,0.310505
202.533,0.310505
202.533,0.310505
202.533,0.310505
202.533,0.310505
202.533,0.310505
203,0.313276
203,0.313276
203,0.313276
203,0.313276
203,0.313276
203,0.313276
203,0.313276
203.467,0.313891
203.467,0.313891
203.467,0.313891
203.467,0.313891
203.467,0.313891
203.467,0.313891
203.467,0.313891
203.933,0.325702
203.933,0.325702
203.933,0.325702
203.933,0.325702
203.933,0.325702
203.933,0.325702
203.933,0.325702
204.4,0.339994
204.4,0.339994
204.4,0.339994
204.4,0.339994
204.4,0.339994
204.4,0.339994
204.4,0.339994
204.867,0.352346
204.867,0.352346
204.867,0.352346
204.867,0.352346
204.867,0.352346
204.867,0.352346
204.867,0.352346
205.333,0.355351
205.333,0.355351
205.333,0.355351
205.333,0.355351
205.333,0.355351
205.333,0.355351
205.333,0.355351
205.8,0.354513
205.8,0.354513
205.8,0.354513
205.8,0.354513
205.8,0.354513
205.8,0.354513
205.8,0.354513
206.267,0.363193
206.267,0.363193
206.267,0.363193
206.267,0.363193
206.267,0.363193
206.267,0.363193
206.267,0.363193
206.733,0.368221
206.733,0.368221
206.733,0.368221
206.733,0.368221
206.733,0.368221
206.733,0.368221
206.733,0.368221
207.2,0.358855
207.2,0.358855
207.2,0.358855
207.2,0.358855
207.2,0.358855
207.2,0.358855
207.2,0.358855
207.667,0.34905
207.667,0.34905
207.667,0.34905
207.667,0.34905
207.667,0.34905
207.667,0.34905
207.667,0.34905
208.133,0.347471
208.133,0.347471
208.133,0.347471
208.133,0.347471
208.133,0.347471
208.133,0.347471
208.133,0.347471
208.6,0.351002
208.6,0.351002
208.6,0.351002
208.6,0.351002
208.6,0.351002
208.6,0.351002
208.6,0.351002
209.067,0.353153
209.067,0.353153
209.067,0.353153
209.067,0.353153
209.067,0.353153
209.067,0.353153
209.067,0.353153
209.533,0.359592
209.533,0.359592
209.533,0.359592
209.533,0.359592
209.533,0.359592
209.533,0.359592
209.533,0.359592
210,0.364553
210,0.364553
210,0.364553
210,0.364553
210,0.364553
210,0.364553
210,0.364553
210.467,0.369831
210.467,0.369831
210.467,0.369831
210.467,0.369831
210.467,0.369831
210.467,0.369831
210.467,0.369831
210.933,0.37065
210.933,0.37065
210.933,0.37065
210.933,0.37065
210.933,0.37065
210.933,0.37065
210.933,0.37065
211.4,0.370819
211.4,0.370819
211.4,0.370819
211.4,0.370819
211.4,0.370819
211.4,0.370819
211.4,0.370819
211.867,0.373965
211.867,0.373965
211.867,0.373965
211.867,0.373965
211.867,0.373965
211.867,0.373965
211.867,0.373965
212.333,0.378292
212.333,0.378292
212.333,0.378292
212.333,0.378292
212.333,0.378292
212.333,0.378292
212.333,0.378292
212.8,0.391275
212.8,0.391275
212.8,0.391275
212.8,0.391275
212.8,0.391275
212.8,0.391275
212.8,0.391275
213.267,0.400527
213.267,0.400527
213.267,0.400527
213.267,0.400527
213.267,0.400527
213.267,0.400527
213.267,0.400527
213.733,0.409873
213.733,0.409873
213.733,0.409873
213.733,0.409873
213.733,0.409873
213.733,0.409873
213.733,0.409873
214.2,0.410351
214.2,0.410351
214.2,0.410351
214.2,0.410351
214.2,0.410351
214.2,0.410351
214.2,0.410351
214.667,0.411511
214.667,0.411511
214.667,0.411511
214.667,0.411511
214.667,0.411511
214.667,0.411511
214.667,0.411511
215.133,0.415281
215.133,0.415281
215.133,0.415281
215.133,0.415281
215.133,0.415281
215.133,0.415281
215.133,0.415281
215.6,0.416621
215.6,0.416621
215.6,0.416621
215.6,0.416621
215.6,0.416621
215.6,0.416621
215.6,0.416621
216.067,0.414031
216.067,0.414031
216.067,0.414031
216.067,0.414031
216.067,0.414031
216.067,0.414031
216.067,0.414031
216.533,0.41329
216.533,0.41329
216.533,0.41329
216.533,0.41329
216.533,0.41329
216.533,0.41329
216.533,0.41329
217,0.413956
217,0.413956
217,0.413956
217,0.413956
217,0.413956
217,0.413956
217,0.413956
217.467,0.413353
217.467,0.413353
217.467,0.413353
217.467,0.413353
217.467,0.413353
217.467,0.413353
217.467,0.413353
217.933,0.417244
217.933,0.417244
217.933,0.417244
217.933,0.417244
217.933,0.417244
217.933,0.417244
217.933,0.417244
218.4,0.420222
218.4,0.420222
218.4,0.420222
218.4,0.420222
218.4,0.420222
218.4,0.420222
218.4,0.420222
218.867,0.419603
218.867,0.419603
218.867,0.419603
218.867,0.419603
218.867,0.419603
218.867,0.419603
218.867,0.419603
219.333,0.407819
219.333,0.407819
219.333,0.407819
219.333,0.407819
219.333,0.407819
219.333,0.407819
219.333,0.407819
219.8,0.409724
219.8,0.409724
219.8,0.409724
219.8,0.409724
219.8,0.409724
219.8,0.409724
219.8,0.409724
220.267,0.408752
220.267,0.408752
220.267,0.408752
220.267,0.408752
220.267,0.408752
220.267,0.408752
220.267,0.408752
220.733,0.399708
220.733,0.399708
220.733,0.399708
220.733,0.399708
220.733,0.399708
220.733,0.399708
220.733,0.399708
221.2,0.400766
221.2,0.400766
221.2,0.400766
221.2,0.400766
221.2,0.400766
221.2,0.400766
221.2,0.400766
221.667,0.400636
221.667,0.400636
221.667,0.400636
221.667,0.400636
221.667,0.400636
221.667,0.400636
221.667,0.400636
222.133,0.402184
222.133,0.402184
222.133,0.402184
222.133,0.402184
222.133,0.402184
222.133,0.402184
222.133,0.402184
222.6,0.403305
222.6,0.403305
222.6,0.403305
222.6,0.403305
222.6,0.403305
222.6,0.403305
222.6,0.403305
223.067,0.404512
223.067,0.404512
223.067,0.404512
223.067,0.404512
223.067,0.404512
223.067,0.404512
223.067,0.404512
223.533,0.402404
223.533,0.402404
223.533,0.402404
223.533,0.402404
223.533,0.402404
223.533,0.402404
223.533,0.402404
224,0.401467
224,0.401467
224,0.401467
224,0.401467
224,0.401467
224,0.401467
224,0.401467
224.467,0.405982
224.467,0.405982
224.467,0.405982
224.467,0.405982
224.467,0.405982
224.467,0.405982
224.467,0.405982
224.933,0.410974
224.933,0.410974
224.933,0.410974
224.933,0.410974
224.933,0.410974
224.933,0.410974
224.933,0.410974
225.4,0.413008
225.4,0.413008
225.4,0.413008
225.4,0.413008
225.4,0.413008
225.4,0.413008
225.4,0.413008
225.867,0.408925
225.867,0.408925
225.867,0.408925
225.867,0.408925
225.867,0.408925
225.867,0.408925
225.867,0.408925
226.333,0.410073
226.333,0.410073
226.333,0.410073
226.333,0.410073
226.333,0.410073
226.333,0.410073
226.333,0.410073
226.8,0.411319
226.8,0.411319
226.8,0.411319
226.8,0.411319
226.8,0.411319
226.8,0.411319
226.8,0.411319
227.267,0.414638
227.267,0.414638
227.267,0.414638
227.267,0.414638
227.267,0.414638
227.267,0.414638
227.267,0.414638
227.733,0.413141
227.733,0.413141
227.733,0.413141
227.733,0.413141
227.733,0.413141
227.733,0.413141
227.733,0.413141
228.2,0.414783
228.2,0.414783
228.2,0.414783
228.2,0.414783
228.2,0.414783
228.2,0.414783
228.2,0.414783
228.667,0.415406
228.667,0.415406
228.667,0.415406
228.667,0.415406
228.667,0.415406
228.667,0.415406
228.667,0.415406
229.133,0.418157
229.133,0.418157
229.133,0.418157
229.133,0.418157
229.133,0.418157
229.133,0.418157
229.133,0.418157
229.6,0.419341
229.6,0.419341
229.6,0.419341
229.6,0.419341
229.6,0.419341
229.6,0.419341
229.6,0.419341
230.067,0.420622
230.067,0.420622
230.067,0.420622
230.067,0.420622
230.067,0.420622
230.067,0.420622
230.067,0.420622
230.533,0.420265
230.533,0.420265
230.533,0.420265
230.533,0.420265
230.533,0.420265
230.533,0.420265
230.533,0.420265
231,0.418988
231,0.418988
231,0.418988
231,0.418988
231,0.418988
231,0.418988
231,0.418988
231.467,0.413968
231.467,0.413968
231.467,0.413968
231.467,0.413968
231.467,0.413968
231.467,0.413968
231.467,0.413968
231.933,0.412299
231.933,0.412299
231.933,0.412299
231.933,0.412299
231.933,0.412299
231.933,0.412299
231.933,0.412299
232.4,0.410884
232.4,0.410884
232.4,0.410884
232.4,0.410884
232.4,0.410884
232.4,0.410884
232.4,0.410884
232.867,0.411264
232.867,0.411264
232.867,0.411264
232.867,0.411264
232.867,0.411264
232.867,0.411264
232.867,0.411264
233.333,0.41311
233.333,0.41311
233.333,0.41311
233.333,0.41311
233.333,0.41311
233.333,0.41311
233.333,0.41311
233.8,0.413165
233.8,0.413165
233.8,0.413165
233.8,0.413165
233.8,0.413165
233.8,0.413165
233.8,0.413165
234.267,0.411519
234.267,0.411519
234.267,0.411519
234.267,0.411519
234.267,0.411519
234.267,0.411519
234.267,0.411519
234.733,0.41177
234.733,0.41177
234.733,0.41177
234.733,0.41177
234.733,0.41177
234.733,0.41177
234.733,0.41177
235.2,0.412197
235.2,0.412197
235.2,0.412197
235.2,0.412197
235.2,0.412197
235.2,0.412197
235.2,0.412197
235.667,0.408482
235.667,0.408482
235.667,0.408482
235.667,0.408482
235.667,0.408482
235.667,0.408482
235.667,0.408482
236.133,0.410802
236.133,0.410802
236.133,0.410802
236.133,0.410802
236.133,0.410802
236.133,0.410802
236.133,0.410802
236.6,0.41646
236.6,0.41646
236.6,0.41646
236.6,0.41646
236.6,0.41646
236.6,0.41646
236.6,0.41646
237.067,0.419584
237.067,0.419584
237.067,0.419584
237.067,0.419584
237.067,0.419584
237.067,0.419584
237.067,0.419584
237.533,0.417056
237.533,0.417056
237.533,0.417056
237.533,0.417056
237.533,0.417056
237.533,0.417056
237.533,0.417056
238,0.41329
238,0.41329
238,0.41329
238,0.41329
238,0.41329
238,0.41329
238,0.41329
238.467,0.415289
238.467,0.415289
238.467,0.415289
238.467,0.415289
238.467,0.415289
238.467,0.415289
238.467,0.415289
238.933,0.419137
238.933,0.419137
238.933,0.419137
238.933,0.419137
238.933,0.419137
238.933,0.419137
238.933,0.419137
239.4,0.419243
239.4,0.419243
239.4,0.419243
239.4,0.419243
239.4,0.419243
239.4,0.419243
239.4,0.419243
239.867,0.413686
239.867,0.413686
239.867,0.413686
239.867,0.413686
239.867,0.413686
239.867,0.413686
239.867,0.413686
240.333,0.413165
240.333,0.413165
240.333,0.413165
240.333,0.413165
240.333,0.413165
240.333,0.413165
240.333,0.413165
240.8,0.414654
240.8,0.414654
240.8,0.414654
240.8,0.414654
240.8,0.414654
240.8,0.414654
240.8,0.414654
241.267,0.413807
241.267,0.413807
241.267,0.413807
241.267,0.413807
241.267,0.413807
241.267,0.413807
241.267,0.413807
241.733,0.415057
241.733,0.415057
241.733,0.415057
241.733,0.415057
241.733,0.415057
241.733,0.415057
241.733,0.415057
242.2,0.415778
242.2,0.415778
242.2,0.415778
242.2,0.415778
242.2,0.415778
242.2,0.415778
242.2,0.415778
242.667,0.415633
242.667,0.415633
242.667,0.415633
242.667,0.415633
242.667,0.415633
242.667,0.415633
242.667,0.415633
243.133,0.412467
243.133,0.412467
243.133,0.412467
243.133,0.412467
243.133,0.412467
243.133,0.412467
243.133,0.412467
243.6,0.415065
243.6,0.415065
243.6,0.415065
243.6,0.415065
243.6,0.415065
243.6,0.415065
243.6,0.415065
244.067,0.416033
244.067,0.416033
244.067,0.416033
244.067,0.416033
244.067,0.416033
244.067,0.416033
244.067,0.416033
244.533,0.415191
244.533,0.415191
244.533,0.415191
244.533,0.415191
244.533,0.415191
244.533,0.415191
244.533,0.415191
245,0.409885
245,0.409885
245,0.409885
245,0.409885
245,0.409885
245,0.409885
245,0.409885
245.467,0.417942
245.467,0.417942
245.467,0.417942
245.467,0.417942
245.467,0.417942
245.467,0.417942
245.467,0.417942
245.933,0.421304
245.933,0.421304
245.933,0.421304
245.933,0.421304
245.933,0.421304
245.933,0.421304
245.933,0.421304
246.4,0.417624
246.4,0.417624
246.4,0.417624
246.4,0.417624
246.4,0.417624
246.4,0.417624
246.4,0.417624
246.867,0.415916
246.867,0.415916
246.867,0.415916
246.867,0.415916
246.867,0.415916
246.867,0.415916
246.867,0.415916
247.333,0.419054
247.333,0.419054
247.333,0.419054
247.333,0.419054
247.333,0.419054
247.333,0.419054
247.333,0.419054
247.8,0.419928
247.8,0.419928
247.8,0.419928
247.8,0.419928
247.8,0.419928
247.8,0.419928
247.8,0.419928
248.267,0.4188
248.267,0.4188
248.267,0.4188
248.267,0.4188
248.267,0.4188
248.267,0.4188
248.267,0.4188
248.733,0.419035
248.733,0.419035
248.733,0.419035
248.733,0.419035
248.733,0.419035
248.733,0.419035
248.733,0.419035
249.2,0.418475
249.2,0.418475
249.2,0.418475
249.2,0.418475
249.2,0.418475
249.2,0.418475
249.2,0.418475
249.667,0.414325
249.667,0.414325
249.667,0.414325
249.667,0.414325
249.667,0.414325
249.667,0.414325
249.667,0.414325
250.133,0.414767
250.133,0.414767
250.133,0.414767
250.133,0.414767
250.133,0.414767
250.133,0.414767
250.133,0.414767
250.6,0.414023
250.6,0.414023
250.6,0.414023
250.6,0.414023
250.6,0.414023
250.6,0.414023
250.6,0.414023
251.067,0.408987
251.067,0.408987
251.067,0.408987
251.067,0.408987
251.067,0.408987
251.067,0.408987
251.067,0.408987
251.533,0.403775
251.533,0.403775
251.533,0.403775
251.533,0.403775
251.533,0.403775
251.533,0.403775
251.533,0.403775
252,0.413411
252,0.413411
252,0.413411
252,0.413411
252,0.413411
252,0.413411
252,0.413411
252.467,0.423616
252.467,0.423616
252.467,0.423616
252.467,0.423616
252.467,0.423616
252.467,0.423616
252.467,0.423616
252.933,0.425548
252.933,0.425548
252.933,0.425548
252.933,0.425548
252.933,0.425548
252.933,0.425548
252.933,0.425548
253.4,0.431998
253.4,0.431998
253.4,0.431998
253.4,0.431998
253.4,0.431998
253.4,0.431998
253.4,0.431998
253.867,0.432723
253.867,0.432723
253.867,0.432723
253.867,0.432723
253.867,0.432723
253.867,0.432723
253.867,0.432723
254.333,0.434957
254.333,0.434957
254.333,0.434957
254.333,0.434957
254.333,0.434957
254.333,0.434957
254.333,0.434957
254.8,0.442524
254.8,0.442524
254.8,0.442524
254.8,0.442524
254.8,0.442524
254.8,0.442524
254.8,0.442524
255.267,0.44466
255.267,0.44466
255.267,0.44466
255.267,0.44466
255.267,0.44466
255.267,0.44466
255.267,0.44466
255.733,0.44618
255.733,0.44618
255.733,0.44618
255.733,0.44618
255.733,0.44618
255.733,0.44618
255.733,0.44618
256.2,0.44676
256.2,0.44676
256.2,0.44676
256.2,0.44676
256.2,0.44676
256.2,0.44676
256.2,0.44676
256.667,0.443163
256.667,0.443163
256.667,0.443163
256.667,0.443163
256.667,0.443163
256.667,0.443163
256.667,0.443163
257.133,0.444624
257.133,0.444624
257.133,0.444624
257.133,0.444624
257.133,0.444624
257.133,0.444624
257.133,0.444624
257.6,0.444903
257.6,0.444903
257.6,0.444903
257.6,0.444903
257.6,0.444903
257.6,0.444903
257.6,0.444903
258.067,0.443543
258.067,0.443543
258.067,0.443543
258.067,0.443543
258.067,0.443543
258.067,0.443543
258.067,0.443543
258.533,0.445134
258.533,0.445134
258.533,0.445134
258.533,0.445134
258.533,0.445134
258.533,0.445134
258.533,0.445134
259,0.445596
259,0.445596
259,0.445596
259,0.445596
259,0.445596
259,0.445596
259,0.445596
259.467,0.441924
259.467,0.441924
259.467,0.441924
259.467,0.441924
259.467,0.441924
259.467,0.441924
259.467,0.441924
259.933,0.433209
259.933,0.433209
259.933,0.433209
259.933,0.433209
259.933,0.433209
259.933,0.433209
259.933,0.433209
260.4,0.440192
260.4,0.440192
260.4,0.440192
260.4,0.440192
260.4,0.440192
260.4,0.440192
260.4,0.440192
260.867,0.442477
260.867,0.442477
260.867,0.442477
260.867,0.442477
260.867,0.442477
260.867,0.442477
260.867,0.442477
261.333,0.438915
261.333,0.438915
261.333,0.438915
261.333,0.438915
261.333,0.438915
261.333,0.438915
261.333,0.438915
261.8,0.439636
261.8,0.439636
261.8,0.439636
261.8,0.439636
261.8,0.439636
261.8,0.439636
261.8,0.439636
262.267,0.440564
262.267,0.440564
262.267,0.440564
262.267,0.440564
262.267,0.440564
262.267,0.440564
262.267,0.440564
262.733,0.437586
262.733,0.437586
262.733,0.437586
262.733,0.437586
262.733,0.437586
262.733,0.437586
262.733,0.437586
263.2,0.440278
263.2,0.440278
263.2,0.440278
263.2,0.440278
263.2,0.440278
263.2,0.440278
263.2,0.440278
263.667,0.44145
263.667,0.44145
263.667,0.44145
263.667,0.44145
263.667,0.44145
263.667,0.44145
263.667,0.44145
264.133,0.439118
264.133,0.439118
264.133,0.439118
264.133,0.439118
264.133,0.439118
264.133,0.439118
264.133,0.439118
264.6,0.438538
264.6,0.438538
264.6,0.438538
264.6,0.438538
264.6,0.438538
264.6,0.438538
264.6,0.438538
265.067,0.439212
265.067,0.439212
265.067,0.439212
265.067,0.439212
265.067,0.439212
265.067,0.439212
265.067,0.439212
265.533,0.43063
265.533,0.43063
265.533,0.43063
265.533,0.43063
265.533,0.43063
265.533,0.43063
265.533,0.43063
266,0.438891
266,0.438891
266,0.438891
266,0.438891
266,0.438891
266,0.438891
266,0.438891
266.467,0.438127
266.467,0.438127
266.467,0.438127
266.467,0.438127
266.467,0.438127
266.467,0.438127
266.467,0.438127
266.933,0.439322
266.933,0.439322
266.933,0.439322
266.933,0.439322
266.933,0.439322
266.933,0.439322
266.933,0.439322
267.4,0.439271
267.4,0.439271
267.4,0.439271
267.4,0.439271
267.4,0.439271
267.4,0.439271
267.4,0.439271
267.867,0.438472
267.867,0.438472
267.867,0.438472
267.867,0.438472
267.867,0.438472
267.867,0.438472
267.867,0.438472
268.333,0.429114
268.333,0.429114
268.333,0.429114
268.333,0.429114
268.333,0.429114
268.333,0.429114
268.333,0.429114
268.8,0.432786
268.8,0.432786
268.8,0.432786
268.8,0.432786
268.8,0.432786
268.8,0.432786
268.8,0.432786
269.267,0.431203
269.267,0.431203
269.267,0.431203
269.267,0.431203
269.267,0.431203
269.267,0.431203
269.267,0.431203
269.733,0.436117
269.733,0.436117
269.733,0.436117
269.733,0.436117
269.733,0.436117
269.733,0.436117
269.733,0.436117
270.2,0.437473
270.2,0.437473
270.2,0.437473
270.2,0.437473
270.2,0.437473
270.2,0.437473
270.2,0.437473
270.667,0.438241
270.667,0.438241
270.667,0.438241
270.667,0.438241
270.667,0.438241
270.667,0.438241
270.667,0.438241
271.133,0.434146
271.133,0.434146
271.133,0.434146
271.133,0.434146
271.133,0.434146
271.133,0.434146
271.133,0.434146
271.6,0.432037
271.6,0.432037
271.6,0.432037
271.6,0.432037
271.6,0.432037
271.6,0.432037
271.6,0.432037
272.067,0.435004
272.067,0.435004
272.067,0.435004
272.067,0.435004
272.067,0.435004
272.067,0.435004
272.067,0.435004
272.533,0.439722
272.533,0.439722
272.533,0.439722
272.533,0.439722
272.533,0.439722
272.533,0.439722
272.533,0.439722
273,0.435494
273,0.435494
273,0.435494
273,0.435494
273,0.435494
273,0.435494
273,0.435494
273.467,0.438421
273.467,0.438421
273.467,0.438421
273.467,0.438421
273.467,0.438421
273.467,0.438421
273.467,0.438421
273.933,0.438938
273.933,0.438938
273.933,0.438938
273.933,0.438938
273.933,0.438938
273.933,0.438938
273.933,0.438938
274.4,0.437194
274.4,0.437194
274.4,0.437194
274.4,0.437194
274.4,0.437194
274.4,0.437194
274.4,0.437194
274.867,0.43826
274.867,0.43826
274.867,0.43826
274.867,0.43826
274.867,0.43826
274.867,0.43826
274.867,0.43826
275.333,0.440122
275.333,0.440122
275.333,0.440122
275.333,0.440122
275.333,0.440122
275.333,0.440122
275.333,0.440122
275.8,0.439506
275.8,0.439506
275.8,0.439506
275.8,0.439506
275.8,0.439506
275.8,0.439506
275.8,0.439506
276.267,0.442222
276.267,0.442222
276.267,0.442222
276.267,0.442222
276.267,0.442222
276.267,0.442222
276.267,0.442222
276.733,0.451462
276.733,0.451462
276.733,0.451462
276.733,0.451462
276.733,0.451462
276.733,0.451462
276.733,0.451462
277.2,0.453034
277.2,0.453034
277.2,0.453034
277.2,0.453034
277.2,0.453034
277.2,0.453034
277.2,0.453034
277.667,0.45524
277.667,0.45524
277.667,0.45524
277.667,0.45524
277.667,0.45524
277.667,0.45524
277.667,0.45524
278.133,0.469136
278.133,0.469136
278.133,0.469136
278.133,0.469136
278.133,0.469136
278.133,0.469136
278.133,0.469136
278.6,0.46885
278.6,0.46885
278.6,0.46885
278.6,0.46885
278.6,0.46885
278.6,0.46885
278.6,0.46885
279.067,0.461949
279.067,0.461949
279.067,0.461949
279.067,0.461949
279.067,0.461949
279.067,0.461949
279.067,0.461949
279.533,0.455193
279.533,0.455193
279.533,0.455193
279.533,0.455193
279.533,0.455193
279.533,0.455193
279.533,0.455193
280,0.445494
280,0.445494
280,0.445494
280,0.445494
280,0.445494
280,0.445494
280,0.445494
280.467,0.44705
280.467,0.44705
280.467,0.44705
280.467,0.44705
280.467,0.44705
280.467,0.44705
280.467,0.44705
280.933,0.444526
280.933,0.444526
280.933,0.444526
280.933,0.444526
280.933,0.444526
280.933,0.444526
280.933,0.444526
281.4,0.428949
281.4,0.428949
281.4,0.428949
281.4,0.428949
281.4,0.428949
281.4,0.428949
281.4,0.428949
281.867,0.409399
281.867,0.409399
281.867,0.409399
281.867,0.409399
281.867,0.409399
281.867,0.409399
281.867,0.409399
282.333,0.405684
282.333,0.405684
282.333,0.405684
282.333,0.405684
282.333,0.405684
282.333,0.405684
282.333,0.405684
282.8,0.38348
282.8,0.38348
282.8,0.38348
282.8,0.38348
282.8,0.38348
282.8,0.38348
282.8,0.38348
283.267,0.366148
283.267,0.366148
283.267,0.366148
283.267,0.366148
283.267,0.366148
283.267,0.366148
283.267,0.366148
283.733,0.363052
283.733,0.363052
283.733,0.363052
283.733,0.363052
283.733,0.363052
283.733,0.363052
283.733,0.363052
284.2,0.358647
284.2,0.358647
284.2,0.358647
284.2,0.358647
284.2,0.358647
284.2,0.358647
284.2,0.358647
284.667,0.350755
284.667,0.350755
284.667,0.350755
284.667,0.350755
284.667,0.350755
284.667,0.350755
284.667,0.350755
285.133,0.344191
285.133,0.344191
285.133,0.344191
285.133,0.344191
285.133,0.344191
285.133,0.344191
285.133,0.344191
285.6,0.336769
285.6,0.336769
285.6,0.336769
285.6,0.336769
285.6,0.336769
285.6,0.336769
285.6,0.336769
286.067,0.327685
286.067,0.327685
286.067,0.327685
286.067,0.327685
286.067,0.327685
286.067,0.327685
286.067,0.327685
286.533,0.330855
286.533,0.330855
286.533,0.330855
286.533,0.330855
286.533,0.330855
286.533,0.330855
286.533,0.330855
287,0.341397
287,0.341397
287,0.341397
287,0.341397
287,0.341397
287,0.341397
287,0.341397
287.467,0.336926
287.467,0.336926
287.467,0.336926
287.467,0.336926
287.467,0.336926
287.467,0.336926
287.467,0.336926
287.933,0.32196
287.933,0.32196
287.933,0.32196
287.933,0.32196
287.933,0.32196
287.933,0.32196
287.933,0.32196
288.4,0.291617
288.4,0.291617
288.4,0.291617
288.4,0.291617
288.4,0.291617
288.4,0.291617
288.4,0.291617
288.867,0.265487
288.867,0.265487
288.867,0.265487
288.867,0.265487
288.867,0.265487
288.867,0.265487
288.867,0.265487
289.333,0.261893
289.333,0.261893
289.333,0.261893
289.333,0.261893
289.333,0.261893
289.333,0.261893
289.333,0.261893
289.8,0.274108
289.8,0.274108
289.8,0.274108
289.8,0.274108
289.8,0.274108
289.8,0.274108
289.8,0.274108
290.267,0.274422
290.267,0.274422
290.267,0.274422
290.267,0.274422
290.267,0.274422
290.267,0.274422
290.267,0.274422
290.733,0.273759
290.733,0.273759
290.733,0.273759
290.733,0.273759
290.733,0.273759
290.733,0.273759
290.733,0.273759
291.2,0.279442
291.2,0.279442
291.2,0.279442
291.2,0.279442
291.2,0.279442
291.2,0.279442
291.2,0.279442
291.667,0.271224
291.667,0.271224
291.667,0.271224
291.667,0.271224
291.667,0.271224
291.667,0.271224
291.667,0.271224
292.133,0.267325
292.133,0.267325
292.133,0.267325
292.133,0.267325
292.133,0.267325
292.133,0.267325
292.133,0.267325
292.6,0.252998
292.6,0.252998
292.6,0.252998
292.6,0.252998
292.6,0.252998
292.6,0.252998
292.6,0.252998
293.067,0.245113
293.067,0.245113
293.067,0.245113
293.067,0.245113
293.067,0.245113
293.067,0.245113
293.067,0.245113
293.533,0.234701
293.533,0.234701
293.533,0.234701
293.533,0.234701
293.533,0.234701
293.533,0.234701
293.533,0.234701
294,0.247845
294,0.247845
294,0.247845
294,0.247845
294,0.247845
294,0.247845
294,0.247845
294.467,0.272576
294.467,0.272576
294.467,0.272576
294.467,0.272576
294.467,0.272576
294.467,0.272576
294.467,0.272576
294.933,0.27392
294.933,0.27392
294.933,0.27392
294.933,0.27392
294.933,0.27392
294.933,0.27392
294.933,0.27392
295.4,0.301449
295.4,0.301449
295.4,0.301449
295.4,0.301449
295.4,0.301449
295.4,0.301449
295.4,0.301449
295.867,0.315055
295.867,0.315055
295.867,0.315055
295.867,0.315055
295.867,0.315055
295.867,0.315055
295.867,0.315055
296.333,0.301684
296.333,0.301684
296.333,0.301684
296.333,0.301684
296.333,0.301684
296.333,0.301684
296.333,0.301684
296.8,0.313233
296.8,0.313233
296.8,0.313233
296.8,0.313233
296.8,0.313233
296.8,0.313233
296.8,0.313233
297.267,0.316525
297.267,0.316525
297.267,0.316525
297.267,0.316525
297.267,0.316525
297.267,0.316525
297.267,0.316525
297.733,0.278434
297.733,0.278434
297.733,0.278434
297.733,0.278434
297.733,0.278434
297.733,0.278434
297.733,0.278434
298.2,0.273336
298.2,0.273336
298.2,0.273336
298.2,0.273336
298.2,0.273336
298.2,0.273336
298.2,0.273336
298.667,0.25571
298.667,0.25571
298.667,0.25571
298.667,0.25571
298.667,0.25571
298.667,0.25571
298.667,0.25571
299.133,0.250317
299.133,0.250317
299.133,0.250317
299.133,0.250317
299.133,0.250317
299.133,0.250317
299.133,0.250317
299.6,0.250008
299.6,0.250008
299.6,0.250008
299.6,0.250008
299.6,0.250008
299.6,0.250008
299.6,0.250008
300.067,0.259922
300.067,0.259922
300.067,0.259922
300.067,0.259922
300.067,0.259922
300.067,0.259922
300.067,0.259922
300.533,0.258327
300.533,0.258327
300.533,0.258327
300.533,0.258327
300.533,0.258327
300.533,0.258327
300.533,0.258327
301,0.274555
301,0.274555
301,0.274555
301,0.274555
301,0.274555
301,0.274555
301,0.274555
301.467,0.286111
301.467,0.286111
301.467,0.286111
301.467,0.286111
301.467,0.286111
301.467,0.286111
301.467,0.286111
301.933,0.306775
301.933,0.306775
301.933,0.306775
301.933,0.306775
301.933,0.306775
301.933,0.306775
301.933,0.306775
302.4,0.308981
302.4,0.308981
302.4,0.308981
302.4,0.308981
302.4,0.308981
302.4,0.308981
302.4,0.308981
302.867,0.304169
302.867,0.304169
302.867,0.304169
302.867,0.304169
302.867,0.304169
302.867,0.304169
302.867,0.304169
303.333,0.293431
303.333,0.293431
303.333,0.293431
303.333,0.293431
303.333,0.293431
303.333,0.293431
303.333,0.293431
303.8,0.299517
303.8,0.299517
303.8,0.299517
303.8,0.299517
303.8,0.299517
303.8,0.299517
303.8,0.299517
304.267,0.329057
304.267,0.329057
304.267,0.329057
304.267,0.329057
304.267,0.329057
304.267,0.329057
304.267,0.329057
304.733,0.339814
304.733,0.339814
304.733,0.339814
304.733,0.339814
304.733,0.339814
304.733,0.339814
304.733,0.339814
305.2,0.333391
305.2,0.333391
305.2,0.333391
305.2,0.333391
305.2,0.333391
305.2,0.333391
305.2,0.333391
305.667,0.325557
305.667,0.325557
305.667,0.325557
305.667,0.325557
305.667,0.325557
305.667,0.325557
305.667,0.325557
306.133,0.328481
306.133,0.328481
306.133,0.328481
306.133,0.328481
306.133,0.328481
306.133,0.328481
306.133,0.328481
306.6,0.299286
306.6,0.299286
306.6,0.299286
306.6,0.299286
306.6,0.299286
306.6,0.299286
306.6,0.299286
307.067,0.281942
307.067,0.281942
307.067,0.281942
307.067,0.281942
307.067,0.281942
307.067,0.281942
307.067,0.281942
307.533,0.262179
307.533,0.262179
307.533,0.262179
307.533,0.262179
307.533,0.262179
307.533,0.262179
307.533,0.262179
308,0.230802
308,0.230802
308,0.230802
308,0.230802
308,0.230802
308,0.230802
308,0.230802
308.467,0.224465
308.467,0.224465
308.467,0.224465
308.467,0.224465
308.467,0.224465
308.467,0.224465
308.467,0.224465
308.933,0.252022
308.933,0.252022
308.933,0.252022
308.933,0.252022
308.933,0.252022
308.933,0.252022
308.933,0.252022
309.4,0.239862
309.4,0.239862
309.4,0.239862
309.4,0.239862
309.4,0.239862
309.4,0.239862
309.4,0.239862
309.867,0.263183
309.867,0.263183
309.867,0.263183
309.867,0.263183
309.867,0.263183
309.867,0.263183
309.867,0.263183
310.333,0.246791
310.333,0.246791
310.333,0.246791
310.333,0.246791
310.333,0.246791
310.333,0.246791
310.333,0.246791
310.8,0.224301
310.8,0.224301
310.8,0.224301
310.8,0.224301
310.8,0.224301
310.8,0.224301
310.8,0.224301
311.267,0.192442
311.267,0.192442
311.267,0.192442
311.267,0.192442
311.267,0.192442
311.267,0.192442
311.267,0.192442
311.733,0.16733
311.733,0.16733
311.733,0.16733
311.733,0.16733
311.733,0.16733
311.733,0.16733
311.733,0.16733
312.2,0.162902
312.2,0.162902
312.2,0.162902
312.2,0.162902
312.2,0.162902
312.2,0.162902
312.2,0.162902
312.667,0.170532
312.667,0.170532
312.667,0.170532
312.667,0.170532
312.667,0.170532
312.667,0.170532
312.667,0.170532
313.133,0.154583
313.133,0.154583
313.133,0.154583
313.133,0.154583
313.133,0.154583
313.133,0.154583
313.133,0.154583
313.6,0.169768
313.6,0.169768
313.6,0.169768
313.6,0.169768
313.6,0.169768
313.6,0.169768
313.6,0.169768
314.067,0.187065
314.067,0.187065
314.067,0.187065
314.067,0.187065
314.067,0.187065
314.067,0.187065
314.067,0.187065
314.533,0.231131
314.533,0.231131
314.533,0.231131
314.533,0.231131
314.533,0.231131
314.533,0.231131
314.533,0.231131
315,0.239937
315,0.239937
315,0.239937
315,0.239937
315,0.239937
315,0.239937
315,0.239937
315.467,0.232977
315.467,0.232977
315.467,0.232977
315.467,0.232977
315.467,0.232977
315.467,0.232977
315.467,0.232977
315.933,0.211792
315.933,0.211792
315.933,0.211792
315.933,0.211792
315.933,0.211792
315.933,0.211792
315.933,0.211792
316.4,0.20091
316.4,0.20091
316.4,0.20091
316.4,0.20091
316.4,0.20091
316.4,0.20091
316.4,0.20091
316.867,0.16164
316.867,0.16164
316.867,0.16164
316.867,0.16164
316.867,0.16164
316.867,0.16164
316.867,0.16164
317.333,0.130404
317.333,0.130404
317.333,0.130404
317.333,0.130404
317.333,0.130404
317.333,0.130404
317.333,0.130404
317.8,0.104576
317.8,0.104576
317.8,0.104576
317.8,0.104576
317.8,0.104576
317.8,0.104576
317.8,0.104576
318.267,0.063946
318.267,0.063946
318.267,0.063946
318.267,0.063946
318.267,0.063946
318.267,0.063946
318.267,0.063946
318.733,0.0312794
318.733,0.0312794
318.733,0.0312794
318.733,0.0312794
318.733,0.0312794
318.733,0.0312794
318.733,0.0312794
319.2,0.00813531
319.2,0.00813531
319.2,0.00813531
319.2,0.00813531
319.2,0.00813531
319.2,0.00813531
319.2,0.00813531
319.667,0.00143818
319.667,0.00143818
319.667,0.00143818
319.667,0.00143818
319.667,0.00143818
319.667,0.00143818
319.667,0.00143818
320.133,0.000795504
320.133,0.000795504
320.133,0.000795504
320.133,0.000795504
320.133,0.000795504
320.133,0.000795504
320.133,0.000795504
320.6,0.000705373
320.6,0.000705373
320.6,0.000705373
320.6,0.000705373
320.6,0.000705373
320.6,0.000705373
320.6,0.000705373
321.067,0.000948335
321.067,0.000948335
321.067,0.000948335
321.067,0.000948335
321.067,0.000948335
321.067,0.000948335
321.067,0.000948335
321.533,0.00162628
321.533,0.00162628
321.533,0.00162628
321.533,0.00162628
321.533,0.00162628
321.533,0.00162628
321.533,0.00162628
322,0.00159101
322,0.00159101
322,0.00159101
322,0.00159101
322,0.00159101
322,0.00159101
322,0.00159101
322.467,0.00208085
322.467,0.00208085
322.467,0.00208085
322.467,0.00208085
322.467,0.00208085
322.467,0.00208085
322.467,0.00208085
322.933,0.00239827
322.933,0.00239827
322.933,0.00239827
322.933,0.00239827
322.933,0.00239827
322.933,0.00239827
322.933,0.00239827
323.4,0.00252759
323.4,0.00252759
323.4,0.00252759
323.4,0.00252759
323.4,0.00252759
323.4,0.00252759
323.4,0.00252759
323.867,0.00349552
323.867,0.00349552
323.867,0.00349552
323.867,0.00349552
323.867,0.00349552
323.867,0.00349552
323.867,0.00349552
324.333,0.00301743
324.333,0.00301743
324.333,0.00301743
324.333,0.00301743
324.333,0.00301743
324.333,0.00301743
324.333,0.00301743
324.8,0.00302527
324.8,0.00302527
324.8,0.00302527
324.8,0.00302527
324.8,0.00302527
324.8,0.00302527
324.8,0.00302527
325.267,0.00265691
325.267,0.00265691
325.267,0.00265691
325.267,0.00265691
325.267,0.00265691
325.267,0.00265691
325.267,0.00265691
325.733,0.00250799
325.733,0.00250799
325.733,0.00250799
325.733,0.00250799
325.733,0.00250799
325.733,0.00250799
325.733,0.00250799
326.2,0.00234341
326.2,0.00234341
326.2,0.00234341
326.2,0.00234341
326.2,0.00234341
326.2,0.00234341
326.2,0.00234341
326.667,0.001881
326.667,0.001881
326.667,0.001881
326.667,0.001881
326.667,0.001881
326.667,0.001881
326.667,0.001881
327.133,0.0018183
327.133,0.0018183
327.133,0.0018183
327.133,0.0018183
327.133,0.0018183
327.133,0.0018183
327.133,0.0018183
327.6,0.00188883
327.6,0.00188883
327.6,0.00188883
327.6,0.00188883
327.6,0.00188883
327.6,0.00188883
327.6,0.00188883
328.067,0.0364169
328.067,0.0364169
328.067,0.0364169
328.067,0.0364169
328.067,0.0364169
328.067,0.0364169
328.067,0.0364169
328.533,0.0720931
328.533,0.0720931
328.533,0.0720931
328.533,0.0720931
328.533,0.0720931
328.533,0.0720931
328.533,0.0720931
329,0.0979058
329,0.0979058
329,0.0979058
329,0.0979058
329,0.0979058
329,0.0979058
329,0.0979058
329.467,0.101049
329.467,0.101049
329.467,0.101049
329.467,0.101049
329.467,0.101049
329.467,0.101049
329.467,0.101049
329.933,0.0873448
329.933,0.0873448
329.933,0.0873448
329.933,0.0873448
329.933,0.0873448
329.933,0.0873448
329.933,0.0873448
330.4,0.0726221
330.4,0.0726221
330.4,0.0726221
330.4,0.0726221
330.4,0.0726221
330.4,0.0726221
330.4,0.0726221
330.867,0.0492233
330.867,0.0492233
330.867,0.0492233
330.867,0.0492233
330.867,0.0492233
330.867,0.0492233
330.867,0.0492233
331.333,0.0558029
331.333,0.0558029
331.333,0.0558029
331.333,0.0558029
331.333,0.0558029
331.333,0.0558029
331.333,0.0558029
331.8,0.074413
331.8,0.074413
331.8,0.074413
331.8,0.074413
331.8,0.074413
331.8,0.074413
331.8,0.074413
332.267,0.0818703
332.267,0.0818703
332.267,0.0818703
332.267,0.0818703
332.267,0.0818703
332.267,0.0818703
332.267,0.0818703
332.733,0.0839473
332.733,0.0839473
332.733,0.0839473
332.733,0.0839473
332.733,0.0839473
332.733,0.0839473
332.733,0.0839473
333.2,0.0806555
333.2,0.0806555
333.2,0.0806555
333.2,0.0806555
333.2,0.0806555
333.2,0.0806555
333.2,0.0806555
333.667,0.0658858
333.667,0.0658858
333.667,0.0658858
333.667,0.0658858
333.667,0.0658858
333.667,0.0658858
333.667,0.0658858
334.133,0.0299196
334.133,0.0299196
334.133,0.0299196
334.133,0.0299196
334.133,0.0299196
334.133,0.0299196
334.133,0.0299196
334.6,0.0101025
334.6,0.0101025
334.6,0.0101025
334.6,0.0101025
334.6,0.0101025
334.6,0.0101025
334.6,0.0101025
335.067,0.00726143
335.067,0.00726143
335.067,0.00726143
335.067,0.00726143
335.067,0.00726143
335.067,0.00726143
335.067,0.00726143
335.533,0.00855069
335.533,0.00855069
335.533,0.00855069
335.533,0.00855069
335.533,0.00855069
335.533,0.00855069
335.533,0.00855069
336,0.00997711
336,0.00997711
336,0.00997711
336,0.00997711
336,0.00997711
336,0.00997711
336,0.00997711
336.467,0.0115054
336.467,0.0115054
336.467,0.0115054
336.467,0.0115054
336.467,0.0115054
336.467,0.0115054
336.467,0.0115054
336.933,0.0247077
336.933,0.0247077
336.933,0.0247077
336.933,0.0247077
336.933,0.0247077
336.933,0.0247077
336.933,0.0247077
337.4,0.0399398
337.4,0.0399398
337.4,0.0399398
337.4,0.0399398
337.4,0.0399398
337.4,0.0399398
337.4,0.0399398
337.867,0.0770033
337.867,0.0770033
337.867,0.0770033
337.867,0.0770033
337.867,0.0770033
337.867,0.0770033
337.867,0.0770033
338.333,0.103999
338.333,0.103999
338.333,0.103999
338.333,0.103999
338.333,0.103999
338.333,0.103999
338.333,0.103999
338.8,0.091146
338.8,0.091146
338.8,0.091146
338.8,0.091146
338.8,0.091146
338.8,0.091146
338.8,0.091146
339.267,0.0818037
339.267,0.0818037
339.267,0.0818037
339.267,0.0818037
339.267,0.0818037
339.267,0.0818037
339.267,0.0818037
339.733,0.0675944
339.733,0.0675944
339.733,0.0675944
339.733,0.0675944
339.733,0.0675944
339.733,0.0675944
339.733,0.0675944
340.2,0.0481496
340.2,0.0481496
340.2,0.0481496
340.2,0.0481496
340.2,0.0481496
340.2,0.0481496
340.2,0.0481496
340.667,0.0370635
340.667,0.0370635
340.667,0.0370635
340.667,0.0370635
340.667,0.0370635
340.667,0.0370635
340.667,0.0370635
341.133,0.0175442
341.133,0.0175442
341.133,0.0175442
341.133,0.0175442
341.133,0.0175442
341.133,0.0175442
341.133,0.0175442
341.6,0.00116778
341.6,0.00116778
341.6,0.00116778
341.6,0.00116778
341.6,0.00116778
341.6,0.00116778
341.6,0.00116778
342.067,0.00161452
342.067,0.00161452
342.067,0.00161452
342.067,0.00161452
342.067,0.00161452
342.067,0.00161452
342.067,0.00161452
342.533,0.00276271
342.533,0.00276271
342.533,0.00276271
342.533,0.00276271
342.533,0.00276271
342.533,0.00276271
342.533,0.00276271
343,0.00267258
343,0.00267258
343,0.00267258
343,0.00267258
343,0.00267258
343,0.00267258
343,0.00267258
343.467,0.00248056
343.467,0.00248056
343.467,0.00248056
343.467,0.00248056
343.467,0.00248056
343.467,0.00248056
343.467,0.00248056
343.933,0.00277447
343.933,0.00277447
343.933,0.00277447
343.933,0.00277447
343.933,0.00277447
343.933,0.00277447
343.933,0.00277447
344.4,0.00253934
344.4,0.00253934
344.4,0.00253934
344.4,0.00253934
344.4,0.00253934
344.4,0.00253934
344.4,0.00253934
344.867,0.00259421
344.867,0.00259421
344.867,0.00259421
344.867,0.00259421
344.867,0.00259421
344.867,0.00259421
344.867,0.00259421
345.333,0.00251975
345.333,0.00251975
345.333,0.00251975
345.333,0.00251975
345.333,0.00251975
345.333,0.00251975
345.333,0.00251975
345.8,0.00289595
345.8,0.00289595
345.8,0.00289595
345.8,0.00289595
345.8,0.00289595
345.8,0.00289595
345.8,0.00289595
346.267,0.00258245
346.267,0.00258245
346.267,0.00258245
346.267,0.00258245
346.267,0.00258245
346.267,0.00258245
346.267,0.00258245
346.733,0.00244138
346.733,0.00244138
346.733,0.00244138
346.733,0.00244138
346.733,0.00244138
346.733,0.00244138
346.733,0.00244138
347.2,0.00245313
347.2,0.00245313
347.2,0.00245313
347.2,0.00245313
347.2,0.00245313
347.2,0.00245313
347.2,0.00245313
347.667,0.00245313
347.667,0.00245313
347.667,0.00245313
347.667,0.00245313
347.667,0.00245313
347.667,0.00245313
347.667,0.00245313
348.133,0.00234733
348.133,0.00234733
348.133,0.00234733
348.133,0.00234733
348.133,0.00234733
348.133,0.00234733
348.133,0.00234733
348.6,0.00229638
348.6,0.00229638
348.6,0.00229638
348.6,0.00229638
348.6,0.00229638
348.6,0.00229638
348.6,0.00229638
349.067,0.00199072
349.067,0.00199072
349.067,0.00199072
349.067,0.00199072
349.067,0.00199072
349.067,0.00199072
349.067,0.00199072
349.533,0.0020064
349.533,0.0020064
349.533,0.0020064
349.533,0.0020064
349.533,0.0020064
349.533,0.0020064
349.533,0.0020064
350,0.00227287
350,0.00227287
350,0.00227287
350,0.00227287
350,0.00227287
350,0.00227287
350,0.00227287
350.467,0.0109333
350.467,0.0109333
350.467,0.0109333
350.467,0.0109333
350.467,0.0109333
350.467,0.0109333
350.467,0.0109333
350.933,0.0516529
350.933,0.0516529
350.933,0.0516529
350.933,0.0516529
350.933,0.0516529
350.933,0.0516529
350.933,0.0516529
351.4,0.0565043
351.4,0.0565043
351.4,0.0565043
351.4,0.0565043
351.4,0.0565043
351.4,0.0565043
351.4,0.0565043
351.867,0.0587302
351.867,0.0587302
351.867,0.0587302
351.867,0.0587302
351.867,0.0587302
351.867,0.0587302
351.867,0.0587302
352.333,0.0607679
352.333,0.0607679
352.333,0.0607679
352.333,0.0607679
352.333,0.0607679
352.333,0.0607679
352.333,0.0607679
352.8,0.0881482
352.8,0.0881482
352.8,0.0881482
352.8,0.0881482
352.8,0.0881482
352.8,0.0881482
352.8,0.0881482
353.267,0.104771
353.267,0.104771
353.267,0.104771
353.267,0.104771
353.267,0.104771
353.267,0.104771
353.267,0.104771
353.733,0.108541
353.733,0.108541
353.733,0.108541
353.733,0.108541
353.733,0.108541
353.733,0.108541
353.733,0.108541
354.2,0.112503
354.2,0.112503
354.2,0.112503
354.2,0.112503
354.2,0.112503
354.2,0.112503
354.2,0.112503
354.667,0.111845
354.667,0.111845
354.667,0.111845
354.667,0.111845
354.667,0.111845
354.667,0.111845
354.667,0.111845
355.133,0.112632
355.133,0.112632
355.133,0.112632
355.133,0.112632
355.133,0.112632
355.133,0.112632
355.133,0.112632
355.6,0.143324
355.6,0.143324
355.6,0.143324
355.6,0.143324
355.6,0.143324
355.6,0.143324
355.6,0.143324
356.067,0.146604
356.067,0.146604
356.067,0.146604
356.067,0.146604
356.067,0.146604
356.067,0.146604
356.067,0.146604
356.533,0.147964
356.533,0.147964
356.533,0.147964
356.533,0.147964
356.533,0.147964
356.533,0.147964
356.533,0.147964
357,0.175066
357,0.175066
357,0.175066
357,0.175066
357,0.175066
357,0.175066
357,0.175066
357.467,0.194613
357.467,0.194613
357.467,0.194613
357.467,0.194613
357.467,0.194613
357.467,0.194613
357.467,0.194613
357.933,0.196482
357.933,0.196482
357.933,0.196482
357.933,0.196482
357.933,0.196482
357.933,0.196482
357.933,0.196482
358.4,0.198359
358.4,0.198359
358.4,0.198359
358.4,0.198359
358.4,0.198359
358.4,0.198359
358.4,0.198359
358.867,0.197802
358.867,0.197802
358.867,0.197802
358.867,0.197802
358.867,0.197802
358.867,0.197802
358.867,0.197802
359.333,0.217431
359.333,0.217431
359.333,0.217431
359.333,0.217431
359.333,0.217431
359.333,0.217431
359.333,0.217431
359.8,0.232663
359.8,0.232663
359.8,0.232663
359.8,0.232663
359.8,0.232663
359.8,0.232663
359.8,0.232663
360.267,0.234254
360.267,0.234254
360.267,0.234254
360.267,0.234254
360.267,0.234254
360.267,0.234254
360.267,0.234254
360.733,0.237746
360.733,0.237746
360.733,0.237746
360.733,0.237746
360.733,0.237746
360.733,0.237746
360.733,0.237746
361.2,0.258316
361.2,0.258316
361.2,0.258316
361.2,0.258316
361.2,0.258316
361.2,0.258316
361.2,0.258316
361.667,0.28075
361.667,0.28075
361.667,0.28075
361.667,0.28075
361.667,0.28075
361.667,0.28075
361.667,0.28075
362.133,0.290402
362.133,0.290402
362.133,0.290402
362.133,0.290402
362.133,0.290402
362.133,0.290402
362.133,0.290402
362.6,0.308859
362.6,0.308859
362.6,0.308859
362.6,0.308859
362.6,0.308859
362.6,0.308859
362.6,0.308859
363.067,0.316536
363.067,0.316536
363.067,0.316536
363.067,0.316536
363.067,0.316536
363.067,0.316536
363.067,0.316536
363.533,0.315843
363.533,0.315843
363.533,0.315843
363.533,0.315843
363.533,0.315843
363.533,0.315843
363.533,0.315843
364,0.309451
364,0.309451
364,0.309451
364,0.309451
364,0.309451
364,0.309451
364,0.309451
364.467,0.296821
364.467,0.296821
364.467,0.296821
364.467,0.296821
364.467,0.296821
364.467,0.296821
364.467,0.296821
364.933,0.284457
364.933,0.284457
364.933,0.284457
364.933,0.284457
364.933,0.284457
364.933,0.284457
364.933,0.284457
365.4,0.28983
365.4,0.28983
365.4,0.28983
365.4,0.28983
365.4,0.28983
365.4,0.28983
365.4,0.28983
365.867,0.306716
365.867,0.306716
365.867,0.306716
365.867,0.306716
365.867,0.306716
365.867,0.306716
365.867,0.306716
366.333,0.324209
366.333,0.324209
366.333,0.324209
366.333,0.324209
366.333,0.324209
366.333,0.324209
366.333,0.324209
366.8,0.334265
366.8,0.334265
366.8,0.334265
366.8,0.334265
366.8,0.334265
366.8,0.334265
366.8,0.334265
367.267,0.336953
367.267,0.336953
367.267,0.336953
367.267,0.336953
367.267,0.336953
367.267,0.336953
367.267,0.336953
367.733,0.334535
367.733,0.334535
367.733,0.334535
367.733,0.334535
367.733,0.334535
367.733,0.334535
367.733,0.334535
368.2,0.347796
368.2,0.347796
368.2,0.347796
368.2,0.347796
368.2,0.347796
368.2,0.347796
368.2,0.347796
368.667,0.3642
368.667,0.3642
368.667,0.3642
368.667,0.3642
368.667,0.3642
368.667,0.3642
368.667,0.3642
369.133,0.376313
369.133,0.376313
369.133,0.376313
369.133,0.376313
369.133,0.376313
369.133,0.376313
369.133,0.376313
369.6,0.378135
369.6,0.378135
369.6,0.378135
369.6,0.378135
369.6,0.378135
369.6,0.378135
369.6,0.378135
370.067,0.38241
370.067,0.38241
370.067,0.38241
370.067,0.38241
370.067,0.38241
370.067,0.38241
370.067,0.38241
370.533,0.395726
370.533,0.395726
370.533,0.395726
370.533,0.395726
370.533,0.395726
370.533,0.395726
370.533,0.395726
371,0.416354
371,0.416354
371,0.416354
371,0.416354
371,0.416354
371,0.416354
371,0.416354
371.467,0.438107
371.467,0.438107
371.467,0.438107
371.467,0.438107
371.467,0.438107
371.467,0.438107
371.467,0.438107
371.933,0.456247
371.933,0.456247
371.933,0.456247
371.933,0.456247
371.933,0.456247
371.933,0.456247
371.933,0.456247
372.4,0.455319
372.4,0.455319
372.4,0.455319
372.4,0.455319
372.4,0.455319
372.4,0.455319
372.4,0.455319
372.867,0.451298
372.867,0.451298
372.867,0.451298
372.867,0.451298
372.867,0.451298
372.867,0.451298
372.867,0.451298
373.333,0.438476
373.333,0.438476
373.333,0.438476
373.333,0.438476
373.333,0.438476
373.333,0.438476
373.333,0.438476
373.8,0.437672
373.8,0.437672
373.8,0.437672
373.8,0.437672
373.8,0.437672
373.8,0.437672
373.8,0.437672
374.267,0.451537
374.267,0.451537
374.267,0.451537
374.267,0.451537
374.267,0.451537
374.267,0.451537
374.267,0.451537
374.733,0.453884
374.733,0.453884
374.733,0.453884
374.733,0.453884
374.733,0.453884
374.733,0.453884
374.733,0.453884
375.2,0.459253
375.2,0.459253
375.2,0.459253
375.2,0.459253
375.2,0.459253
375.2,0.459253
375.2,0.459253
375.667,0.461737
375.667,0.461737
375.667,0.461737
375.667,0.461737
375.667,0.461737
375.667,0.461737
375.667,0.461737
376.133,0.459178
376.133,0.459178
376.133,0.459178
376.133,0.459178
376.133,0.459178
376.133,0.459178
376.133,0.459178
376.6,0.464774
376.6,0.464774
376.6,0.464774
376.6,0.464774
376.6,0.464774
376.6,0.464774
376.6,0.464774
377.067,0.461549
377.067,0.461549
377.067,0.461549
377.067,0.461549
377.067,0.461549
377.067,0.461549
377.067,0.461549
377.533,0.464038
377.533,0.464038
377.533,0.464038
377.533,0.464038
377.533,0.464038
377.533,0.464038
377.533,0.464038
378,0.456055
378,0.456055
378,0.456055
378,0.456055
378,0.456055
378,0.456055
378,0.456055
378.467,0.461926
378.467,0.461926
378.467,0.461926
378.467,0.461926
378.467,0.461926
378.467,0.461926
378.467,0.461926
378.933,0.468411
378.933,0.468411
378.933,0.468411
378.933,0.468411
378.933,0.468411
378.933,0.468411
378.933,0.468411
379.4,0.472095
379.4,0.472095
379.4,0.472095
379.4,0.472095
379.4,0.472095
379.4,0.472095
379.4,0.472095
379.867,0.466973
379.867,0.466973
379.867,0.466973
379.867,0.466973
379.867,0.466973
379.867,0.466973
379.867,0.466973
380.333,0.472216
380.333,0.472216
380.333,0.472216
380.333,0.472216
380.333,0.472216
380.333,0.472216
380.333,0.472216
380.8,0.475022
380.8,0.475022
380.8,0.475022
380.8,0.475022
380.8,0.475022
380.8,0.475022
380.8,0.475022
381.267,0.481437
381.267,0.481437
381.267,0.481437
381.267,0.481437
381.267,0.481437
381.267,0.481437
381.267,0.481437
381.733,0.482812
381.733,0.482812
381.733,0.482812
381.733,0.482812
381.733,0.482812
381.733,0.482812
381.733,0.482812
382.2,0.483553
382.2,0.483553
382.2,0.483553
382.2,0.483553
64