0,0.0484552
0,0.0484552
0,0.0484552
0,0.0484552
0,0.0484552
0,0.0484552
0,0.0484552
0,0.0484552
0.533333,0.0804635
0.533333,0.0804635
0.533333,0.0804635
0.533333,0.0804635
0.533333,0.0804635
0.533333,0.0804635
0.533333,0.0804635
0.533333,0.0804635
1.06667,0.0888535
1.06667,0.0888535
1.06667,0.0888535
1.06667,0.0888535
1.06667,0.0888535
1.06667,0.0888535
1.06667,0.0888535
1.06667,0.0888535
1.6,0.0932073
1.6,0.0932073
1.6,0.0932073
1.6,0.0932073
1.6,0.0932073
1.6,0.0932073
1.6,0.0932073
1.6,0.0932073
2.13333,0.100241
2.13333,0.100241
2.13333,0.100241
2.13333,0.100241
2.13333,0.100241
2.13333,0.100241
2.13333,0.100241
2.13333,0.100241
2.66667,0.101911
2.66667,0.101911
2.66667,0.101911
2.66667,0.101911
2.66667,0.101911
2.66667,0.101911
2.66667,0.101911
2.66667,0.101911
3.2,0.101903
3.2,0.101903
3.2,0.101903
3.2,0.101903
3.2,0.101903
3.2,0.101903
3.2,0.101903
3.2,0.101903
3.73333,0.10139
3.73333,0.10139
3.73333,0.10139
3.73333,0.10139
3.73333,0.10139
3.73333,0.10139
3.73333,0.10139
3.73333,0.10139
4.26667,0.101542
4.26667,0.101542
4.26667,0.101542
4.26667,0.101542
4.26667,0.101542
4.26667,0.101542
4.26667,0.101542
4.26667,0.101542
4.8,0.101448
4.8,0.101448
4.8,0.101448
4.8,0.101448
4.8,0.101448
4.8,0.101448
4.8,0.101448
4.8,0.101448
5.33333,0.109674
5.33333,0.109674
5.33333,0.109674
5.33333,0.109674
5.33333,0.109674
5.33333,0.109674
5.33333,0.109674
5.33333,0.109674
5.86667,0.136396
5.86667,0.136396
5.86667,0.136396
5.86667,0.136396
5.86667,0.136396
5.86667,0.136396
5.86667,0.136396
5.86667,0.136396
6.4,0.140902
6.4,0.140902
6.4,0.140902
6.4,0.140902
6.4,0.140902
6.4,0.140902
6.4,0.140902
6.4,0.140902
6.93333,0.142866
6.93333,0.142866
6.93333,0.142866
6.93333,0.142866
6.93333,0.142866
6.93333,0.142866
6.93333,0.142866
6.93333,0.142866
7.46667,0.164861
7.46667,0.164861
7.46667,0.164861
7.46667,0.164861
7.46667,0.164861
7.46667,0.164861
7.46667,0.164861
7.46667,0.164861
8,0.173683
8,0.173683
8,0.173683
8,0.173683
8,0.173683
8,0.173683
8,0.173683
8,0.173683
8.53333,0.174846
8.53333,0.174846
8.53333,0.174846
8.53333,0.174846
8.53333,0.174846
8.53333,0.174846
8.53333,0.174846
8.53333,0.174846
9.06667,0.178691
9.06667,0.178691
9.06667,0.178691
9.06667,0.178691
9.06667,0.178691
9.06667,0.178691
9.06667,0.178691
9.06667,0.178691
9.6,0.178166
9.6,0.178166
9.6,0.178166
9.6,0.178166
9.6,0.178166
9.6,0.178166
9.6,0.178166
9.6,0.178166
10.1333,0.17855
10.1333,0.17855
10.1333,0.17855
10.1333,0.17855
10.1333,0.17855
10.1333,0.17855
10.1333,0.17855
10.1333,0.17855
10.6667,0.173835
10.6667,0.173835
10.6667,0.173835
10.6667,0.173835
10.6667,0.173835
10.6667,0.173835
10.6667,0.173835
10.6667,0.173835
11.2,0.171751
11.2,0.171751
11.2,0.171751
11.2,0.171751
11.2,0.171751
11.2,0.171751
11.2,0.171751
11.2,0.171751
11.7333,0.167393
11.7333,0.167393
11.7333,0.167393
11.7333,0.167393
11.7333,0.167393
11.7333,0.167393
11.7333,0.167393
11.7333,0.167393
12.2667,0.164015
12.2667,0.164015
12.2667,0.164015
12.2667,0.164015
12.2667,0.164015
12.2667,0.164015
12.2667,0.164015
12.2667,0.164015
12.8,0.161256
12.8,0.161256
12.8,0.161256
12.8,0.161256
12.8,0.161256
12.8,0.161256
12.8,0.161256
12.8,0.161256
13.3333,0.161323
13.3333,0.161323
13.3333,0.161323
13.3333,0.161323
13.3333,0.161323
13.3333,0.161323
13.3333,0.161323
13.3333,0.161323
13.8667,0.160982
13.8667,0.160982
13.8667,0.160982
13.8667,0.160982
13.8667,0.160982
13.8667,0.160982
13.8667,0.160982
13.8667,0.160982
14.4,0.161201
14.4,0.161201
14.4,0.161201
14.4,0.161201
14.4,0.161201
14.4,0.161201
14.4,0.161201
14.4,0.161201
14.9333,0.159673
14.9333,0.159673
14.9333,0.159673
14.9333,0.159673
14.9333,0.159673
14.9333,0.159673
14.9333,0.159673
14.9333,0.159673
15.4667,0.160598
15.4667,0.160598
15.4667,0.160598
15.4667,0.160598
15.4667,0.160598
15.4667,0.160598
15.4667,0.160598
15.4667,0.160598
16,0.159497
16,0.159497
16,0.159497
16,0.159497
16,0.159497
16,0.159497
16,0.159497
16,0.159497
16.5333,0.159916
16.5333,0.159916
16.5333,0.159916
16.5333,0.159916
16.5333,0.159916
16.5333,0.159916
16.5333,0.159916
16.5333,0.159916
17.0667,0.160147
17.0667,0.160147
17.0667,0.160147
17.0667,0.160147
17.0667,0.160147
17.0667,0.160147
17.0667,0.160147
17.0667,0.160147
17.6,0.160668
17.6,0.160668
17.6,0.160668
17.6,0.160668
17.6,0.160668
17.6,0.160668
17.6,0.160668
17.6,0.160668
18.1333,0.159987
18.1333,0.159987
18.1333,0.159987
18.1333,0.159987
18.1333,0.159987
18.1333,0.159987
18.1333,0.159987
18.1333,0.159987
18.6667,0.161123
18.6667,0.161123
18.6667,0.161123
18.6667,0.161123
18.6667,0.161123
18.6667,0.161123
18.6667,0.161123
18.6667,0.161123
19.2,0.160751
19.2,0.160751
19.2,0.160751
19.2,0.160751
19.2,0.160751
19.2,0.160751
19.2,0.160751
19.2,0.160751
19.7333,0.15691
19.7333,0.15691
19.7333,0.15691
19.7333,0.15691
19.7333,0.15691
19.7333,0.15691
19.7333,0.15691
19.7333,0.15691
20.2667,0.15771
20.2667,0.15771
20.2667,0.15771
20.2667,0.15771
20.2667,0.15771
20.2667,0.15771
20.2667,0.15771
20.2667,0.15771
20.8,0.158125
20.8,0.158125
20.8,0.158125
20.8,0.158125
20.8,0.158125
20.8,0.158125
20.8,0.158125
20.8,0.158125
21.3333,0.157475
21.3333,0.157475
21.3333,0.157475
21.3333,0.157475
21.3333,0.157475
21.3333,0.157475
21.3333,0.157475
21.3333,0.157475
21.8667,0.158266
21.8667,0.158266
21.8667,0.158266
21.8667,0.158266
21.8667,0.158266
21.8667,0.158266
21.8667,0.158266
21.8667,0.158266
22.4,0.158051
22.4,0.158051
22.4,0.158051
22.4,0.158051
22.4,0.158051
22.4,0.158051
22.4,0.158051
22.4,0.158051
22.9333,0.161915
22.9333,0.161915
22.9333,0.161915
22.9333,0.161915
22.9333,0.161915
22.9333,0.161915
22.9333,0.161915
22.9333,0.161915
23.4667,0.163662
23.4667,0.163662
23.4667,0.163662
23.4667,0.163662
23.4667,0.163662
23.4667,0.163662
23.4667,0.163662
23.4667,0.163662
24,0.164325
24,0.164325
24,0.164325
24,0.164325
24,0.164325
24,0.164325
24,0.164325
24,0.164325
24.5333,0.164007
24.5333,0.164007
24.5333,0.164007
24.5333,0.164007
24.5333,0.164007
24.5333,0.164007
24.5333,0.164007
24.5333,0.164007
25.0667,0.162984
25.0667,0.162984
25.0667,0.162984
25.0667,0.162984
25.0667,0.162984
25.0667,0.162984
25.0667,0.162984
25.0667,0.162984
25.6,0.165128
25.6,0.165128
25.6,0.165128
25.6,0.165128
25.6,0.165128
25.6,0.165128
25.6,0.165128
25.6,0.165128
26.1333,0.168424
26.1333,0.168424
26.1333,0.168424
26.1333,0.168424
26.1333,0.168424
26.1333,0.168424
26.1333,0.168424
26.1333,0.168424
26.6667,0.17063
26.6667,0.17063
26.6667,0.17063
26.6667,0.17063
26.6667,0.17063
26.6667,0.17063
26.6667,0.17063
26.6667,0.17063
27.2,0.173502
27.2,0.173502
27.2,0.173502
27.2,0.173502
27.2,0.173502
27.2,0.173502
27.2,0.173502
27.2,0.173502
27.7333,0.184729
27.7333,0.184729
27.7333,0.184729
27.7333,0.184729
27.7333,0.184729
27.7333,0.184729
27.7333,0.184729
27.7333,0.184729
28.2667,0.194373
28.2667,0.194373
28.2667,0.194373
28.2667,0.194373
28.2667,0.194373
28.2667,0.194373
28.2667,0.194373
28.2667,0.194373
28.8,0.204844
28.8,0.204844
28.8,0.204844
28.8,0.204844
28.8,0.204844
28.8,0.204844
28.8,0.204844
28.8,0.204844
29.3333,0.207901
29.3333,0.207901
29.3333,0.207901
29.3333,0.207901
29.3333,0.207901
29.3333,0.207901
29.3333,0.207901
29.3333,0.207901
29.8667,0.205244
29.8667,0.205244
29.8667,0.205244
29.8667,0.205244
29.8667,0.205244
29.8667,0.205244
29.8667,0.205244
29.8667,0.205244
30.4,0.208575
30.4,0.208575
30.4,0.208575
30.4,0.208575
30.4,0.208575
30.4,0.208575
30.4,0.208575
30.4,0.208575
30.9333,0.209398
30.9333,0.209398
30.9333,0.209398
30.9333,0.209398
30.9333,0.209398
30.9333,0.209398
30.9333,0.209398
30.9333,0.209398
31.4667,0.205091
31.4667,0.205091
31.4667,0.205091
31.4667,0.205091
31.4667,0.205091
31.4667,0.205091
31.4667,0.205091
31.4667,0.205091
32,0.208379
32,0.208379
32,0.208379
32,0.208379
32,0.208379
32,0.208379
32,0.208379
32,0.208379
32.5333,0.209296
32.5333,0.209296
32.5333,0.209296
32.5333,0.209296
32.5333,0.209296
32.5333,0.209296
32.5333,0.209296
32.5333,0.209296
33.0667,0.20515
33.0667,0.20515
33.0667,0.20515
33.0667,0.20515
33.0667,0.20515
33.0667,0.20515
33.0667,0.20515
33.0667,0.20515
33.6,0.231476
33.6,0.231476
33.6,0.231476
33.6,0.231476
33.6,0.231476
33.6,0.231476
33.6,0.231476
33.6,0.231476
34.1333,0.255862
34.1333,0.255862
34.1333,0.255862
34.1333,0.255862
34.1333,0.255862
34.1333,0.255862
34.1333,0.255862
34.1333,0.255862
34.6667,0.264288
34.6667,0.264288
34.6667,0.264288
34.6667,0.264288
34.6667,0.264288
34.6667,0.264288
34.6667,0.264288
34.6667,0.264288
35.2,0.274488
35.2,0.274488
35.2,0.274488
35.2,0.274488
35.2,0.274488
35.2,0.274488
35.2,0.274488
35.2,0.274488
35.7333,0.28088
35.7333,0.28088
35.7333,0.28088
35.7333,0.28088
35.7333,0.28088
35.7333,0.28088
35.7333,0.28088
35.7333,0.28088
36.2667,0.282455
36.2667,0.282455
36.2667,0.282455
36.2667,0.282455
36.2667,0.282455
36.2667,0.282455
36.2667,0.282455
36.2667,0.282455
36.8,0.285829
36.8,0.285829
36.8,0.285829
36.8,0.285829
36.8,0.285829
36.8,0.285829
36.8,0.285829
36.8,0.285829
37.3333,0.283478
37.3333,0.283478
37.3333,0.283478
37.3333,0.283478
37.3333,0.283478
37.3333,0.283478
37.3333,0.283478
37.3333,0.283478
37.8667,0.280574
37.8667,0.280574
37.8667,0.280574
37.8667,0.280574
37.8667,0.280574
37.8667,0.280574
37.8667,0.280574
37.8667,0.280574
38.4,0.291382
38.4,0.291382
38.4,0.291382
38.4,0.291382
38.4,0.291382
38.4,0.291382
38.4,0.291382
38.4,0.291382
38.9333,0.312281
38.9333,0.312281
38.9333,0.312281
38.9333,0.312281
38.9333,0.312281
38.9333,0.312281
38.9333,0.312281
38.9333,0.312281
39.4667,0.32669
39.4667,0.32669
39.4667,0.32669
39.4667,0.32669
39.4667,0.32669
39.4667,0.32669
39.4667,0.32669
39.4667,0.32669
40,0.334359
40,0.334359
40,0.334359
40,0.334359
40,0.334359
40,0.334359
40,0.334359
40,0.334359
40.5333,0.349622
40.5333,0.349622
40.5333,0.349622
40.5333,0.349622
40.5333,0.349622
40.5333,0.349622
40.5333,0.349622
40.5333,0.349622
41.0667,0.365039
41.0667,0.365039
41.0667,0.365039
41.0667,0.365039
41.0667,0.365039
41.0667,0.365039
41.0667,0.365039
41.0667,0.365039
41.6,0.380075
41.6,0.380075
41.6,0.380075
41.6,0.380075
41.6,0.380075
41.6,0.380075
41.6,0.380075
41.6,0.380075
42.1333,0.392219
42.1333,0.392219
42.1333,0.392219
42.1333,0.392219
42.1333,0.392219
42.1333,0.392219
42.1333,0.392219
42.1333,0.392219
42.6667,0.396099
42.6667,0.396099
42.6667,0.396099
42.6667,0.396099
42.6667,0.396099
42.6667,0.396099
42.6667,0.396099
42.6667,0.396099
43.2,0.399845
43.2,0.399845
43.2,0.399845
43.2,0.399845
43.2,0.399845
43.2,0.399845
43.2,0.399845
43.2,0.399845
43.7333,0.410872
43.7333,0.410872
43.7333,0.410872
43.7333,0.410872
43.7333,0.410872
43.7333,0.410872
43.7333,0.410872
43.7333,0.410872
44.2667,0.418721
44.2667,0.418721
44.2667,0.418721
44.2667,0.418721
44.2667,0.418721
44.2667,0.418721
44.2667,0.418721
44.2667,0.418721
44.8,0.419258
44.8,0.419258
44.8,0.419258
44.8,0.419258
44.8,0.419258
44.8,0.419258
44.8,0.419258
44.8,0.419258
45.3333,0.424235
45.3333,0.424235
45.3333,0.424235
45.3333,0.424235
45.3333,0.424235
45.3333,0.424235
45.3333,0.424235
45.3333,0.424235
45.8667,0.428479
45.8667,0.428479
45.8667,0.428479
45.8667,0.428479
45.8667,0.428479
45.8667,0.428479
45.8667,0.428479
45.8667,0.428479
46.4,0.427319
46.4,0.427319
46.4,0.427319
46.4,0.427319
46.4,0.427319
46.4,0.427319
46.4,0.427319
46.4,0.427319
46.9333,0.427879
46.9333,0.427879
46.9333,0.427879
46.9333,0.427879
46.9333,0.427879
46.9333,0.427879
46.9333,0.427879
46.9333,0.427879
47.4667,0.429212
47.4667,0.429212
47.4667,0.429212
47.4667,0.429212
47.4667,0.429212
47.4667,0.429212
47.4667,0.429212
47.4667,0.429212
48,0.418157
48,0.418157
48,0.418157
48,0.418157
48,0.418157
48,0.418157
48,0.418157
48,0.418157
48.5333,0.419411
48.5333,0.419411
48.5333,0.419411
48.5333,0.419411
48.5333,0.419411
48.5333,0.419411
48.5333,0.419411
48.5333,0.419411
49.0667,0.414387
49.0667,0.414387
49.0667,0.414387
49.0667,0.414387
49.0667,0.414387
49.0667,0.414387
49.0667,0.414387
49.0667,0.414387
49.6,0.403619
49.6,0.403619
49.6,0.403619
49.6,0.403619
49.6,0.403619
49.6,0.403619
49.6,0.403619
49.6,0.403619
50.1333,0.403815
50.1333,0.403815
50.1333,0.403815
50.1333,0.403815
50.1333,0.403815
50.1333,0.403815
50.1333,0.403815
50.1333,0.403815
50.6667,0.402886
50.6667,0.402886
50.6667,0.402886
50.6667,0.402886
50.6667,0.402886
50.6667,0.402886
50.6667,0.402886
50.6667,0.402886
51.2,0.397948
51.2,0.397948
51.2,0.397948
51.2,0.397948
51.2,0.397948
51.2,0.397948
51.2,0.397948
51.2,0.397948
51.7333,0.387998
51.7333,0.387998
51.7333,0.387998
51.7333,0.387998
51.7333,0.387998
51.7333,0.387998
51.7333,0.387998
51.7333,0.387998
52.2667,0.390291
52.2667,0.390291
52.2667,0.390291
52.2667,0.390291
52.2667,0.390291
52.2667,0.390291
52.2667,0.390291
52.2667,0.390291
52.8,0.400734
52.8,0.400734
52.8,0.400734
52.8,0.400734
52.8,0.400734
52.8,0.400734
52.8,0.400734
52.8,0.400734
53.3333,0.417193
53.3333,0.417193
53.3333,0.417193
53.3333,0.417193
53.3333,0.417193
53.3333,0.417193
53.3333,0.417193
53.3333,0.417193
53.8667,0.424729
53.8667,0.424729
53.8667,0.424729
53.8667,0.424729
53.8667,0.424729
53.8667,0.424729
53.8667,0.424729
53.8667,0.424729
54.4,0.435607
54.4,0.435607
54.4,0.435607
54.4,0.435607
54.4,0.435607
54.4,0.435607
54.4,0.435607
54.4,0.435607
54.9333,0.439189
54.9333,0.439189
54.9333,0.439189
54.9333,0.439189
54.9333,0.439189
54.9333,0.439189
54.9333,0.439189
54.9333,0.439189
55.4667,0.442183
55.4667,0.442183
55.4667,0.442183
55.4667,0.442183
55.4667,0.442183
55.4667,0.442183
55.4667,0.442183
55.4667,0.442183
56,0.442845
56,0.442845
56,0.442845
56,0.442845
56,0.442845
56,0.442845
56,0.442845
56,0.442845
56.5333,0.443308
56.5333,0.443308
56.5333,0.443308
56.5333,0.443308
56.5333,0.443308
56.5333,0.443308
56.5333,0.443308
56.5333,0.443308
57.0667,0.44493
57.0667,0.44493
57.0667,0.44493
57.0667,0.44493
57.0667,0.44493
57.0667,0.44493
57.0667,0.44493
57.0667,0.44493
57.6,0.445964
57.6,0.445964
57.6,0.445964
57.6,0.445964
57.6,0.445964
57.6,0.445964
57.6,0.445964
57.6,0.445964
58.1333,0.444213
58.1333,0.444213
58.1333,0.444213
58.1333,0.444213
58.1333,0.444213
58.1333,0.444213
58.1333,0.444213
58.1333,0.444213
58.6667,0.443817
58.6667,0.443817
58.6667,0.443817
58.6667,0.443817
58.6667,0.443817
58.6667,0.443817
58.6667,0.443817
58.6667,0.443817
59.2,0.445361
59.2,0.445361
59.2,0.445361
59.2,0.445361
59.2,0.445361
59.2,0.445361
59.2,0.445361
59.2,0.445361
59.7333,0.448982
59.7333,0.448982
59.7333,0.448982
59.7333,0.448982
59.7333,0.448982
59.7333,0.448982
59.7333,0.448982
59.7333,0.448982
60.2667,0.442994
60.2667,0.442994
60.2667,0.442994
60.2667,0.442994
60.2667,0.442994
60.2667,0.442994
60.2667,0.442994
60.2667,0.442994
60.8,0.445369
60.8,0.445369
60.8,0.445369
60.8,0.445369
60.8,0.445369
60.8,0.445369
60.8,0.445369
60.8,0.445369
61.3333,0.438354
61.3333,0.438354
61.3333,0.438354
61.3333,0.438354
61.3333,0.438354
61.3333,0.438354
61.3333,0.438354
61.3333,0.438354
61.8667,0.436736
61.8667,0.436736
61.8667,0.436736
61.8667,0.436736
61.8667,0.436736
61.8667,0.436736
61.8667,0.436736
61.8667,0.436736
62.4,0.436465
62.4,0.436465
62.4,0.436465
62.4,0.436465
62.4,0.436465
62.4,0.436465
62.4,0.436465
62.4,0.436465
62.9333,0.442508
62.9333,0.442508
62.9333,0.442508
62.9333,0.442508
62.9333,0.442508
62.9333,0.442508
62.9333,0.442508
62.9333,0.442508
63.4667,0.443656
63.4667,0.443656
63.4667,0.443656
63.4667,0.443656
63.4667,0.443656
63.4667,0.443656
63.4667,0.443656
63.4667,0.443656
64,0.441003
64,0.441003
64,0.441003
64,0.441003
64,0.441003
64,0.441003
64,0.441003
64,0.441003
64.5333,0.443308
64.5333,0.443308
64.5333,0.443308
64.5333,0.443308
64.5333,0.443308
64.5333,0.443308
64.5333,0.443308
64.5333,0.443308
65.0667,0.446443
65.0667,0.446443
65.0667,0.446443
65.0667,0.446443
65.0667,0.446443
65.0667,0.446443
65.0667,0.446443
65.0667,0.446443
65.6,0.44502
65.6,0.44502
65.6,0.44502
65.6,0.44502
65.6,0.44502
65.6,0.44502
65.6,0.44502
65.6,0.44502
66.1333,0.444593
66.1333,0.444593
66.1333,0.444593
66.1333,0.444593
66.1333,0.444593
66.1333,0.444593
66.1333,0.444593
66.1333,0.444593
66.6667,0.442159
66.6667,0.442159
66.6667,0.442159
66.6667,0.442159
66.6667,0.442159
66.6667,0.442159
66.6667,0.442159
66.6667,0.442159
67.2,0.436144
67.2,0.436144
67.2,0.436144
67.2,0.436144
67.2,0.436144
67.2,0.436144
67.2,0.436144
67.2,0.436144
67.7333,0.437633
67.7333,0.437633
67.7333,0.437633
67.7333,0.437633
67.7333,0.437633
67.7333,0.437633
67.7333,0.437633
67.7333,0.437633
68.2667,0.438264
68.2667,0.438264
68.2667,0.438264
68.2667,0.438264
68.2667,0.438264
68.2667,0.438264
68.2667,0.438264
68.2667,0.438264
68.8,0.439212
68.8,0.439212
68.8,0.439212
68.8,0.439212
68.8,0.439212
68.8,0.439212
68.8,0.439212
68.8,0.439212
69.3333,0.43681
69.3333,0.43681
69.3333,0.43681
69.3333,0.43681
69.3333,0.43681
69.3333,0.43681
69.3333,0.43681
69.3333,0.43681
69.8667,0.439307
69.8667,0.439307
69.8667,0.439307
69.8667,0.439307
69.8667,0.439307
69.8667,0.439307
69.8667,0.439307
69.8667,0.439307
70.4,0.439142
70.4,0.439142
70.4,0.439142
70.4,0.439142
70.4,0.439142
70.4,0.439142
70.4,0.439142
70.4,0.439142
70.9333,0.434345
70.9333,0.434345
70.9333,0.434345
70.9333,0.434345
70.9333,0.434345
70.9333,0.434345
70.9333,0.434345
70.9333,0.434345
71.4667,0.436512
71.4667,0.436512
71.4667,0.436512
71.4667,0.436512
71.4667,0.436512
71.4667,0.436512
71.4667,0.436512
71.4667,0.436512
72,0.438264
72,0.438264
72,0.438264
72,0.438264
72,0.438264
72,0.438264
72,0.438264
72,0.438264
72.5333,0.436301
72.5333,0.436301
72.5333,0.436301
72.5333,0.436301
72.5333,0.436301
72.5333,0.436301
72.5333,0.436301
72.5333,0.436301
73.0667,0.438346
73.0667,0.438346
73.0667,0.438346
73.0667,0.438346
73.0667,0.438346
73.0667,0.438346
73.0667,0.438346
73.0667,0.438346
73.6,0.440055
73.6,0.440055
73.6,0.440055
73.6,0.440055
73.6,0.440055
73.6,0.440055
73.6,0.440055
73.6,0.440055
74.1333,0.435729
74.1333,0.435729
74.1333,0.435729
74.1333,0.435729
74.1333,0.435729
74.1333,0.435729
74.1333,0.435729
74.1333,0.435729
74.6667,0.435827
74.6667,0.435827
74.6667,0.435827
74.6667,0.435827
74.6667,0.435827
74.6667,0.435827
74.6667,0.435827
74.6667,0.435827
75.2,0.439361
75.2,0.439361
75.2,0.439361
75.2,0.439361
75.2,0.439361
75.2,0.439361
75.2,0.439361
75.2,0.439361
75.7333,0.438997
75.7333,0.438997
75.7333,0.438997
75.7333,0.438997
75.7333,0.438997
75.7333,0.438997
75.7333,0.438997
75.7333,0.438997
76.2667,0.439165
76.2667,0.439165
76.2667,0.439165
76.2667,0.439165
76.2667,0.439165
76.2667,0.439165
76.2667,0.439165
76.2667,0.439165
76.8,0.441548
76.8,0.441548
76.8,0.441548
76.8,0.441548
76.8,0.441548
76.8,0.441548
76.8,0.441548
76.8,0.441548
77.3333,0.438746
77.3333,0.438746
77.3333,0.438746
77.3333,0.438746
77.3333,0.438746
77.3333,0.438746
77.3333,0.438746
77.3333,0.438746
77.8667,0.441434
77.8667,0.441434
77.8667,0.441434
77.8667,0.441434
77.8667,0.441434
77.8667,0.441434
77.8667,0.441434
77.8667,0.441434
78.4,0.438378
78.4,0.438378
78.4,0.438378
78.4,0.438378
78.4,0.438378
78.4,0.438378
78.4,0.438378
78.4,0.438378
78.9333,0.436838
78.9333,0.436838
78.9333,0.436838
78.9333,0.436838
78.9333,0.436838
78.9333,0.436838
78.9333,0.436838
78.9333,0.436838
79.4667,0.429153
79.4667,0.429153
79.4667,0.429153
79.4667,0.429153
79.4667,0.429153
79.4667,0.429153
79.4667,0.429153
79.4667,0.429153
80,0.431496
80,0.431496
80,0.431496
80,0.431496
80,0.431496
80,0.431496
80,0.431496
80,0.431496
80.5333,0.431732
80.5333,0.431732
80.5333,0.431732
80.5333,0.431732
80.5333,0.431732
80.5333,0.431732
80.5333,0.431732
80.5333,0.431732
81.0667,0.429831
81.0667,0.429831
81.0667,0.429831
81.0667,0.429831
81.0667,0.429831
81.0667,0.429831
81.0667,0.429831
81.0667,0.429831
81.6,0.432002
81.6,0.432002
81.6,0.432002
81.6,0.432002
81.6,0.432002
81.6,0.432002
81.6,0.432002
81.6,0.432002
82.1333,0.434048
82.1333,0.434048
82.1333,0.434048
82.1333,0.434048
82.1333,0.434048
82.1333,0.434048
82.1333,0.434048
82.1333,0.434048
82.6667,0.435517
82.6667,0.435517
82.6667,0.435517
82.6667,0.435517
82.6667,0.435517
82.6667,0.435517
82.6667,0.435517
82.6667,0.435517
83.2,0.437555
83.2,0.437555
83.2,0.437555
83.2,0.437555
83.2,0.437555
83.2,0.437555
83.2,0.437555
83.2,0.437555
83.7333,0.436317
83.7333,0.436317
83.7333,0.436317
83.7333,0.436317
83.7333,0.436317
83.7333,0.436317
83.7333,0.436317
83.7333,0.436317
84.2667,0.432927
84.2667,0.432927
84.2667,0.432927
84.2667,0.432927
84.2667,0.432927
84.2667,0.432927
84.2667,0.432927
84.2667,0.432927
84.8,0.434537
84.8,0.434537
84.8,0.434537
84.8,0.434537
84.8,0.434537
84.8,0.434537
84.8,0.434537
84.8,0.434537
85.3333,0.435885
85.3333,0.435885
85.3333,0.435885
85.3333,0.435885
85.3333,0.435885
85.3333,0.435885
85.3333,0.435885
85.3333,0.435885
85.8667,0.433667
85.8667,0.433667
85.8667,0.433667
85.8667,0.433667
85.8667,0.433667
85.8667,0.433667
85.8667,0.433667
85.8667,0.433667
86.4,0.437998
86.4,0.437998
86.4,0.437998
86.4,0.437998
86.4,0.437998
86.4,0.437998
86.4,0.437998
86.4,0.437998
86.9333,0.439361
86.9333,0.439361
86.9333,0.439361
86.9333,0.439361
86.9333,0.439361
86.9333,0.439361
86.9333,0.439361
86.9333,0.439361
87.4667,0.433683
87.4667,0.433683
87.4667,0.433683
87.4667,0.433683
87.4667,0.433683
87.4667,0.433683
87.4667,0.433683
87.4667,0.433683
88,0.432739
88,0.432739
88,0.432739
88,0.432739
88,0.432739
88,0.432739
88,0.432739
88,0.432739
88.5333,0.432837
88.5333,0.432837
88.5333,0.432837
88.5333,0.432837
88.5333,0.432837
88.5333,0.432837
88.5333,0.432837
88.5333,0.432837
89.0667,0.430039
89.0667,0.430039
89.0667,0.430039
89.0667,0.430039
89.0667,0.430039
89.0667,0.430039
89.0667,0.430039
89.0667,0.430039
89.6,0.43337
89.6,0.43337
89.6,0.43337
89.6,0.43337
89.6,0.43337
89.6,0.43337
89.6,0.43337
89.6,0.43337
90.1333,0.436716
90.1333,0.436716
90.1333,0.436716
90.1333,0.436716
90.1333,0.436716
90.1333,0.436716
90.1333,0.436716
90.1333,0.436716
90.6667,0.432731
90.6667,0.432731
90.6667,0.432731
90.6667,0.432731
90.6667,0.432731
90.6667,0.432731
90.6667,0.432731
90.6667,0.432731
91.2,0.431477
91.2,0.431477
91.2,0.431477
91.2,0.431477
91.2,0.431477
91.2,0.431477
91.2,0.431477
91.2,0.431477
91.7333,0.425352
91.7333,0.425352
91.7333,0.425352
91.7333,0.425352
91.7333,0.425352
91.7333,0.425352
91.7333,0.425352
91.7333,0.425352
92.2667,0.421323
92.2667,0.421323
92.2667,0.421323
92.2667,0.421323
92.2667,0.421323
92.2667,0.421323
92.2667,0.421323
92.2667,0.421323
92.8,0.418443
92.8,0.418443
92.8,0.418443
92.8,0.418443
92.8,0.418443
92.8,0.418443
92.8,0.418443
92.8,0.418443
93.3333,0.421096
93.3333,0.421096
93.3333,0.421096
93.3333,0.421096
93.3333,0.421096
93.3333,0.421096
93.3333,0.421096
93.3333,0.421096
93.8667,0.422918
93.8667,0.422918
93.8667,0.422918
93.8667,0.422918
93.8667,0.422918
93.8667,0.422918
93.8667,0.422918
93.8667,0.422918
94.4,0.419666
94.4,0.419666
94.4,0.419666
94.4,0.419666
94.4,0.419666
94.4,0.419666
94.4,0.419666
94.4,0.419666
94.9333,0.423698
94.9333,0.423698
94.9333,0.423698
94.9333,0.423698
94.9333,0.423698
94.9333,0.423698
94.9333,0.423698
94.9333,0.423698
95.4667,0.432562
95.4667,0.432562
95.4667,0.432562
95.4667,0.432562
95.4667,0.432562
95.4667,0.432562
95.4667,0.432562
95.4667,0.432562
96,0.439036
96,0.439036
96,0.439036
96,0.439036
96,0.439036
96,0.439036
96,0.439036
96,0.439036
96.5333,0.443727
96.5333,0.443727
96.5333,0.443727
96.5333,0.443727
96.5333,0.443727
96.5333,0.443727
96.5333,0.443727
96.5333,0.443727
97.0667,0.440035
97.0667,0.440035
97.0667,0.440035
97.0667,0.440035
97.0667,0.440035
97.0667,0.440035
97.0667,0.440035
97.0667,0.440035
97.6,0.424125
97.6,0.424125
97.6,0.424125
97.6,0.424125
97.6,0.424125
97.6,0.424125
97.6,0.424125
97.6,0.424125
98.1333,0.406009
98.1333,0.406009
98.1333,0.406009
98.1333,0.406009
98.1333,0.406009
98.1333,0.406009
98.1333,0.406009
98.1333,0.406009
98.6667,0.385173
98.6667,0.385173
98.6667,0.385173
98.6667,0.385173
98.6667,0.385173
98.6667,0.385173
98.6667,0.385173
98.6667,0.385173
99.2,0.364807
99.2,0.364807
99.2,0.364807
99.2,0.364807
99.2,0.364807
99.2,0.364807
99.2,0.364807
99.2,0.364807
99.7333,0.35351
99.7333,0.35351
99.7333,0.35351
99.7333,0.35351
99.7333,0.35351
99.7333,0.35351
99.7333,0.35351
99.7333,0.35351
100.267,0.345747
100.267,0.345747
100.267,0.345747
100.267,0.345747
100.267,0.345747
100.267,0.345747
100.267,0.345747
100.267,0.345747
100.8,0.333218
100.8,0.333218
100.8,0.333218
100.8,0.333218
100.8,0.333218
100.8,0.333218
100.8,0.333218
100.8,0.333218
101.333,0.320047
101.333,0.320047
101.333,0.320047
101.333,0.320047
101.333,0.320047
101.333,0.320047
101.333,0.320047
101.333,0.320047
101.867,0.306301
101.867,0.306301
101.867,0.306301
101.867,0.306301
101.867,0.306301
101.867,0.306301
101.867,0.306301
101.867,0.306301
102.4,0.292526
102.4,0.292526
102.4,0.292526
102.4,0.292526
102.4,0.292526
102.4,0.292526
102.4,0.292526
102.4,0.292526
102.933,0.289364
102.933,0.289364
102.933,0.289364
102.933,0.289364
102.933,0.289364
102.933,0.289364
102.933,0.289364
102.933,0.289364
103.467,0.288937
103.467,0.288937
103.467,0.288937
103.467,0.288937
103.467,0.288937
103.467,0.288937
103.467,0.288937
103.467,0.288937
104,0.307664
104,0.307664
104,0.307664
104,0.307664
104,0.307664
104,0.307664
104,0.307664
104,0.307664
104.533,0.311567
104.533,0.311567
104.533,0.311567
104.533,0.311567
104.533,0.311567
104.533,0.311567
104.533,0.311567
104.533,0.311567
105.067,0.323625
105.067,0.323625
105.067,0.323625
105.067,0.323625
105.067,0.323625
105.067,0.323625
105.067,0.323625
105.067,0.323625
105.6,0.336424
105.6,0.336424
105.6,0.336424
105.6,0.336424
105.6,0.336424
105.6,0.336424
105.6,0.336424
105.6,0.336424
106.133,0.325961
106.133,0.325961
106.133,0.325961
106.133,0.325961
106.133,0.325961
106.133,0.325961
106.133,0.325961
106.133,0.325961
106.667,0.339876
106.667,0.339876
106.667,0.339876
106.667,0.339876
106.667,0.339876
106.667,0.339876
106.667,0.339876
106.667,0.339876
107.2,0.364631
107.2,0.364631
107.2,0.364631
107.2,0.364631
107.2,0.364631
107.2,0.364631
107.2,0.364631
107.2,0.364631
107.733,0.351158
107.733,0.351158
107.733,0.351158
107.733,0.351158
107.733,0.351158
107.733,0.351158
107.733,0.351158
107.733,0.351158
108.267,0.347165
108.267,0.347165
108.267,0.347165
108.267,0.347165
108.267,0.347165
108.267,0.347165
108.267,0.347165
108.267,0.347165
108.8,0.370764
108.8,0.370764
108.8,0.370764
108.8,0.370764
108.8,0.370764
108.8,0.370764
108.8,0.370764
108.8,0.370764
109.333,0.374624
109.333,0.374624
109.333,0.374624
109.333,0.374624
109.333,0.374624
109.333,0.374624
109.333,0.374624
109.333,0.374624
109.867,0.377151
109.867,0.377151
109.867,0.377151
109.867,0.377151
109.867,0.377151
109.867,0.377151
109.867,0.377151
109.867,0.377151
110.4,0.361151
110.4,0.361151
110.4,0.361151
110.4,0.361151
110.4,0.361151
110.4,0.361151
110.4,0.361151
110.4,0.361151
110.933,0.357734
110.933,0.357734
110.933,0.357734
110.933,0.357734
110.933,0.357734
110.933,0.357734
110.933,0.357734
110.933,0.357734
111.467,0.343266
111.467,0.343266
111.467,0.343266
111.467,0.343266
111.467,0.343266
111.467,0.343266
111.467,0.343266
111.467,0.343266
112,0.34028
112,0.34028
112,0.34028
112,0.34028
112,0.34028
112,0.34028
112,0.34028
112,0.34028
112.533,0.349266
112.533,0.349266
112.533,0.349266
112.533,0.349266
112.533,0.349266
112.533,0.349266
112.533,0.349266
112.533,0.349266
113.067,0.363969
113.067,0.363969
113.067,0.363969
113.067,0.363969
113.067,0.363969
113.067,0.363969
113.067,0.363969
113.067,0.363969
113.6,0.367676
113.6,0.367676
113.6,0.367676
113.6,0.367676
113.6,0.367676
113.6,0.367676
113.6,0.367676
113.6,0.367676
114.133,0.33555
114.133,0.33555
114.133,0.33555
114.133,0.33555
114.133,0.33555
114.133,0.33555
114.133,0.33555
114.133,0.33555
114.667,0.310983
114.667,0.310983
114.667,0.310983
114.667,0.310983
114.667,0.310983
114.667,0.310983
114.667,0.310983
114.667,0.310983
115.2,0.276165
115.2,0.276165
115.2,0.276165
115.2,0.276165
115.2,0.276165
115.2,0.276165
115.2,0.276165
115.2,0.276165
115.733,0.26631
115.733,0.26631
115.733,0.26631
115.733,0.26631
115.733,0.26631
115.733,0.26631
115.733,0.26631
115.733,0.26631
116.267,0.229881
116.267,0.229881
116.267,0.229881
116.267,0.229881
116.267,0.229881
116.267,0.229881
116.267,0.229881
116.267,0.229881
116.8,0.211491
116.8,0.211491
116.8,0.211491
116.8,0.211491
116.8,0.211491
116.8,0.211491
116.8,0.211491
116.8,0.211491
117.333,0.202148
117.333,0.202148
117.333,0.202148
117.333,0.202148
117.333,0.202148
117.333,0.202148
117.333,0.202148
117.333,0.202148
117.867,0.214582
117.867,0.214582
117.867,0.214582
117.867,0.214582
117.867,0.214582
117.867,0.214582
117.867,0.214582
117.867,0.214582
118.4,0.216036
118.4,0.216036
118.4,0.216036
118.4,0.216036
118.4,0.216036
118.4,0.216036
118.4,0.216036
118.4,0.216036
118.933,0.198182
118.933,0.198182
118.933,0.198182
118.933,0.198182
118.933,0.198182
118.933,0.198182
118.933,0.198182
118.933,0.198182
119.467,0.176096
119.467,0.176096
119.467,0.176096
119.467,0.176096
119.467,0.176096
119.467,0.176096
119.467,0.176096
119.467,0.176096
120,0.180752
120,0.180752
120,0.180752
120,0.180752
120,0.180752
120,0.180752
120,0.180752
120,0.180752
120.533,0.199554
120.533,0.199554
120.533,0.199554
120.533,0.199554
120.533,0.199554
120.533,0.199554
120.533,0.199554
120.533,0.199554
121.067,0.191501
121.067,0.191501
121.067,0.191501
121.067,0.191501
121.067,0.191501
121.067,0.191501
121.067,0.191501
121.067,0.191501
121.6,0.201286
121.6,0.201286
121.6,0.201286
121.6,0.201286
121.6,0.201286
121.6,0.201286
121.6,0.201286
121.6,0.201286
122.133,0.210221
122.133,0.210221
122.133,0.210221
122.133,0.210221
122.133,0.210221
122.133,0.210221
122.133,0.210221
122.133,0.210221
122.667,0.185678
122.667,0.185678
122.667,0.185678
122.667,0.185678
122.667,0.185678
122.667,0.185678
122.667,0.185678
122.667,0.185678
123.2,0.138641
123.2,0.138641
123.2,0.138641
123.2,0.138641
123.2,0.138641
123.2,0.138641
123.2,0.138641
123.2,0.138641
123.733,0.119757
123.733,0.119757
123.733,0.119757
123.733,0.119757
123.733,0.119757
123.733,0.119757
123.733,0.119757
123.733,0.119757
124.267,0.129753
124.267,0.129753
124.267,0.129753
124.267,0.129753
124.267,0.129753
124.267,0.129753
124.267,0.129753
124.267,0.129753
124.8,0.163333
124.8,0.163333
124.8,0.163333
124.8,0.163333
124.8,0.163333
124.8,0.163333
124.8,0.163333
124.8,0.163333
125.333,0.171265
125.333,0.171265
125.333,0.171265
125.333,0.171265
125.333,0.171265
125.333,0.171265
125.333,0.171265
125.333,0.171265
125.867,0.197426
125.867,0.197426
125.867,0.197426
125.867,0.197426
125.867,0.197426
125.867,0.197426
125.867,0.197426
125.867,0.197426
126.4,0.181583
126.4,0.181583
126.4,0.181583
126.4,0.181583
126.4,0.181583
126.4,0.181583
126.4,0.181583
126.4,0.181583
126.933,0.229109
126.933,0.229109
126.933,0.229109
126.933,0.229109
126.933,0.229109
126.933,0.229109
126.933,0.229109
126.933,0.229109
127.467,0.183495
127.467,0.183495
127.467,0.183495
127.467,0.183495
127.467,0.183495
127.467,0.183495
127.467,0.183495
127.467,0.183495
128,0.157239
128,0.157239
128,0.157239
128,0.157239
128,0.157239
128,0.157239
128,0.157239
128,0.157239
128.533,0.129518
128.533,0.129518
128.533,0.129518
128.533,0.129518
128.533,0.129518
128.533,0.129518
128.533,0.129518
128.533,0.129518
129.067,0.110093
129.067,0.110093
129.067,0.110093
129.067,0.110093
129.067,0.110093
129.067,0.110093
129.067,0.110093
129.067,0.110093
129.6,0.0921257
129.6,0.0921257
129.6,0.0921257
129.6,0.0921257
129.6,0.0921257
129.6,0.0921257
129.6,0.0921257
129.6,0.0921257
130.133,0.054639
130.133,0.054639
130.133,0.054639
130.133,0.054639
130.133,0.054639
130.133,0.054639
130.133,0.054639
130.133,0.054639
130.667,0.0294454
130.667,0.0294454
130.667,0.0294454
130.667,0.0294454
130.667,0.0294454
130.667,0.0294454
130.667,0.0294454
130.667,0.0294454
131.2,0.00183789
131.2,0.00183789
131.2,0.00183789
131.2,0.00183789
131.2,0.00183789
131.2,0.00183789
131.2,0.00183789
131.2,0.00183789
131.733,0.000971848
131.733,0.000971848
131.733,0.000971848
131.733,0.000971848
131.733,0.000971848
131.733,0.000971848
131.733,0.000971848
131.733,0.000971848
132.267,0.000877798
132.267,0.000877798
132.267,0.000877798
132.267,0.000877798
132.267,0.000877798
132.267,0.000877798
132.267,0.000877798
132.267,0.000877798
132.8,0.000889554
132.8,0.000889554
132.8,0.000889554
132.8,0.000889554
132.8,0.000889554
132.8,0.000889554
132.8,0.000889554
132.8,0.000889554
133.333,0.00447912
133.333,0.00447912
133.333,0.00447912
133.333,0.00447912
133.333,0.00447912
133.333,0.00447912
133.333,0.00447912
133.333,0.00447912
133.867,0.0877053
133.867,0.0877053
133.867,0.0877053
133.867,0.0877053
133.867,0.0877053
133.867,0.0877053
133.867,0.0877053
133.867,0.0877053
134.4,0.177966
134.4,0.177966
134.4,0.177966
134.4,0.177966
134.4,0.177966
134.4,0.177966
134.4,0.177966
134.4,0.177966
134.933,0.22503
134.933,0.22503
134.933,0.22503
134.933,0.22503
134.933,0.22503
134.933,0.22503
134.933,0.22503
134.933,0.22503
135.467,0.195772
135.467,0.195772
135.467,0.195772
135.467,0.195772
135.467,0.195772
135.467,0.195772
135.467,0.195772
135.467,0.195772
136,0.135244
136,0.135244
136,0.135244
136,0.135244
136,0.135244
136,0.135244
136,0.135244
136,0.135244
136.533,0.0645142
136.533,0.0645142
136.533,0.0645142
136.533,0.0645142
136.533,0.0645142
136.533,0.0645142
136.533,0.0645142
136.533,0.0645142
137.067,0.0471346
137.067,0.0471346
137.067,0.0471346
137.067,0.0471346
137.067,0.0471346
137.067,0.0471346
137.067,0.0471346
137.067,0.0471346
137.6,0.02749
137.6,0.02749
137.6,0.02749
137.6,0.02749
137.6,0.02749
137.6,0.02749
137.6,0.02749
137.6,0.02749
138.133,0.0148795
138.133,0.0148795
138.133,0.0148795
138.133,0.0148795
138.133,0.0148795
138.133,0.0148795
138.133,0.0148795
138.133,0.0148795
138.667,0.00561947
138.667,0.00561947
138.667,0.00561947
138.667,0.00561947
138.667,0.00561947
138.667,0.00561947
138.667,0.00561947
138.667,0.00561947
139.2,0.00541962
139.2,0.00541962
139.2,0.00541962
139.2,0.00541962
139.2,0.00541962
139.2,0.00541962
139.2,0.00541962
139.2,0.00541962
139.733,0.00479262
139.733,0.00479262
139.733,0.00479262
139.733,0.00479262
139.733,0.00479262
139.733,0.00479262
139.733,0.00479262
139.733,0.00479262
140.267,0.0150754
140.267,0.0150754
140.267,0.0150754
140.267,0.0150754
140.267,0.0150754
140.267,0.0150754
140.267,0.0150754
140.267,0.0150754
140.8,0.0390071
140.8,0.0390071
140.8,0.0390071
140.8,0.0390071
140.8,0.0390071
140.8,0.0390071
140.8,0.0390071
140.8,0.0390071
141.333,0.0726574
141.333,0.0726574
141.333,0.0726574
141.333,0.0726574
141.333,0.0726574
141.333,0.0726574
141.333,0.0726574
141.333,0.0726574
141.867,0.13919
141.867,0.13919
141.867,0.13919
141.867,0.13919
141.867,0.13919
141.867,0.13919
141.867,0.13919
141.867,0.13919
142.4,0.174051
142.4,0.174051
142.4,0.174051
142.4,0.174051
142.4,0.174051
142.4,0.174051
142.4,0.174051
142.4,0.174051
142.933,0.190192
142.933,0.190192
142.933,0.190192
142.933,0.190192
142.933,0.190192
142.933,0.190192
142.933,0.190192
142.933,0.190192
143.467,0.193511
143.467,0.193511
143.467,0.193511
143.467,0.193511
143.467,0.193511
143.467,0.193511
143.467,0.193511
143.467,0.193511
144,0.206541
144,0.206541
144,0.206541
144,0.206541
144,0.206541
144,0.206541
144,0.206541
144,0.206541
144.533,0.179431
144.533,0.179431
144.533,0.179431
144.533,0.179431
144.533,0.179431
144.533,0.179431
144.533,0.179431
144.533,0.179431
145.067,0.125368
145.067,0.125368
145.067,0.125368
145.067,0.125368
145.067,0.125368
145.067,0.125368
145.067,0.125368
145.067,0.125368
145.6,0.0722067
145.6,0.0722067
145.6,0.0722067
145.6,0.0722067
145.6,0.0722067
145.6,0.0722067
145.6,0.0722067
145.6,0.0722067
146.133,0.0236927
146.133,0.0236927
146.133,0.0236927
146.133,0.0236927
146.133,0.0236927
146.133,0.0236927
146.133,0.0236927
146.133,0.0236927
146.667,0.00923255
146.667,0.00923255
146.667,0.00923255
146.667,0.00923255
146.667,0.00923255
146.667,0.00923255
146.667,0.00923255
146.667,0.00923255
147.2,2.35124e-05
147.2,2.35124e-05
147.2,2.35124e-05
147.2,2.35124e-05
147.2,2.35124e-05
147.2,2.35124e-05
147.2,2.35124e-05
147.2,2.35124e-05
147.733,0.0011913
147.733,0.0011913
147.733,0.0011913
147.733,0.0011913
147.733,0.0011913
147.733,0.0011913
147.733,0.0011913
147.733,0.0011913
148.267,0.00114427
148.267,0.00114427
148.267,0.00114427
148.267,0.00114427
148.267,0.00114427
148.267,0.00114427
148.267,0.00114427
148.267,0.00114427
148.8,0.00144602
148.8,0.00144602
148.8,0.00144602
148.8,0.00144602
148.8,0.00144602
148.8,0.00144602
148.8,0.00144602
148.8,0.00144602
149.333,0.00182221
149.333,0.00182221
149.333,0.00182221
149.333,0.00182221
149.333,0.00182221
149.333,0.00182221
149.333,0.00182221
149.333,0.00182221
149.867,0.00160277
149.867,0.00160277
149.867,0.00160277
149.867,0.00160277
149.867,0.00160277
149.867,0.00160277
149.867,0.00160277
149.867,0.00160277
150.4,0.00139507
150.4,0.00139507
150.4,0.00139507
150.4,0.00139507
150.4,0.00139507
150.4,0.00139507
150.4,0.00139507
150.4,0.00139507
150.933,0.00274312
150.933,0.00274312
150.933,0.00274312
150.933,0.00274312
150.933,0.00274312
150.933,0.00274312
150.933,0.00274312
150.933,0.00274312
151.467,0.0390424
151.467,0.0390424
151.467,0.0390424
151.467,0.0390424
151.467,0.0390424
151.467,0.0390424
151.467,0.0390424
151.467,0.0390424
152,0.0582874
152,0.0582874
152,0.0582874
152,0.0582874
152,0.0582874
152,0.0582874
152,0.0582874
152,0.0582874
152.533,0.0659446
152.533,0.0659446
152.533,0.0659446
152.533,0.0659446
152.533,0.0659446
152.533,0.0659446
152.533,0.0659446
152.533,0.0659446
153.067,0.0638285
153.067,0.0638285
153.067,0.0638285
153.067,0.0638285
153.067,0.0638285
153.067,0.0638285
153.067,0.0638285
153.067,0.0638285
153.6,0.0672809
153.6,0.0672809
153.6,0.0672809
153.6,0.0672809
153.6,0.0672809
153.6,0.0672809
153.6,0.0672809
153.6,0.0672809
154.133,0.0415465
154.133,0.0415465
154.133,0.0415465
154.133,0.0415465
154.133,0.0415465
154.133,0.0415465
154.133,0.0415465
154.133,0.0415465
154.667,0.0318476
154.667,0.0318476
154.667,0.0318476
154.667,0.0318476
154.667,0.0318476
154.667,0.0318476
154.667,0.0318476
154.667,0.0318476
155.2,0.0225719
155.2,0.0225719
155.2,0.0225719
155.2,0.0225719
155.2,0.0225719
155.2,0.0225719
155.2,0.0225719
155.2,0.0225719
155.733,0.0158004
155.733,0.0158004
155.733,0.0158004
155.733,0.0158004
155.733,0.0158004
155.733,0.0158004
155.733,0.0158004
155.733,0.0158004
156.267,0.00941673
156.267,0.00941673
156.267,0.00941673
156.267,0.00941673
156.267,0.00941673
156.267,0.00941673
156.267,0.00941673
156.267,0.00941673
156.8,0.00438899
156.8,0.00438899
156.8,0.00438899
156.8,0.00438899
156.8,0.00438899
156.8,0.00438899
156.8,0.00438899
156.8,0.00438899
157.333,0.00586244
157.333,0.00586244
157.333,0.00586244
157.333,0.00586244
157.333,0.00586244
157.333,0.00586244
157.333,0.00586244
157.333,0.00586244
157.867,0.00637187
157.867,0.00637187
157.867,0.00637187
157.867,0.00637187
157.867,0.00637187
157.867,0.00637187
157.867,0.00637187
157.867,0.00637187
158.4,0.00712427
158.4,0.00712427
158.4,0.00712427
158.4,0.00712427
158.4,0.00712427
158.4,0.00712427
158.4,0.00712427
158.4,0.00712427
158.933,0.0229638
158.933,0.0229638
158.933,0.0229638
158.933,0.0229638
158.933,0.0229638
158.933,0.0229638
158.933,0.0229638
158.933,0.0229638
159.467,0.0616144
159.467,0.0616144
159.467,0.0616144
159.467,0.0616144
159.467,0.0616144
159.467,0.0616144
159.467,0.0616144
159.467,0.0616144
160,0.0649766
160,0.0649766
160,0.0649766
160,0.0649766
160,0.0649766
160,0.0649766
160,0.0649766
160,0.0649766
160.533,0.068578
160.533,0.068578
160.533,0.068578
160.533,0.068578
160.533,0.068578
160.533,0.068578
160.533,0.068578
160.533,0.068578
161.067,0.0423851
161.067,0.0423851
161.067,0.0423851
161.067,0.0423851
161.067,0.0423851
161.067,0.0423851
161.067,0.0423851
161.067,0.0423851
161.6,0.00241003
161.6,0.00241003
161.6,0.00241003
161.6,0.00241003
161.6,0.00241003
161.6,0.00241003
161.6,0.00241003
161.6,0.00241003
162.133,0.00775519
162.133,0.00775519
162.133,0.00775519
162.133,0.00775519
162.133,0.00775519
162.133,0.00775519
162.133,0.00775519
162.133,0.00775519
162.667,0.0404453
162.667,0.0404453
162.667,0.0404453
162.667,0.0404453
162.667,0.0404453
162.667,0.0404453
162.667,0.0404453
162.667,0.0404453
163.2,0.0469622
163.2,0.0469622
163.2,0.0469622
163.2,0.0469622
163.2,0.0469622
163.2,0.0469622
163.2,0.0469622
163.2,0.0469622
163.733,0.049286
163.733,0.049286
163.733,0.049286
163.733,0.049286
163.733,0.049286
163.733,0.049286
163.733,0.049286
163.733,0.049286
164.267,0.0242884
164.267,0.0242884
164.267,0.0242884
164.267,0.0242884
164.267,0.0242884
164.267,0.0242884
164.267,0.0242884
164.267,0.0242884
164.8,0.00551367
164.8,0.00551367
164.8,0.00551367
164.8,0.00551367
164.8,0.00551367
164.8,0.00551367
164.8,0.00551367
164.8,0.00551367
165.333,0.00622688
165.333,0.00622688
165.333,0.00622688
165.333,0.00622688
165.333,0.00622688
165.333,0.00622688
165.333,0.00622688
165.333,0.00622688
165.867,0.00868785
165.867,0.00868785
165.867,0.00868785
165.867,0.00868785
165.867,0.00868785
165.867,0.00868785
165.867,0.00868785
165.867,0.00868785
166.4,0.0101691
166.4,0.0101691
166.4,0.0101691
166.4,0.0101691
166.4,0.0101691
166.4,0.0101691
166.4,0.0101691
166.4,0.0101691
166.933,0.010898
166.933,0.010898
166.933,0.010898
166.933,0.010898
166.933,0.010898
166.933,0.010898
166.933,0.010898
166.933,0.010898
167.467,0.0426908
167.467,0.0426908
167.467,0.0426908
167.467,0.0426908
167.467,0.0426908
167.467,0.0426908
167.467,0.0426908
167.467,0.0426908
168,0.0592279
168,0.0592279
168,0.0592279
168,0.0592279
168,0.0592279
168,0.0592279
168,0.0592279
168,0.0592279
168.533,0.0672534
168.533,0.0672534
168.533,0.0672534
168.533,0.0672534
168.533,0.0672534
168.533,0.0672534
168.533,0.0672534
168.533,0.0672534
169.067,0.0710154
169.067,0.0710154
169.067,0.0710154
169.067,0.0710154
169.067,0.0710154
169.067,0.0710154
169.067,0.0710154
169.067,0.0710154
169.6,0.0733706
169.6,0.0733706
169.6,0.0733706
169.6,0.0733706
169.6,0.0733706
169.6,0.0733706
169.6,0.0733706
169.6,0.0733706
170.133,0.0460805
170.133,0.0460805
170.133,0.0460805
170.133,0.0460805
170.133,0.0460805
170.133,0.0460805
170.133,0.0460805
170.133,0.0460805
170.667,0.0111371
170.667,0.0111371
170.667,0.0111371
170.667,0.0111371
170.667,0.0111371
170.667,0.0111371
170.667,0.0111371
170.667,0.0111371
171.2,0.00276271
171.2,0.00276271
171.2,0.00276271
171.2,0.00276271
171.2,0.00276271
171.2,0.00276271
171.2,0.00276271
171.2,0.00276271
171.733,0.00202991
171.733,0.00202991
171.733,0.00202991
171.733,0.00202991
171.733,0.00202991
171.733,0.00202991
171.733,0.00202991
171.733,0.00202991
172.267,0.00166546
172.267,0.00166546
172.267,0.00166546
172.267,0.00166546
172.267,0.00166546
172.267,0.00166546
172.267,0.00166546
172.267,0.00166546
172.8,0.0018183
172.8,0.0018183
172.8,0.0018183
172.8,0.0018183
172.8,0.0018183
172.8,0.0018183
172.8,0.0018183
172.8,0.0018183
173.333,0.00174776
173.333,0.00174776
173.333,0.00174776
173.333,0.00174776
173.333,0.00174776
173.333,0.00174776
173.333,0.00174776
173.333,0.00174776
173.867,0.00194761
173.867,0.00194761
173.867,0.00194761
173.867,0.00194761
173.867,0.00194761
173.867,0.00194761
173.867,0.00194761
173.867,0.00194761
174.4,0.00199856
174.4,0.00199856
174.4,0.00199856
174.4,0.00199856
174.4,0.00199856
174.4,0.00199856
174.4,0.00199856
174.4,0.00199856
174.933,0.00672456
174.933,0.00672456
174.933,0.00672456
174.933,0.00672456
174.933,0.00672456
174.933,0.00672456
174.933,0.00672456
174.933,0.00672456
175.467,0.0368087
175.467,0.0368087
175.467,0.0368087
175.467,0.0368087
175.467,0.0368087
175.467,0.0368087
175.467,0.0368087
175.467,0.0368087
176,0.0717404
176,0.0717404
176,0.0717404
176,0.0717404
176,0.0717404
176,0.0717404
176,0.0717404
176,0.0717404
176.533,0.1327
176.533,0.1327
176.533,0.1327
176.533,0.1327
176.533,0.1327
176.533,0.1327
176.533,0.1327
176.533,0.1327
177.067,0.146459
177.067,0.146459
177.067,0.146459
177.067,0.146459
177.067,0.146459
177.067,0.146459
177.067,0.146459
177.067,0.146459
177.6,0.13029
177.6,0.13029
177.6,0.13029
177.6,0.13029
177.6,0.13029
177.6,0.13029
177.6,0.13029
177.6,0.13029
178.133,0.120486
178.133,0.120486
178.133,0.120486
178.133,0.120486
178.133,0.120486
178.133,0.120486
178.133,0.120486
178.133,0.120486
178.667,0.111774
178.667,0.111774
178.667,0.111774
178.667,0.111774
178.667,0.111774
178.667,0.111774
178.667,0.111774
178.667,0.111774
179.2,0.093893
179.2,0.093893
179.2,0.093893
179.2,0.093893
179.2,0.093893
179.2,0.093893
179.2,0.093893
179.2,0.093893
179.733,0.0496975
179.733,0.0496975
179.733,0.0496975
179.733,0.0496975
179.733,0.0496975
179.733,0.0496975
179.733,0.0496975
179.733,0.0496975
180.267,0.0344497
180.267,0.0344497
180.267,0.0344497
180.267,0.0344497
180.267,0.0344497
180.267,0.0344497
180.267,0.0344497
180.267,0.0344497
180.8,0.035253
180.8,0.035253
180.8,0.035253
180.8,0.035253
180.8,0.035253
180.8,0.035253
180.8,0.035253
180.8,0.035253
181.333,0.0362405
181.333,0.0362405
181.333,0.0362405
181.333,0.0362405
181.333,0.0362405
181.333,0.0362405
181.333,0.0362405
181.333,0.0362405
181.867,0.0430435
181.867,0.0430435
181.867,0.0430435
181.867,0.0430435
181.867,0.0430435
181.867,0.0430435
181.867,0.0430435
181.867,0.0430435
182.4,0.0750165
182.4,0.0750165
182.4,0.0750165
182.4,0.0750165
182.4,0.0750165
182.4,0.0750165
182.4,0.0750165
182.4,0.0750165
182.933,0.0808515
182.933,0.0808515
182.933,0.0808515
182.933,0.0808515
182.933,0.0808515
182.933,0.0808515
182.933,0.0808515
182.933,0.0808515
183.467,0.0884813
183.467,0.0884813
183.467,0.0884813
183.467,0.0884813
183.467,0.0884813
183.467,0.0884813
183.467,0.0884813
183.467,0.0884813
184,0.0918514
184,0.0918514
184,0.0918514
184,0.0918514
184,0.0918514
184,0.0918514
184,0.0918514
184,0.0918514
184.533,0.0945004
184.533,0.0945004
184.533,0.0945004
184.533,0.0945004
184.533,0.0945004
184.533,0.0945004
184.533,0.0945004
184.533,0.0945004
185.067,0.0949119
185.067,0.0949119
185.067,0.0949119
185.067,0.0949119
185.067,0.0949119
185.067,0.0949119
185.067,0.0949119
185.067,0.0949119
185.6,0.0966048
185.6,0.0966048
185.6,0.0966048
185.6,0.0966048
185.6,0.0966048
185.6,0.0966048
185.6,0.0966048
185.6,0.0966048
186.133,0.0980665
186.133,0.0980665
186.133,0.0980665
186.133,0.0980665
186.133,0.0980665
186.133,0.0980665
186.133,0.0980665
186.133,0.0980665
186.667,0.0981801
186.667,0.0981801
186.667,0.0981801
186.667,0.0981801
186.667,0.0981801
186.667,0.0981801
186.667,0.0981801
186.667,0.0981801
187.2,0.0997555
187.2,0.0997555
187.2,0.0997555
187.2,0.0997555
187.2,0.0997555
187.2,0.0997555
187.2,0.0997555
187.2,0.0997555
187.733,0.0988267
187.733,0.0988267
187.733,0.0988267
187.733,0.0988267
187.733,0.0988267
187.733,0.0988267
187.733,0.0988267
187.733,0.0988267
188.267,0.100496
188.267,0.100496
188.267,0.100496
188.267,0.100496
188.267,0.100496
188.267,0.100496
188.267,0.100496
188.267,0.100496
188.8,0.0996536
188.8,0.0996536
188.8,0.0996536
188.8,0.0996536
188.8,0.0996536
188.8,0.0996536
188.8,0.0996536
188.8,0.0996536
189.333,0.101695
189.333,0.101695
189.333,0.101695
189.333,0.101695
189.333,0.101695
189.333,0.101695
189.333,0.101695
189.333,0.101695
189.867,0.103008
189.867,0.103008
189.867,0.103008
189.867,0.103008
189.867,0.103008
189.867,0.103008
189.867,0.103008
189.867,0.103008
190.4,0.102546
190.4,0.102546
190.4,0.102546
190.4,0.102546
190.4,0.102546
190.4,0.102546
190.4,0.102546
190.4,0.102546
190.933,0.101558
190.933,0.101558
190.933,0.101558
190.933,0.101558
190.933,0.101558
190.933,0.101558
190.933,0.101558
190.933,0.101558
191.467,0.104364
191.467,0.104364
191.467,0.104364
191.467,0.104364
191.467,0.104364
191.467,0.104364
191.467,0.104364
191.467,0.104364
192,0.106821
192,0.106821
192,0.106821
192,0.106821
192,0.106821
192,0.106821
192,0.106821
192,0.106821
192.533,0.108839
192.533,0.108839
192.533,0.108839
192.533,0.108839
192.533,0.108839
192.533,0.108839
192.533,0.108839
192.533,0.108839
193.067,0.107765
193.067,0.107765
193.067,0.107765
193.067,0.107765
193.067,0.107765
193.067,0.107765
193.067,0.107765
193.067,0.107765
193.6,0.105496
193.6,0.105496
193.6,0.105496
193.6,0.105496
193.6,0.105496
193.6,0.105496
193.6,0.105496
193.6,0.105496
194.133,0.106978
194.133,0.106978
194.133,0.106978
194.133,0.106978
194.133,0.106978
194.133,0.106978
194.133,0.106978
194.133,0.106978
194.667,0.104689
194.667,0.104689
194.667,0.104689
194.667,0.104689
194.667,0.104689
194.667,0.104689
194.667,0.104689
194.667,0.104689
195.2,0.10679
195.2,0.10679
195.2,0.10679
195.2,0.10679
195.2,0.10679
195.2,0.10679
195.2,0.10679
195.2,0.10679
195.733,0.109995
195.733,0.109995
195.733,0.109995
195.733,0.109995
195.733,0.109995
195.733,0.109995
195.733,0.109995
195.733,0.109995
196.267,0.116422
196.267,0.116422
196.267,0.116422
196.267,0.116422
196.267,0.116422
196.267,0.116422
196.267,0.116422
196.267,0.116422
196.8,0.13522
196.8,0.13522
196.8,0.13522
196.8,0.13522
196.8,0.13522
196.8,0.13522
196.8,0.13522
196.8,0.13522
197.333,0.146835
197.333,0.146835
197.333,0.146835
197.333,0.146835
197.333,0.146835
197.333,0.146835
197.333,0.146835
197.333,0.146835
197.867,0.164799
197.867,0.164799
197.867,0.164799
197.867,0.164799
197.867,0.164799
197.867,0.164799
197.867,0.164799
197.867,0.164799
198.4,0.180787
198.4,0.180787
198.4,0.180787
198.4,0.180787
198.4,0.180787
198.4,0.180787
198.4,0.180787
198.4,0.180787
198.933,0.196591
198.933,0.196591
198.933,0.196591
198.933,0.196591
198.933,0.196591
198.933,0.196591
198.933,0.196591
198.933,0.196591
199.467,0.230935
199.467,0.230935
199.467,0.230935
199.467,0.230935
199.467,0.230935
199.467,0.230935
199.467,0.230935
199.467,0.230935
200,0.271553
200,0.271553
200,0.271553
200,0.271553
200,0.271553
200,0.271553
200,0.271553
200,0.271553
200.533,0.287628
200.533,0.287628
200.533,0.287628
200.533,0.287628
200.533,0.287628
200.533,0.287628
200.533,0.287628
200.533,0.287628
201.067,0.308907
201.067,0.308907
201.067,0.308907
201.067,0.308907
201.067,0.308907
201.067,0.308907
201.067,0.308907
201.067,0.308907
201.6,0.322567
201.6,0.322567
201.6,0.322567
201.6,0.322567
201.6,0.322567
201.6,0.322567
201.6,0.322567
201.6,0.322567
202.133,0.315055
202.133,0.315055
202.133,0.315055
202.133,0.315055
202.133,0.315055
202.133,0.315055
202.133,0.315055
202.133,0.315055
202.667,0.31172
202.667,0.31172
202.667,0.31172
202.667,0.31172
202.667,0.31172
202.667,0.31172
202.667,0.31172
202.667,0.31172
203.2,0.312966
203.2,0.312966
203.2,0.312966
203.2,0.312966
203.2,0.312966
203.2,0.312966
203.2,0.312966
203.2,0.312966
203.733,0.314056
203.733,0.314056
203.733,0.314056
203.733,0.314056
203.733,0.314056
203.733,0.314056
203.733,0.314056
203.733,0.314056
204.267,0.33624
204.267,0.33624
204.267,0.33624
204.267,0.33624
204.267,0.33624
204.267,0.33624
204.267,0.33624
204.267,0.33624
204.8,0.352267
204.8,0.352267
204.8,0.352267
204.8,0.352267
204.8,0.352267
204.8,0.352267
204.8,0.352267
204.8,0.352267
205.333,0.355351
205.333,0.355351
205.333,0.355351
205.333,0.355351
205.333,0.355351
205.333,0.355351
205.333,0.355351
205.333,0.355351
205.867,0.355688
205.867,0.355688
205.867,0.355688
205.867,0.355688
205.867,0.355688
205.867,0.355688
205.867,0.355688
205.867,0.355688
206.4,0.366402
206.4,0.366402
206.4,0.366402
206.4,0.366402
206.4,0.366402
206.4,0.366402
206.4,0.366402
206.4,0.366402
206.933,0.366782
206.933,0.366782
206.933,0.366782
206.933,0.366782
206.933,0.366782
206.933,0.366782
206.933,0.366782
206.933,0.366782
207.467,0.354897
207.467,0.354897
207.467,0.354897
207.467,0.354897
207.467,0.354897
207.467,0.354897
207.467,0.354897
207.467,0.354897
208,0.348302
208,0.348302
208,0.348302
208,0.348302
208,0.348302
208,0.348302
208,0.348302
208,0.348302
208.533,0.350786
208.533,0.350786
208.533,0.350786
208.533,0.350786
208.533,0.350786
208.533,0.350786
208.533,0.350786
208.533,0.350786
209.067,0.353153
209.067,0.353153
209.067,0.353153
209.067,0.353153
209.067,0.353153
209.067,0.353153
209.067,0.353153
209.067,0.353153
209.6,0.360755
209.6,0.360755
209.6,0.360755
209.6,0.360755
209.6,0.360755
209.6,0.360755
209.6,0.360755
209.6,0.360755
210.133,0.366265
210.133,0.366265
210.133,0.366265
210.133,0.366265
210.133,0.366265
210.133,0.366265
210.133,0.366265
210.133,0.366265
210.667,0.368275
210.667,0.368275
210.667,0.368275
210.667,0.368275
210.667,0.368275
210.667,0.368275
210.667,0.368275
210.667,0.368275
211.2,0.36962
211.2,0.36962
211.2,0.36962
211.2,0.36962
211.2,0.36962
211.2,0.36962
211.2,0.36962
211.2,0.36962
211.733,0.371869
211.733,0.371869
211.733,0.371869
211.733,0.371869
211.733,0.371869
211.733,0.371869
211.733,0.371869
211.733,0.371869
212.267,0.378006
212.267,0.378006
212.267,0.378006
212.267,0.378006
212.267,0.378006
212.267,0.378006
212.267,0.378006
212.267,0.378006
212.8,0.391275
212.8,0.391275
212.8,0.391275
212.8,0.391275
212.8,0.391275
212.8,0.391275
212.8,0.391275
212.8,0.391275
213.333,0.401953
213.333,0.401953
213.333,0.401953
213.333,0.401953
213.333,0.401953
213.333,0.401953
213.333,0.401953
213.333,0.401953
213.867,0.411468
213.867,0.411468
213.867,0.411468
213.867,0.411468
213.867,0.411468
213.867,0.411468
213.867,0.411468
213.867,0.411468
214.4,0.411025
214.4,0.411025
214.4,0.411025
214.4,0.411025
214.4,0.411025
214.4,0.411025
214.4,0.411025
214.4,0.411025
214.933,0.413435
214.933,0.413435
214.933,0.413435
214.933,0.413435
214.933,0.413435
214.933,0.413435
214.933,0.413435
214.933,0.413435
215.467,0.416135
215.467,0.416135
215.467,0.416135
215.467,0.416135
215.467,0.416135
215.467,0.416135
215.467,0.416135
215.467,0.416135
216,0.413459
216,0.413459
216,0.413459
216,0.413459
216,0.413459
216,0.413459
216,0.413459
216,0.413459
216.533,0.41329
216.533,0.41329
216.533,0.41329
216.533,0.41329
216.533,0.41329
216.533,0.41329
216.533,0.41329
216.533,0.41329
217.067,0.414528
217.067,0.414528
217.067,0.414528
217.067,0.414528
217.067,0.414528
217.067,0.414528
217.067,0.414528
217.067,0.414528
217.6,0.414893
217.6,0.414893
217.6,0.414893
217.6,0.414893
217.6,0.414893
217.6,0.414893
217.6,0.414893
217.6,0.414893
218.133,0.419113
218.133,0.419113
218.133,0.419113
218.133,0.419113
218.133,0.419113
218.133,0.419113
218.133,0.419113
218.133,0.419113
218.667,0.419764
218.667,0.419764
218.667,0.419764
218.667,0.419764
218.667,0.419764
218.667,0.419764
218.667,0.419764
218.667,0.419764
219.2,0.407827
219.2,0.407827
219.2,0.407827
219.2,0.407827
219.2,0.407827
219.2,0.407827
219.2,0.407827
219.2,0.407827
219.733,0.409614
219.733,0.409614
219.733,0.409614
219.733,0.409614
219.733,0.409614
219.733,0.409614
219.733,0.409614
219.733,0.409614
220.267,0.408752
220.267,0.408752
220.267,0.408752
220.267,0.408752
220.267,0.408752
220.267,0.408752
220.267,0.408752
220.267,0.408752
220.8,0.400558
220.8,0.400558
220.8,0.400558
220.8,0.400558
220.8,0.400558
220.8,0.400558
220.8,0.400558
220.8,0.400558
221.333,0.400413
221.333,0.400413
221.333,0.400413
221.333,0.400413
221.333,0.400413
221.333,0.400413
221.333,0.400413
221.333,0.400413
221.867,0.4022
221.867,0.4022
221.867,0.4022
221.867,0.4022
221.867,0.4022
221.867,0.4022
221.867,0.4022
221.867,0.4022
222.4,0.401397
222.4,0.401397
222.4,0.401397
222.4,0.401397
222.4,0.401397
222.4,0.401397
222.4,0.401397
222.4,0.401397
222.933,0.405288
222.933,0.405288
222.933,0.405288
222.933,0.405288
222.933,0.405288
222.933,0.405288
222.933,0.405288
222.933,0.405288
223.467,0.402353
223.467,0.402353
223.467,0.402353
223.467,0.402353
223.467,0.402353
223.467,0.402353
223.467,0.402353
223.467,0.402353
224,0.401467
224,0.401467
224,0.401467
224,0.401467
224,0.401467
224,0.401467
224,0.401467
224,0.401467
224.533,0.406319
224.533,0.406319
224.533,0.406319
224.533,0.406319
224.533,0.406319
224.533,0.406319
224.533,0.406319
224.533,0.406319
225.067,0.41177
225.067,0.41177
225.067,0.41177
225.067,0.41177
225.067,0.41177
225.067,0.41177
225.067,0.41177
225.067,0.41177
225.6,0.413854
225.6,0.413854
225.6,0.413854
225.6,0.413854
225.6,0.413854
225.6,0.413854
225.6,0.413854
225.6,0.413854
226.133,0.40945
226.133,0.40945
226.133,0.40945
226.133,0.40945
226.133,0.40945
226.133,0.40945
226.133,0.40945
226.133,0.40945
226.667,0.41088
226.667,0.41088
226.667,0.41088
226.667,0.41088
226.667,0.41088
226.667,0.41088
226.667,0.41088
226.667,0.41088
227.2,0.414466
227.2,0.414466
227.2,0.414466
227.2,0.414466
227.2,0.414466
227.2,0.414466
227.2,0.414466
227.2,0.414466
227.733,0.413141
227.733,0.413141
227.733,0.413141
227.733,0.413141
227.733,0.413141
227.733,0.413141
227.733,0.413141
227.733,0.413141
228.267,0.414905
228.267,0.414905
228.267,0.414905
228.267,0.414905
228.267,0.414905
228.267,0.414905
228.267,0.414905
228.267,0.414905
228.8,0.416182
228.8,0.416182
228.8,0.416182
228.8,0.416182
228.8,0.416182
228.8,0.416182
228.8,0.416182
228.8,0.416182
229.333,0.419584
229.333,0.419584
229.333,0.419584
229.333,0.419584
229.333,0.419584
229.333,0.419584
229.333,0.419584
229.333,0.419584
229.867,0.419819
229.867,0.419819
229.867,0.419819
229.867,0.419819
229.867,0.419819
229.867,0.419819
229.867,0.419819
229.867,0.419819
230.4,0.420567
230.4,0.420567
230.4,0.420567
230.4,0.420567
230.4,0.420567
230.4,0.420567
230.4,0.420567
230.4,0.420567
230.933,0.418866
230.933,0.418866
230.933,0.418866
230.933,0.418866
230.933,0.418866
230.933,0.418866
230.933,0.418866
230.933,0.418866
231.467,0.413968
231.467,0.413968
231.467,0.413968
231.467,0.413968
231.467,0.413968
231.467,0.413968
231.467,0.413968
231.467,0.413968
232,0.41251
232,0.41251
232,0.41251
232,0.41251
232,0.41251
232,0.41251
232,0.41251
232,0.41251
232.533,0.411487
232.533,0.411487
232.533,0.411487
232.533,0.411487
232.533,0.411487
232.533,0.411487
232.533,0.411487
232.533,0.411487
233.067,0.4124
233.067,0.4124
233.067,0.4124
233.067,0.4124
233.067,0.4124
233.067,0.4124
233.067,0.4124
233.067,0.4124
233.6,0.413306
233.6,0.413306
233.6,0.413306
233.6,0.413306
233.6,0.413306
233.6,0.413306
233.6,0.413306
233.6,0.413306
234.133,0.410786
234.133,0.410786
234.133,0.410786
234.133,0.410786
234.133,0.410786
234.133,0.410786
234.133,0.410786
234.133,0.410786
234.667,0.411875
234.667,0.411875
234.667,0.411875
234.667,0.411875
234.667,0.411875
234.667,0.411875
234.667,0.411875
234.667,0.411875
235.2,0.412197
235.2,0.412197
235.2,0.412197
235.2,0.412197
235.2,0.412197
235.2,0.412197
235.2,0.412197
235.2,0.412197
235.733,0.408842
235.733,0.408842
235.733,0.408842
235.733,0.408842
235.733,0.408842
235.733,0.408842
235.733,0.408842
235.733,0.408842
236.267,0.411742
236.267,0.411742
236.267,0.411742
236.267,0.411742
236.267,0.411742
236.267,0.411742
236.267,0.411742
236.267,0.411742
236.8,0.417585
236.8,0.417585
236.8,0.417585
236.8,0.417585
236.8,0.417585
236.8,0.417585
236.8,0.417585
236.8,0.417585
237.333,0.417522
237.333,0.417522
237.333,0.417522
237.333,0.417522
237.333,0.417522
237.333,0.417522
237.333,0.417522
237.333,0.417522
237.867,0.416707
237.867,0.416707
237.867,0.416707
237.867,0.416707
237.867,0.416707
237.867,0.416707
237.867,0.416707
237.867,0.416707
238.4,0.414995
238.4,0.414995
238.4,0.414995
238.4,0.414995
238.4,0.414995
238.4,0.414995
238.4,0.414995
238.4,0.414995
238.933,0.419137
238.933,0.419137
238.933,0.419137
238.933,0.419137
238.933,0.419137
238.933,0.419137
238.933,0.419137
238.933,0.419137
239.467,0.419011
239.467,0.419011
239.467,0.419011
239.467,0.419011
239.467,0.419011
239.467,0.419011
239.467,0.419011
239.467,0.419011
240,0.412906
240,0.412906
240,0.412906
240,0.412906
240,0.412906
240,0.412906
240,0.412906
240,0.412906
240.533,0.41405
240.533,0.41405
240.533,0.41405
240.533,0.41405
240.533,0.41405
240.533,0.41405
240.533,0.41405
240.533,0.41405
241.067,0.415774
241.067,0.415774
241.067,0.415774
241.067,0.415774
241.067,0.415774
241.067,0.415774
241.067,0.415774
241.067,0.415774
241.6,0.417091
241.6,0.417091
241.6,0.417091
241.6,0.417091
241.6,0.417091
241.6,0.417091
241.6,0.417091
241.6,0.417091
242.133,0.415677
242.133,0.415677
242.133,0.415677
242.133,0.415677
242.133,0.415677
242.133,0.415677
242.133,0.415677
242.133,0.415677
242.667,0.415633
242.667,0.415633
242.667,0.415633
242.667,0.415633
242.667,0.415633
242.667,0.415633
242.667,0.415633
242.667,0.415633
243.2,0.41289
243.2,0.41289
243.2,0.41289
243.2,0.41289
243.2,0.41289
243.2,0.41289
243.2,0.41289
243.2,0.41289
243.733,0.415242
243.733,0.415242
243.733,0.415242
243.733,0.415242
243.733,0.415242
243.733,0.415242
243.733,0.415242
243.733,0.415242
244.267,0.41597
244.267,0.41597
244.267,0.41597
244.267,0.41597
244.267,0.41597
244.267,0.41597
244.267,0.41597
244.267,0.41597
244.8,0.41137
244.8,0.41137
244.8,0.41137
244.8,0.41137
244.8,0.41137
244.8,0.41137
244.8,0.41137
244.8,0.41137
245.333,0.415892
245.333,0.415892
245.333,0.415892
245.333,0.415892
245.333,0.415892
245.333,0.415892
245.333,0.415892
245.333,0.415892
245.867,0.421359
245.867,0.421359
245.867,0.421359
245.867,0.421359
245.867,0.421359
245.867,0.421359
245.867,0.421359
245.867,0.421359
246.4,0.417624
246.4,0.417624
246.4,0.417624
246.4,0.417624
246.4,0.417624
246.4,0.417624
246.4,0.417624
246.4,0.417624
246.933,0.416927
246.933,0.416927
246.933,0.416927
246.933,0.416927
246.933,0.416927
246.933,0.416927
246.933,0.416927
246.933,0.416927
247.467,0.419815
247.467,0.419815
247.467,0.419815
247.467,0.419815
247.467,0.419815
247.467,0.419815
247.467,0.419815
247.467,0.419815
248,0.417471
248,0.417471
248,0.417471
248,0.417471
248,0.417471
248,0.417471
248,0.417471
248,0.417471
248.533,0.4188
248.533,0.4188
248.533,0.4188
248.533,0.4188
248.533,0.4188
248.533,0.4188
248.533,0.4188
248.533,0.4188
249.067,0.418565
249.067,0.418565
249.067,0.418565
249.067,0.418565
249.067,0.418565
249.067,0.418565
249.067,0.418565
249.067,0.418565
249.6,0.414716
249.6,0.414716
249.6,0.414716
249.6,0.414716
249.6,0.414716
249.6,0.414716
249.6,0.414716
249.6,0.414716
250.133,0.414767
250.133,0.414767
250.133,0.414767
250.133,0.414767
250.133,0.414767
250.133,0.414767
250.133,0.414767
250.133,0.414767
250.667,0.413984
250.667,0.413984
250.667,0.413984
250.667,0.413984
250.667,0.413984
250.667,0.413984
250.667,0.413984
250.667,0.413984
251.2,0.408893
251.2,0.408893
251.2,0.408893
251.2,0.408893
251.2,0.408893
251.2,0.408893
251.2,0.408893
251.2,0.408893
251.733,0.405131
251.733,0.405131
251.733,0.405131
251.733,0.405131
251.733,0.405131
251.733,0.405131
251.733,0.405131
251.733,0.405131
252.267,0.419576
252.267,0.419576
252.267,0.419576
252.267,0.419576
252.267,0.419576
252.267,0.419576
252.267,0.419576
252.267,0.419576
252.8,0.427868
252.8,0.427868
252.8,0.427868
252.8,0.427868
252.8,0.427868
252.8,0.427868
252.8,0.427868
252.8,0.427868
253.333,0.431602
253.333,0.431602
253.333,0.431602
253.333,0.431602
253.333,0.431602
253.333,0.431602
253.333,0.431602
253.333,0.431602
253.867,0.432723
253.867,0.432723
253.867,0.432723
253.867,0.432723
253.867,0.432723
253.867,0.432723
253.867,0.432723
253.867,0.432723
254.4,0.435631
254.4,0.435631
254.4,0.435631
254.4,0.435631
254.4,0.435631
254.4,0.435631
254.4,0.435631
254.4,0.435631
254.933,0.443366
254.933,0.443366
254.933,0.443366
254.933,0.443366
254.933,0.443366
254.933,0.443366
254.933,0.443366
254.933,0.443366
255.467,0.445228
255.467,0.445228
255.467,0.445228
255.467,0.445228
255.467,0.445228
255.467,0.445228
255.467,0.445228
255.467,0.445228
256,0.446305
256,0.446305
256,0.446305
256,0.446305
256,0.446305
256,0.446305
256,0.446305
256,0.446305
256.533,0.441991
256.533,0.441991
256.533,0.441991
256.533,0.441991
256.533,0.441991
256.533,0.441991
256.533,0.441991
256.533,0.441991
257.067,0.444801
257.067,0.444801
257.067,0.444801
257.067,0.444801
257.067,0.444801
257.067,0.444801
257.067,0.444801
257.067,0.444801
257.6,0.444903
257.6,0.444903
257.6,0.444903
257.6,0.444903
257.6,0.444903
257.6,0.444903
257.6,0.444903
257.6,0.444903
258.133,0.443664
258.133,0.443664
258.133,0.443664
258.133,0.443664
258.133,0.443664
258.133,0.443664
258.133,0.443664
258.133,0.443664
258.667,0.44446
258.667,0.44446
258.667,0.44446
258.667,0.44446
258.667,0.44446
258.667,0.44446
258.667,0.44446
258.667,0.44446
259.2,0.444048
259.2,0.444048
259.2,0.444048
259.2,0.444048
259.2,0.444048
259.2,0.444048
259.2,0.444048
259.2,0.444048
259.733,0.435353
259.733,0.435353
259.733,0.435353
259.733,0.435353
259.733,0.435353
259.733,0.435353
259.733,0.435353
259.733,0.435353
260.267,0.440161
260.267,0.440161
260.267,0.440161
260.267,0.440161
260.267,0.440161
260.267,0.440161
260.267,0.440161
260.267,0.440161
260.8,0.443362
260.8,0.443362
260.8,0.443362
260.8,0.443362
260.8,0.443362
260.8,0.443362
260.8,0.443362
260.8,0.443362
261.333,0.438915
261.333,0.438915
261.333,0.438915
261.333,0.438915
261.333,0.438915
261.333,0.438915
261.333,0.438915
261.333,0.438915
261.867,0.439381
261.867,0.439381
261.867,0.439381
261.867,0.439381
261.867,0.439381
261.867,0.439381
261.867,0.439381
261.867,0.439381
262.4,0.441509
262.4,0.441509
262.4,0.441509
262.4,0.441509
262.4,0.441509
262.4,0.441509
262.4,0.441509
262.4,0.441509
262.933,0.437747
262.933,0.437747
262.933,0.437747
262.933,0.437747
262.933,0.437747
262.933,0.437747
262.933,0.437747
262.933,0.437747
263.467,0.441419
263.467,0.441419
263.467,0.441419
263.467,0.441419
263.467,0.441419
263.467,0.441419
263.467,0.441419
263.467,0.441419
264,0.438789
264,0.438789
264,0.438789
264,0.438789
264,0.438789
264,0.438789
264,0.438789
264,0.438789
264.533,0.442779
264.533,0.442779
264.533,0.442779
264.533,0.442779
264.533,0.442779
264.533,0.442779
264.533,0.442779
264.533,0.442779
265.067,0.439212
265.067,0.439212
265.067,0.439212
265.067,0.439212
265.067,0.439212
265.067,0.439212
265.067,0.439212
265.067,0.439212
265.6,0.432061
265.6,0.432061
265.6,0.432061
265.6,0.432061
265.6,0.432061
265.6,0.432061
265.6,0.432061
265.6,0.432061
266.133,0.439804
266.133,0.439804
266.133,0.439804
266.133,0.439804
266.133,0.439804
266.133,0.439804
266.133,0.439804
266.133,0.439804
266.667,0.438848
266.667,0.438848
266.667,0.438848
266.667,0.438848
266.667,0.438848
266.667,0.438848
266.667,0.438848
266.667,0.438848
267.2,0.439224
267.2,0.439224
267.2,0.439224
267.2,0.439224
267.2,0.439224
267.2,0.439224
267.2,0.439224
267.2,0.439224
267.733,0.439436
267.733,0.439436
267.733,0.439436
267.733,0.439436
267.733,0.439436
267.733,0.439436
267.733,0.439436
267.733,0.439436
268.267,0.428573
268.267,0.428573
268.267,0.428573
268.267,0.428573
268.267,0.428573
268.267,0.428573
268.267,0.428573
268.267,0.428573
268.8,0.432786
268.8,0.432786
268.8,0.432786
268.8,0.432786
268.8,0.432786
268.8,0.432786
268.8,0.432786
268.8,0.432786
269.333,0.434146
269.333,0.434146
269.333,0.434146
269.333,0.434146
269.333,0.434146
269.333,0.434146
269.333,0.434146
269.333,0.434146
269.867,0.43623
269.867,0.43623
269.867,0.43623
269.867,0.43623
269.867,0.43623
269.867,0.43623
269.867,0.43623
269.867,0.43623
270.4,0.437998
270.4,0.437998
270.4,0.437998
270.4,0.437998
270.4,0.437998
270.4,0.437998
270.4,0.437998
270.4,0.437998
270.933,0.435968
270.933,0.435968
270.933,0.435968
270.933,0.435968
270.933,0.435968
270.933,0.435968
270.933,0.435968
270.933,0.435968
271.467,0.433185
271.467,0.433185
271.467,0.433185
271.467,0.433185
271.467,0.433185
271.467,0.433185
271.467,0.433185
271.467,0.433185
272,0.433997
272,0.433997
272,0.433997
272,0.433997
272,0.433997
272,0.433997
272,0.433997
272,0.433997
272.533,0.439722
272.533,0.439722
272.533,0.439722
272.533,0.439722
272.533,0.439722
272.533,0.439722
272.533,0.439722
272.533,0.439722
273.067,0.435337
273.067,0.435337
273.067,0.435337
273.067,0.435337
273.067,0.435337
273.067,0.435337
273.067,0.435337
273.067,0.435337
273.6,0.439071
273.6,0.439071
273.6,0.439071
273.6,0.439071
273.6,0.439071
273.6,0.439071
273.6,0.439071
273.6,0.439071
274.133,0.440063
274.133,0.440063
274.133,0.440063
274.133,0.440063
274.133,0.440063
274.133,0.440063
274.133,0.440063
274.133,0.440063
274.667,0.435113
274.667,0.435113
274.667,0.435113
274.667,0.435113
274.667,0.435113
274.667,0.435113
274.667,0.435113
274.667,0.435113
275.2,0.440314
275.2,0.440314
275.2,0.440314
275.2,0.440314
275.2,0.440314
275.2,0.440314
275.2,0.440314
275.2,0.440314
275.733,0.440643
275.733,0.440643
275.733,0.440643
275.733,0.440643
275.733,0.440643
275.733,0.440643
275.733,0.440643
275.733,0.440643
276.267,0.442222
276.267,0.442222
276.267,0.442222
276.267,0.442222
276.267,0.442222
276.267,0.442222
276.267,0.442222
276.267,0.442222
276.8,0.452493
276.8,0.452493
276.8,0.452493
276.8,0.452493
276.8,0.452493
276.8,0.452493
276.8,0.452493
276.8,0.452493
277.333,0.451717
277.333,0.451717
277.333,0.451717
277.333,0.451717
277.333,0.451717
277.333,0.451717
277.333,0.451717
277.333,0.451717
277.867,0.459735
277.867,0.459735
277.867,0.459735
277.867,0.459735
277.867,0.459735
277.867,0.459735
277.867,0.459735
277.867,0.459735
278.4,0.473482
278.4,0.473482
278.4,0.473482
278.4,0.473482
278.4,0.473482
278.4,0.473482
278.4,0.473482
278.4,0.473482
278.933,0.464434
278.933,0.464434
278.933,0.464434
278.933,0.464434
278.933,0.464434
278.933,0.464434
278.933,0.464434
278.933,0.464434
279.467,0.45553
279.467,0.45553
279.467,0.45553
279.467,0.45553
279.467,0.45553
279.467,0.45553
279.467,0.45553
279.467,0.45553
280,0.445494
280,0.445494
280,0.445494
280,0.445494
280,0.445494
280,0.445494
280,0.445494
280,0.445494
280.533,0.448982
280.533,0.448982
280.533,0.448982
280.533,0.448982
280.533,0.448982
280.533,0.448982
280.533,0.448982
280.533,0.448982
281.067,0.442477
281.067,0.442477
281.067,0.442477
281.067,0.442477
281.067,0.442477
281.067,0.442477
281.067,0.442477
281.067,0.442477
281.6,0.419964
281.6,0.419964
281.6,0.419964
281.6,0.419964
281.6,0.419964
281.6,0.419964
281.6,0.419964
281.6,0.419964
282.133,0.40517
282.133,0.40517
282.133,0.40517
282.133,0.40517
282.133,0.40517
282.133,0.40517
282.133,0.40517
282.133,0.40517
282.667,0.391314
282.667,0.391314
282.667,0.391314
282.667,0.391314
282.667,0.391314
282.667,0.391314
282.667,0.391314
282.667,0.391314
283.2,0.366524
283.2,0.366524
283.2,0.366524
283.2,0.366524
283.2,0.366524
283.2,0.366524
283.2,0.366524
283.2,0.366524
283.733,0.363052
283.733,0.363052
283.733,0.363052
283.733,0.363052
283.733,0.363052
283.733,0.363052
283.733,0.363052
283.733,0.363052
284.267,0.357248
284.267,0.357248
284.267,0.357248
284.267,0.357248
284.267,0.357248
284.267,0.357248
284.267,0.357248
284.267,0.357248
284.8,0.347957
284.8,0.347957
284.8,0.347957
284.8,0.347957
284.8,0.347957
284.8,0.347957
284.8,0.347957
284.8,0.347957
285.333,0.343842
285.333,0.343842
285.333,0.343842
285.333,0.343842
285.333,0.343842
285.333,0.343842
285.333,0.343842
285.333,0.343842
285.867,0.329402
285.867,0.329402
285.867,0.329402
285.867,0.329402
285.867,0.329402
285.867,0.329402
285.867,0.329402
285.867,0.329402
286.4,0.325953
286.4,0.325953
286.4,0.325953
286.4,0.325953
286.4,0.325953
286.4,0.325953
286.4,0.325953
286.4,0.325953
286.933,0.340758
286.933,0.340758
286.933,0.340758
286.933,0.340758
286.933,0.340758
286.933,0.340758
286.933,0.340758
286.933,0.340758
287.467,0.336926
287.467,0.336926
287.467,0.336926
287.467,0.336926
287.467,0.336926
287.467,0.336926
287.467,0.336926
287.467,0.336926
288,0.319609
288,0.319609
288,0.319609
288,0.319609
288,0.319609
288,0.319609
288,0.319609
288,0.319609
288.533,0.280206
288.533,0.280206
288.533,0.280206
288.533,0.280206
288.533,0.280206
288.533,0.280206
288.533,0.280206
288.533,0.280206
289.067,0.260443
289.067,0.260443
289.067,0.260443
289.067,0.260443
289.067,0.260443
289.067,0.260443
289.067,0.260443
289.067,0.260443
289.6,0.265083
289.6,0.265083
289.6,0.265083
289.6,0.265083
289.6,0.265083
289.6,0.265083
289.6,0.265083
289.6,0.265083
290.133,0.276252
290.133,0.276252
290.133,0.276252
290.133,0.276252
290.133,0.276252
290.133,0.276252
290.133,0.276252
290.133,0.276252
290.667,0.273548
290.667,0.273548
290.667,0.273548
290.667,0.273548
290.667,0.273548
290.667,0.273548
290.667,0.273548
290.667,0.273548
291.2,0.279442
291.2,0.279442
291.2,0.279442
291.2,0.279442
291.2,0.279442
291.2,0.279442
291.2,0.279442
291.2,0.279442
291.733,0.27093
291.733,0.27093
291.733,0.27093
291.733,0.27093
291.733,0.27093
291.733,0.27093
291.733,0.27093
291.733,0.27093
292.267,0.26408
292.267,0.26408
292.267,0.26408
292.267,0.26408
292.267,0.26408
292.267,0.26408
292.267,0.26408
292.267,0.26408
292.8,0.247888
292.8,0.247888
292.8,0.247888
292.8,0.247888
292.8,0.247888
292.8,0.247888
292.8,0.247888
292.8,0.247888
293.333,0.237288
293.333,0.237288
293.333,0.237288
293.333,0.237288
293.333,0.237288
293.333,0.237288
293.333,0.237288
293.333,0.237288
293.867,0.241681
293.867,0.241681
293.867,0.241681
293.867,0.241681
293.867,0.241681
293.867,0.241681
293.867,0.241681
293.867,0.241681
294.4,0.26995
294.4,0.26995
294.4,0.26995
294.4,0.26995
294.4,0.26995
294.4,0.26995
294.4,0.26995
294.4,0.26995
294.933,0.27392
294.933,0.27392
294.933,0.27392
294.933,0.27392
294.933,0.27392
294.933,0.27392
294.933,0.27392
294.933,0.27392
295.467,0.302805
295.467,0.302805
295.467,0.302805
295.467,0.302805
295.467,0.302805
295.467,0.302805
295.467,0.302805
295.467,0.302805
296,0.313307
296,0.313307
296,0.313307
296,0.313307
296,0.313307
296,0.313307
296,0.313307
296,0.313307
296.533,0.30835
296.533,0.30835
296.533,0.30835
296.533,0.30835
296.533,0.30835
296.533,0.30835
296.533,0.30835
296.533,0.30835
297.067,0.315043
297.067,0.315043
297.067,0.315043
297.067,0.315043
297.067,0.315043
297.067,0.315043
297.067,0.315043
297.067,0.315043
297.6,0.288435
297.6,0.288435
297.6,0.288435
297.6,0.288435
297.6,0.288435
297.6,0.288435
297.6,0.288435
297.6,0.288435
298.133,0.27169
298.133,0.27169
298.133,0.27169
298.133,0.27169
298.133,0.27169
298.133,0.27169
298.133,0.27169
298.133,0.27169
298.667,0.25571
298.667,0.25571
298.667,0.25571
298.667,0.25571
298.667,0.25571
298.667,0.25571
298.667,0.25571
298.667,0.25571
299.2,0.249542
299.2,0.249542
299.2,0.249542
299.2,0.249542
299.2,0.249542
299.2,0.249542
299.2,0.249542
299.2,0.249542
299.733,0.249224
299.733,0.249224
299.733,0.249224
299.733,0.249224
299.733,0.249224
299.733,0.249224
299.733,0.249224
299.733,0.249224
300.267,0.262838
300.267,0.262838
300.267,0.262838
300.267,0.262838
300.267,0.262838
300.267,0.262838
300.267,0.262838
300.267,0.262838
300.8,0.262869
300.8,0.262869
300.8,0.262869
300.8,0.262869
300.8,0.262869
300.8,0.262869
300.8,0.262869
300.8,0.262869
301.333,0.277466
301.333,0.277466
301.333,0.277466
301.333,0.277466
301.333,0.277466
301.333,0.277466
301.333,0.277466
301.333,0.277466
301.867,0.302793
301.867,0.302793
301.867,0.302793
301.867,0.302793
301.867,0.302793
301.867,0.302793
301.867,0.302793
301.867,0.302793
302.4,0.308981
302.4,0.308981
302.4,0.308981
302.4,0.308981
302.4,0.308981
302.4,0.308981
302.4,0.308981
302.4,0.308981
302.933,0.305646
302.933,0.305646
302.933,0.305646
302.933,0.305646
302.933,0.305646
302.933,0.305646
302.933,0.305646
302.933,0.305646
303.467,0.286895
303.467,0.286895
303.467,0.286895
303.467,0.286895
303.467,0.286895
303.467,0.286895
303.467,0.286895
303.467,0.286895
304,0.310733
304,0.310733
304,0.310733
304,0.310733
304,0.310733
304,0.310733
304,0.310733
304,0.310733
304.533,0.338681
304.533,0.338681
304.533,0.338681
304.533,0.338681
304.533,0.338681
304.533,0.338681
304.533,0.338681
304.533,0.338681
305.067,0.338787
305.067,0.338787
305.067,0.338787
305.067,0.338787
305.067,0.338787
305.067,0.338787
305.067,0.338787
305.067,0.338787
305.6,0.323182
305.6,0.323182
305.6,0.323182
305.6,0.323182
305.6,0.323182
305.6,0.323182
305.6,0.323182
305.6,0.323182
306.133,0.328481
306.133,0.328481
306.133,0.328481
306.133,0.328481
306.133,0.328481
306.133,0.328481
306.133,0.328481
306.133,0.328481
306.667,0.295203
306.667,0.295203
306.667,0.295203
306.667,0.295203
306.667,0.295203
306.667,0.295203
306.667,0.295203
306.667,0.295203
307.2,0.275448
307.2,0.275448
307.2,0.275448
307.2,0.275448
307.2,0.275448
307.2,0.275448
307.2,0.275448
307.2,0.275448
307.733,0.249976
307.733,0.249976
307.733,0.249976
307.733,0.249976
307.733,0.249976
307.733,0.249976
307.733,0.249976
307.733,0.249976
308.267,0.221856
308.267,0.221856
308.267,0.221856
308.267,0.221856
308.267,0.221856
308.267,0.221856
308.267,0.221856
308.267,0.221856
308.8,0.247018
308.8,0.247018
308.8,0.247018
308.8,0.247018
308.8,0.247018
308.8,0.247018
308.8,0.247018
308.8,0.247018
309.333,0.240912
309.333,0.240912
309.333,0.240912
309.333,0.240912
309.333,0.240912
309.333,0.240912
309.333,0.240912
309.333,0.240912
309.867,0.263183
309.867,0.263183
309.867,0.263183
309.867,0.263183
309.867,0.263183
309.867,0.263183
309.867,0.263183
309.867,0.263183
310.4,0.243534
310.4,0.243534
310.4,0.243534
310.4,0.243534
310.4,0.243534
310.4,0.243534
310.4,0.243534
310.4,0.243534
310.933,0.217843
310.933,0.217843
310.933,0.217843
310.933,0.217843
310.933,0.217843
310.933,0.217843
310.933,0.217843
310.933,0.217843
311.467,0.177915
311.467,0.177915
311.467,0.177915
311.467,0.177915
311.467,0.177915
311.467,0.177915
311.467,0.177915
311.467,0.177915
312,0.162095
312,0.162095
312,0.162095
312,0.162095
312,0.162095
312,0.162095
312,0.162095
312,0.162095
312.533,0.172816
312.533,0.172816
312.533,0.172816
312.533,0.172816
312.533,0.172816
312.533,0.172816
312.533,0.172816
312.533,0.172816
313.067,0.153348
313.067,0.153348
313.067,0.153348
313.067,0.153348
313.067,0.153348
313.067,0.153348
313.067,0.153348
313.067,0.153348
313.6,0.169768
313.6,0.169768
313.6,0.169768
313.6,0.169768
313.6,0.169768
313.6,0.169768
313.6,0.169768
313.6,0.169768
314.133,0.189628
314.133,0.189628
314.133,0.189628
314.133,0.189628
314.133,0.189628
314.133,0.189628
314.133,0.189628
314.133,0.189628
314.667,0.238263
314.667,0.238263
314.667,0.238263
314.667,0.238263
314.667,0.238263
314.667,0.238263
314.667,0.238263
314.667,0.238263
315.2,0.23719
315.2,0.23719
315.2,0.23719
315.2,0.23719
315.2,0.23719
315.2,0.23719
315.2,0.23719
315.2,0.23719
315.733,0.221922
315.733,0.221922
315.733,0.221922
315.733,0.221922
315.733,0.221922
315.733,0.221922
315.733,0.221922
315.733,0.221922
316.267,0.20234
316.267,0.20234
316.267,0.20234
316.267,0.20234
316.267,0.20234
316.267,0.20234
316.267,0.20234
316.267,0.20234
316.8,0.17052
316.8,0.17052
316.8,0.17052
316.8,0.17052
316.8,0.17052
316.8,0.17052
316.8,0.17052
316.8,0.17052
317.333,0.130404
317.333,0.130404
317.333,0.130404
317.333,0.130404
317.333,0.130404
317.333,0.130404
317.333,0.130404
317.333,0.130404
317.867,0.0988698
317.867,0.0988698
317.867,0.0988698
317.867,0.0988698
317.867,0.0988698
317.867,0.0988698
317.867,0.0988698
317.867,0.0988698
318.4,0.0571352
318.4,0.0571352
318.4,0.0571352
318.4,0.0571352
318.4,0.0571352
318.4,0.0571352
318.4,0.0571352
318.4,0.0571352
318.933,0.0148285
318.933,0.0148285
318.933,0.0148285
318.933,0.0148285
318.933,0.0148285
318.933,0.0148285
318.933,0.0148285
318.933,0.0148285
319.467,0.0010659
319.467,0.0010659
319.467,0.0010659
319.467,0.0010659
319.467,0.0010659
319.467,0.0010659
319.467,0.0010659
319.467,0.0010659
320,0.000889554
320,0.000889554
320,0.000889554
320,0.000889554
320,0.000889554
320,0.000889554
320,0.000889554
320,0.000889554
320.533,0.000693617
320.533,0.000693617
320.533,0.000693617
320.533,0.000693617
320.533,0.000693617
320.533,0.000693617
320.533,0.000693617
320.533,0.000693617
321.067,0.000948335
321.067,0.000948335
321.067,0.000948335
321.067,0.000948335
321.067,0.000948335
321.067,0.000948335
321.067,0.000948335
321.067,0.000948335
321.6,0.00158709
321.6,0.00158709
321.6,0.00158709
321.6,0.00158709
321.6,0.00158709
321.6,0.00158709
321.6,0.00158709
321.6,0.00158709
322.133,0.00155966
322.133,0.00155966
322.133,0.00155966
322.133,0.00155966
322.133,0.00155966
322.133,0.00155966
322.133,0.00155966
322.133,0.00155966
322.667,0.00216706
322.667,0.00216706
322.667,0.00216706
322.667,0.00216706
322.667,0.00216706
322.667,0.00216706
322.667,0.00216706
322.667,0.00216706
323.2,0.0025511
323.2,0.0025511
323.2,0.0025511
323.2,0.0025511
323.2,0.0025511
323.2,0.0025511
323.2,0.0025511
323.2,0.0025511
323.733,0.00277055
323.733,0.00277055
323.733,0.00277055
323.733,0.00277055
323.733,0.00277055
323.733,0.00277055
323.733,0.00277055
323.733,0.00277055
324.267,0.00311148
324.267,0.00311148
324.267,0.00311148
324.267,0.00311148
324.267,0.00311148
324.267,0.00311148
324.267,0.00311148
324.267,0.00311148
324.8,0.00302527
324.8,0.00302527
324.8,0.00302527
324.8,0.00302527
324.8,0.00302527
324.8,0.00302527
324.8,0.00302527
324.8,0.00302527
325.333,0.00265691
325.333,0.00265691
325.333,0.00265691
325.333,0.00265691
325.333,0.00265691
325.333,0.00265691
325.333,0.00265691
325.333,0.00265691
325.867,0.00251583
325.867,0.00251583
325.867,0.00251583
325.867,0.00251583
325.867,0.00251583
325.867,0.00251583
325.867,0.00251583
325.867,0.00251583
326.4,0.00196721
326.4,0.00196721
326.4,0.00196721
326.4,0.00196721
326.4,0.00196721
326.4,0.00196721
326.4,0.00196721
326.4,0.00196721
326.933,0.00184965
326.933,0.00184965
326.933,0.00184965
326.933,0.00184965
326.933,0.00184965
326.933,0.00184965
326.933,0.00184965
326.933,0.00184965
327.467,0.00190451
327.467,0.00190451
327.467,0.00190451
327.467,0.00190451
327.467,0.00190451
327.467,0.00190451
327.467,0.00190451
327.467,0.00190451
328,0.0352648
328,0.0352648
328,0.0352648
328,0.0352648
328,0.0352648
328,0.0352648
328,0.0352648
328,0.0352648
328.533,0.0720931
328.533,0.0720931
328.533,0.0720931
328.533,0.0720931
328.533,0.0720931
328.533,0.0720931
328.533,0.0720931
328.533,0.0720931
329.067,0.0974081
329.067,0.0974081
329.067,0.0974081
329.067,0.0974081
329.067,0.0974081
329.067,0.0974081
329.067,0.0974081
329.067,0.0974081
329.6,0.103063
329.6,0.103063
329.6,0.103063
329.6,0.103063
329.6,0.103063
329.6,0.103063
329.6,0.103063
329.6,0.103063
330.133,0.0783121
330.133,0.0783121
330.133,0.0783121
330.133,0.0783121
330.133,0.0783121
330.133,0.0783121
330.133,0.0783121
330.133,0.0783121
330.667,0.0662973
330.667,0.0662973
330.667,0.0662973
330.667,0.0662973
330.667,0.0662973
330.667,0.0662973
330.667,0.0662973
330.667,0.0662973
331.2,0.0522015
331.2,0.0522015
331.2,0.0522015
331.2,0.0522015
331.2,0.0522015
331.2,0.0522015
331.2,0.0522015
331.2,0.0522015
331.733,0.0717326
331.733,0.0717326
331.733,0.0717326
331.733,0.0717326
331.733,0.0717326
331.733,0.0717326
331.733,0.0717326
331.733,0.0717326
332.267,0.0818703
332.267,0.0818703
332.267,0.0818703
332.267,0.0818703
332.267,0.0818703
332.267,0.0818703
332.267,0.0818703
332.267,0.0818703
332.8,0.0855735
332.8,0.0855735
332.8,0.0855735
332.8,0.0855735
332.8,0.0855735
332.8,0.0855735
332.8,0.0855735
332.8,0.0855735
333.333,0.0764233
333.333,0.0764233
333.333,0.0764233
333.333,0.0764233
333.333,0.0764233
333.333,0.0764233
333.333,0.0764233
333.333,0.0764233
333.867,0.0555677
333.867,0.0555677
333.867,0.0555677
333.867,0.0555677
333.867,0.0555677
333.867,0.0555677
333.867,0.0555677
333.867,0.0555677
334.4,0.0139586
334.4,0.0139586
334.4,0.0139586
334.4,0.0139586
334.4,0.0139586
334.4,0.0139586
334.4,0.0139586
334.4,0.0139586
334.933,0.00657173
334.933,0.00657173
334.933,0.00657173
334.933,0.00657173
334.933,0.00657173
334.933,0.00657173
334.933,0.00657173
334.933,0.00657173
335.467,0.00906013
335.467,0.00906013
335.467,0.00906013
335.467,0.00906013
335.467,0.00906013
335.467,0.00906013
335.467,0.00906013
335.467,0.00906013
336,0.00997711
336,0.00997711
336,0.00997711
336,0.00997711
336,0.00997711
336,0.00997711
336,0.00997711
336,0.00997711
336.533,0.0137783
336.533,0.0137783
336.533,0.0137783
336.533,0.0137783
336.533,0.0137783
336.533,0.0137783
336.533,0.0137783
336.533,0.0137783
337.067,0.0262987
337.067,0.0262987
337.067,0.0262987
337.067,0.0262987
337.067,0.0262987
337.067,0.0262987
337.067,0.0262987
337.067,0.0262987
337.6,0.0530088
337.6,0.0530088
337.6,0.0530088
337.6,0.0530088
337.6,0.0530088
337.6,0.0530088
337.6,0.0530088
337.6,0.0530088
338.133,0.0973611
338.133,0.0973611
338.133,0.0973611
338.133,0.0973611
338.133,0.0973611
338.133,0.0973611
338.133,0.0973611
338.133,0.0973611
338.667,0.0971809
338.667,0.0971809
338.667,0.0971809
338.667,0.0971809
338.667,0.0971809
338.667,0.0971809
338.667,0.0971809
338.667,0.0971809
339.2,0.0830224
339.2,0.0830224
339.2,0.0830224
339.2,0.0830224
339.2,0.0830224
339.2,0.0830224
339.2,0.0830224
339.2,0.0830224
339.733,0.0675944
339.733,0.0675944
339.733,0.0675944
339.733,0.0675944
339.733,0.0675944
339.733,0.0675944
339.733,0.0675944
339.733,0.0675944
340.267,0.0465194
340.267,0.0465194
340.267,0.0465194
340.267,0.0465194
340.267,0.0465194
340.267,0.0465194
340.267,0.0465194
340.267,0.0465194
340.8,0.0348807
340.8,0.0348807
340.8,0.0348807
340.8,0.0348807
340.8,0.0348807
340.8,0.0348807
340.8,0.0348807
340.8,0.0348807
341.333,0.00511788
341.333,0.00511788
341.333,0.00511788
341.333,0.00511788
341.333,0.00511788
341.333,0.00511788
341.333,0.00511788
341.333,0.00511788
341.867,0.00140683
341.867,0.00140683
341.867,0.00140683
341.867,0.00140683
341.867,0.00140683
341.867,0.00140683
341.867,0.00140683
341.867,0.00140683
342.4,0.00275096
342.4,0.00275096
342.4,0.00275096
342.4,0.00275096
342.4,0.00275096
342.4,0.00275096
342.4,0.00275096
342.4,0.00275096
342.933,0.00265299
342.933,0.00265299
342.933,0.00265299
342.933,0.00265299
342.933,0.00265299
342.933,0.00265299
342.933,0.00265299
342.933,0.00265299
343.467,0.00248056
343.467,0.00248056
343.467,0.00248056
343.467,0.00248056
343.467,0.00248056
343.467,0.00248056
343.467,0.00248056
343.467,0.00248056
344,0.00265299
344,0.00265299
344,0.00265299
344,0.00265299
344,0.00265299
344,0.00265299
344,0.00265299
344,0.00265299
344.533,0.00235908
344.533,0.00235908
344.533,0.00235908
344.533,0.00235908
344.533,0.00235908
344.533,0.00235908
344.533,0.00235908
344.533,0.00235908
345.067,0.00263339
345.067,0.00263339
345.067,0.00263339
345.067,0.00263339
345.067,0.00263339
345.067,0.00263339
345.067,0.00263339
345.067,0.00263339
345.6,0.00295865
345.6,0.00295865
345.6,0.00295865
345.6,0.00295865
345.6,0.00295865
345.6,0.00295865
345.6,0.00295865
345.6,0.00295865
346.133,0.00287636
346.133,0.00287636
346.133,0.00287636
346.133,0.00287636
346.133,0.00287636
346.133,0.00287636
346.133,0.00287636
346.133,0.00287636
346.667,0.00239043
346.667,0.00239043
346.667,0.00239043
346.667,0.00239043
346.667,0.00239043
346.667,0.00239043
346.667,0.00239043
346.667,0.00239043
347.2,0.00245313
347.2,0.00245313
347.2,0.00245313
347.2,0.00245313
347.2,0.00245313
347.2,0.00245313
347.2,0.00245313
347.2,0.00245313
347.733,0.00246489
347.733,0.00246489
347.733,0.00246489
347.733,0.00246489
347.733,0.00246489
347.733,0.00246489
347.733,0.00246489
347.733,0.00246489
348.267,0.00221017
348.267,0.00221017
348.267,0.00221017
348.267,0.00221017
348.267,0.00221017
348.267,0.00221017
348.267,0.00221017
348.267,0.00221017
348.8,0.00208085
348.8,0.00208085
348.8,0.00208085
348.8,0.00208085
348.8,0.00208085
348.8,0.00208085
348.8,0.00208085
348.8,0.00208085
349.333,0.00204558
349.333,0.00204558
349.333,0.00204558
349.333,0.00204558
349.333,0.00204558
349.333,0.00204558
349.333,0.00204558
349.333,0.00204558
349.867,0.00222976
349.867,0.00222976
349.867,0.00222976
349.867,0.00222976
349.867,0.00222976
349.867,0.00222976
349.867,0.00222976
349.867,0.00222976
350.4,0.00247273
350.4,0.00247273
350.4,0.00247273
350.4,0.00247273
350.4,0.00247273
350.4,0.00247273
350.4,0.00247273
350.4,0.00247273
350.933,0.0516529
350.933,0.0516529
350.933,0.0516529
350.933,0.0516529
350.933,0.0516529
350.933,0.0516529
350.933,0.0516529
350.933,0.0516529
351.467,0.0568688
351.467,0.0568688
351.467,0.0568688
351.467,0.0568688
351.467,0.0568688
351.467,0.0568688
351.467,0.0568688
351.467,0.0568688
352,0.0592984
352,0.0592984
352,0.0592984
352,0.0592984
352,0.0592984
352,0.0592984
352,0.0592984
352,0.0592984
352.533,0.0631113
352.533,0.0631113
352.533,0.0631113
352.533,0.0631113
352.533,0.0631113
352.533,0.0631113
352.533,0.0631113
352.533,0.0631113
353.067,0.100688
353.067,0.100688
353.067,0.100688
353.067,0.100688
353.067,0.100688
353.067,0.100688
353.067,0.100688
353.067,0.100688
353.6,0.108486
353.6,0.108486
353.6,0.108486
353.6,0.108486
353.6,0.108486
353.6,0.108486
353.6,0.108486
353.6,0.108486
354.133,0.112903
354.133,0.112903
354.133,0.112903
354.133,0.112903
354.133,0.112903
354.133,0.112903
354.133,0.112903
354.133,0.112903
354.667,0.111845
354.667,0.111845
354.667,0.111845
354.667,0.111845
354.667,0.111845
354.667,0.111845
354.667,0.111845
354.667,0.111845
355.2,0.116359
355.2,0.116359
355.2,0.116359
355.2,0.116359
355.2,0.116359
355.2,0.116359
355.2,0.116359
355.2,0.116359
355.733,0.145162
355.733,0.145162
355.733,0.145162
355.733,0.145162
355.733,0.145162
355.733,0.145162
355.733,0.145162
355.733,0.145162
356.267,0.148462
356.267,0.148462
356.267,0.148462
356.267,0.148462
356.267,0.148462
356.267,0.148462
356.267,0.148462
356.267,0.148462
356.8,0.15787
356.8,0.15787
356.8,0.15787
356.8,0.15787
356.8,0.15787
356.8,0.15787
356.8,0.15787
356.8,0.15787
357.333,0.190827
357.333,0.190827
357.333,0.190827
357.333,0.190827
357.333,0.190827
357.333,0.190827
357.333,0.190827
357.333,0.190827
357.867,0.194871
357.867,0.194871
357.867,0.194871
357.867,0.194871
357.867,0.194871
357.867,0.194871
357.867,0.194871
357.867,0.194871
358.4,0.198359
358.4,0.198359
358.4,0.198359
358.4,0.198359
358.4,0.198359
358.4,0.198359
358.4,0.198359
358.4,0.198359
358.933,0.197168
358.933,0.197168
358.933,0.197168
358.933,0.197168
358.933,0.197168
358.933,0.197168
358.933,0.197168
358.933,0.197168
359.467,0.22414
359.467,0.22414
359.467,0.22414
359.467,0.22414
359.467,0.22414
359.467,0.22414
359.467,0.22414
359.467,0.22414
360,0.232099
360,0.232099
360,0.232099
360,0.232099
360,0.232099
360,0.232099
360,0.232099
360,0.232099
360.533,0.23641
360.533,0.23641
360.533,0.23641
360.533,0.23641
360.533,0.23641
360.533,0.23641
360.533,0.23641
360.533,0.23641
361.067,0.247625
361.067,0.247625
361.067,0.247625
361.067,0.247625
361.067,0.247625
361.067,0.247625
361.067,0.247625
361.067,0.247625
361.6,0.279496
361.6,0.279496
361.6,0.279496
361.6,0.279496
361.6,0.279496
361.6,0.279496
361.6,0.279496
361.6,0.279496
362.133,0.290402
362.133,0.290402
362.133,0.290402
362.133,0.290402
362.133,0.290402
362.133,0.290402
362.133,0.290402
362.133,0.290402
362.667,0.310529
362.667,0.310529
362.667,0.310529
362.667,0.310529
362.667,0.310529
362.667,0.310529
362.667,0.310529
362.667,0.310529
363.2,0.31772
363.2,0.31772
363.2,0.31772
363.2,0.31772
363.2,0.31772
363.2,0.31772
363.2,0.31772
363.2,0.31772
363.733,0.314001
363.733,0.314001
363.733,0.314001
363.733,0.314001
363.733,0.314001
363.733,0.314001
363.733,0.314001
363.733,0.314001
364.267,0.30259
364.267,0.30259
364.267,0.30259
364.267,0.30259
364.267,0.30259
364.267,0.30259
364.267,0.30259
364.267,0.30259
364.8,0.286581
364.8,0.286581
364.8,0.286581
364.8,0.286581
364.8,0.286581
364.8,0.286581
364.8,0.286581
364.8,0.286581
365.333,0.287734
365.333,0.287734
365.333,0.287734
365.333,0.287734
365.333,0.287734
365.333,0.287734
365.333,0.287734
365.333,0.287734
365.867,0.306716
365.867,0.306716
365.867,0.306716
365.867,0.306716
365.867,0.306716
365.867,0.306716
365.867,0.306716
365.867,0.306716
366.4,0.325299
366.4,0.325299
366.4,0.325299
366.4,0.325299
366.4,0.325299
366.4,0.325299
366.4,0.325299
366.4,0.325299
366.933,0.335636
366.933,0.335636
366.933,0.335636
366.933,0.335636
366.933,0.335636
366.933,0.335636
366.933,0.335636
366.933,0.335636
367.467,0.337047
367.467,0.337047
367.467,0.337047
367.467,0.337047
367.467,0.337047
367.467,0.337047
367.467,0.337047
367.467,0.337047
368,0.33794
368,0.33794
368,0.33794
368,0.33794
368,0.33794
368,0.33794
368,0.33794
368,0.33794
368.533,0.359419
368.533,0.359419
368.533,0.359419
368.533,0.359419
368.533,0.359419
368.533,0.359419
368.533,0.359419
368.533,0.359419
369.067,0.375831
369.067,0.375831
369.067,0.375831
369.067,0.375831
369.067,0.375831
369.067,0.375831
369.067,0.375831
369.067,0.375831
369.6,0.378135
369.6,0.378135
369.6,0.378135
369.6,0.378135
369.6,0.378135
369.6,0.378135
369.6,0.378135
369.6,0.378135
370.133,0.383668
370.133,0.383668
370.133,0.383668
370.133,0.383668
370.133,0.383668
370.133,0.383668
370.133,0.383668
370.133,0.383668
370.667,0.400225
370.667,0.400225
370.667,0.400225
370.667,0.400225
370.667,0.400225
370.667,0.400225
370.667,0.400225
370.667,0.400225
371.2,0.428103
371.2,0.428103
371.2,0.428103
371.2,0.428103
371.2,0.428103
371.2,0.428103
371.2,0.428103
371.2,0.428103
371.733,0.450385
371.733,0.450385
371.733,0.450385
371.733,0.450385
371.733,0.450385
371.733,0.450385
371.733,0.450385
371.733,0.450385
372.267,0.455781
372.267,0.455781
372.267,0.455781
372.267,0.455781
372.267,0.455781
372.267,0.455781
372.267,0.455781
372.267,0.455781
372.8,0.452121
372.8,0.452121
372.8,0.452121
372.8,0.452121
372.8,0.452121
372.8,0.452121
372.8,0.452121
372.8,0.452121
373.333,0.438476
373.333,0.438476
373.333,0.438476
373.333,0.438476
373.333,0.438476
373.333,0.438476
373.333,0.438476
373.333,0.438476
373.867,0.439687
373.867,0.439687
373.867,0.439687
373.867,0.439687
373.867,0.439687
373.867,0.439687
373.867,0.439687
373.867,0.439687
374.4,0.454801
374.4,0.454801
374.4,0.454801
374.4,0.454801
374.4,0.454801
374.4,0.454801
374.4,0.454801
374.4,0.454801
374.933,0.456459
374.933,0.456459
374.933,0.456459
374.933,0.456459
374.933,0.456459
374.933,0.456459
374.933,0.456459
374.933,0.456459
375.467,0.462031
375.467,0.462031
375.467,0.462031
375.467,0.462031
375.467,0.462031
375.467,0.462031
375.467,0.462031
375.467,0.462031
376,0.459139
376,0.459139
376,0.459139
376,0.459139
376,0.459139
376,0.459139
376,0.459139
376,0.459139
376.533,0.463689
376.533,0.463689
376.533,0.463689
376.533,0.463689
376.533,0.463689
376.533,0.463689
376.533,0.463689
376.533,0.463689
377.067,0.461549
377.067,0.461549
377.067,0.461549
377.067,0.461549
377.067,0.461549
377.067,0.461549
377.067,0.461549
377.067,0.461549
377.6,0.464531
377.6,0.464531
377.6,0.464531
377.6,0.464531
377.6,0.464531
377.6,0.464531
377.6,0.464531
377.6,0.464531
378.133,0.458571
378.133,0.458571
378.133,0.458571
378.133,0.458571
378.133,0.458571
378.133,0.458571
378.133,0.458571
378.133,0.458571
378.667,0.46452
378.667,0.46452
378.667,0.46452
378.667,0.46452
378.667,0.46452
378.667,0.46452
378.667,0.46452
378.667,0.46452
379.2,0.471585
379.2,0.471585
379.2,0.471585
379.2,0.471585
379.2,0.471585
379.2,0.471585
379.2,0.471585
379.2,0.471585
379.733,0.464449
379.733,0.464449
379.733,0.464449
379.733,0.464449
379.733,0.464449
379.733,0.464449
379.733,0.464449
379.733,0.464449
380.267,0.471405
380.267,0.471405
380.267,0.471405
380.267,0.471405
380.267,0.471405
380.267,0.471405
380.267,0.471405
380.267,0.471405
380.8,0.475022
380.8,0.475022
380.8,0.475022
380.8,0.475022
380.8,0.475022
380.8,0.475022
380.8,0.475022
380.8,0.475022
381.333,0.482001
381.333,0.482001
381.333,0.482001
381.333,0.482001
381.333,0.482001
381.333,0.482001
381.333,0.482001
381.333,0.482001
381.867,0.482985
381.867,0.482985
381.867,0.482985
381.867,0.482985
381.867,0.482985
381.867,0.482985
381.867,0.482985
381.867,0.482985
382.4,0.483686
55