0,0.0484552
0,0.0484552
0,0.0484552
0,0.0484552
0,0.0484552
0,0.0484552
0,0.0484552
0,0.0484552
0,0.0484552
0.6,0.0819448
0.6,0.0819448
0.6,0.0819448
0.6,0.0819448
0.6,0.0819448
0.6,0.0819448
0.6,0.0819448
0.6,0.0819448
0.6,0.0819448
1.2,0.0898175
1.2,0.0898175
1.2,0.0898175
1.2,0.0898175
1.2,0.0898175
1.2,0.0898175
1.2,0.0898175
1.2,0.0898175
1.2,0.0898175
1.8,0.0980469
1.8,0.0980469
1.8,0.0980469
1.8,0.0980469
1.8,0.0980469
1.8,0.0980469
1.8,0.0980469
1.8,0.0980469
1.8,0.0980469
2.4,0.100747
2.4,0.100747
2.4,0.100747
2.4,0.100747
2.4,0.100747
2.4,0.100747
2.4,0.100747
2.4,0.100747
2.4,0.100747
3,0.102028
3,0.102028
3,0.102028
3,0.102028
3,0.102028
3,0.102028
3,0.102028
3,0.102028
3,0.102028
3.6,0.102158
3.6,0.102158
3.6,0.102158
3.6,0.102158
3.6,0.102158
3.6,0.102158
3.6,0.102158
3.6,0.102158
3.6,0.102158
4.2,0.101049
4.2,0.101049
4.2,0.101049
4.2,0.101049
4.2,0.101049
4.2,0.101049
4.2,0.101049
4.2,0.101049
4.2,0.101049
4.8,0.101448
4.8,0.101448
4.8,0.101448
4.8,0.101448
4.8,0.101448
4.8,0.101448
4.8,0.101448
4.8,0.101448
4.8,0.101448
5.4,0.111277
5.4,0.111277
5.4,0.111277
5.4,0.111277
5.4,0.111277
5.4,0.111277
5.4,0.111277
5.4,0.111277
5.4,0.111277
6,0.140518
6,0.140518
6,0.140518
6,0.140518
6,0.140518
6,0.140518
6,0.140518
6,0.140518
6,0.140518
6.6,0.142634
6.6,0.142634
6.6,0.142634
6.6,0.142634
6.6,0.142634
6.6,0.142634
6.6,0.142634
6.6,0.142634
6.6,0.142634
7.2,0.149186
7.2,0.149186
7.2,0.149186
7.2,0.149186
7.2,0.149186
7.2,0.149186
7.2,0.149186
7.2,0.149186
7.2,0.149186
7.8,0.172609
7.8,0.172609
7.8,0.172609
7.8,0.172609
7.8,0.172609
7.8,0.172609
7.8,0.172609
7.8,0.172609
7.8,0.172609
8.4,0.174059
8.4,0.174059
8.4,0.174059
8.4,0.174059
8.4,0.174059
8.4,0.174059
8.4,0.174059
8.4,0.174059
8.4,0.174059
9,0.178173
9,0.178173
9,0.178173
9,0.178173
9,0.178173
9,0.178173
9,0.178173
9,0.178173
9,0.178173
9.6,0.178166
9.6,0.178166
9.6,0.178166
9.6,0.178166
9.6,0.178166
9.6,0.178166
9.6,0.178166
9.6,0.178166
9.6,0.178166
10.2,0.177339
10.2,0.177339
10.2,0.177339
10.2,0.177339
10.2,0.177339
10.2,0.177339
10.2,0.177339
10.2,0.177339
10.2,0.177339
10.8,0.173106
10.8,0.173106
10.8,0.173106
10.8,0.173106
10.8,0.173106
10.8,0.173106
10.8,0.173106
10.8,0.173106
10.8,0.173106
11.4,0.168847
11.4,0.168847
11.4,0.168847
11.4,0.168847
11.4,0.168847
11.4,0.168847
11.4,0.168847
11.4,0.168847
11.4,0.168847
12,0.165978
12,0.165978
12,0.165978
12,0.165978
12,0.165978
12,0.165978
12,0.165978
12,0.165978
12,0.165978
12.6,0.162087
12.6,0.162087
12.6,0.162087
12.6,0.162087
12.6,0.162087
12.6,0.162087
12.6,0.162087
12.6,0.162087
12.6,0.162087
13.2,0.16077
13.2,0.16077
13.2,0.16077
13.2,0.16077
13.2,0.16077
13.2,0.16077
13.2,0.16077
13.2,0.16077
13.2,0.16077
13.8,0.161197
13.8,0.161197
13.8,0.161197
13.8,0.161197
13.8,0.161197
13.8,0.161197
13.8,0.161197
13.8,0.161197
13.8,0.161197
14.4,0.161201
14.4,0.161201
14.4,0.161201
14.4,0.161201
14.4,0.161201
14.4,0.161201
14.4,0.161201
14.4,0.161201
14.4,0.161201
15,0.159559
15,0.159559
15,0.159559
15,0.159559
15,0.159559
15,0.159559
15,0.159559
15,0.159559
15,0.159559
15.6,0.161429
15.6,0.161429
15.6,0.161429
15.6,0.161429
15.6,0.161429
15.6,0.161429
15.6,0.161429
15.6,0.161429
15.6,0.161429
16.2,0.161213
16.2,0.161213
16.2,0.161213
16.2,0.161213
16.2,0.161213
16.2,0.161213
16.2,0.161213
16.2,0.161213
16.2,0.161213
16.8,0.15945
16.8,0.15945
16.8,0.15945
16.8,0.15945
16.8,0.15945
16.8,0.15945
16.8,0.15945
16.8,0.15945
16.8,0.15945
17.4,0.160304
17.4,0.160304
17.4,0.160304
17.4,0.160304
17.4,0.160304
17.4,0.160304
17.4,0.160304
17.4,0.160304
17.4,0.160304
18,0.159889
18,0.159889
18,0.159889
18,0.159889
18,0.159889
18,0.159889
18,0.159889
18,0.159889
18,0.159889
18.6,0.160539
18.6,0.160539
18.6,0.160539
18.6,0.160539
18.6,0.160539
18.6,0.160539
18.6,0.160539
18.6,0.160539
18.6,0.160539
19.2,0.160751
19.2,0.160751
19.2,0.160751
19.2,0.160751
19.2,0.160751
19.2,0.160751
19.2,0.160751
19.2,0.160751
19.2,0.160751
19.8,0.156981
19.8,0.156981
19.8,0.156981
19.8,0.156981
19.8,0.156981
19.8,0.156981
19.8,0.156981
19.8,0.156981
19.8,0.156981
20.4,0.157667
20.4,0.157667
20.4,0.157667
20.4,0.157667
20.4,0.157667
20.4,0.157667
20.4,0.157667
20.4,0.157667
20.4,0.157667
21,0.159403
21,0.159403
21,0.159403
21,0.159403
21,0.159403
21,0.159403
21,0.159403
21,0.159403
21,0.159403
21.6,0.157788
21.6,0.157788
21.6,0.157788
21.6,0.157788
21.6,0.157788
21.6,0.157788
21.6,0.157788
21.6,0.157788
21.6,0.157788
22.2,0.158062
22.2,0.158062
22.2,0.158062
22.2,0.158062
22.2,0.158062
22.2,0.158062
22.2,0.158062
22.2,0.158062
22.2,0.158062
22.8,0.161828
22.8,0.161828
22.8,0.161828
22.8,0.161828
22.8,0.161828
22.8,0.161828
22.8,0.161828
22.8,0.161828
22.8,0.161828
23.4,0.163717
23.4,0.163717
23.4,0.163717
23.4,0.163717
23.4,0.163717
23.4,0.163717
23.4,0.163717
23.4,0.163717
23.4,0.163717
24,0.164325
24,0.164325
24,0.164325
24,0.164325
24,0.164325
24,0.164325
24,0.164325
24,0.164325
24,0.164325
24.6,0.163204
24.6,0.163204
24.6,0.163204
24.6,0.163204
24.6,0.163204
24.6,0.163204
24.6,0.163204
24.6,0.163204
24.6,0.163204
25.2,0.163027
25.2,0.163027
25.2,0.163027
25.2,0.163027
25.2,0.163027
25.2,0.163027
25.2,0.163027
25.2,0.163027
25.2,0.163027
25.8,0.166699
25.8,0.166699
25.8,0.166699
25.8,0.166699
25.8,0.166699
25.8,0.166699
25.8,0.166699
25.8,0.166699
25.8,0.166699
26.4,0.169152
26.4,0.169152
26.4,0.169152
26.4,0.169152
26.4,0.169152
26.4,0.169152
26.4,0.169152
26.4,0.169152
26.4,0.169152
27,0.17103
27,0.17103
27,0.17103
27,0.17103
27,0.17103
27,0.17103
27,0.17103
27,0.17103
27,0.17103
27.6,0.183033
27.6,0.183033
27.6,0.183033
27.6,0.183033
27.6,0.183033
27.6,0.183033
27.6,0.183033
27.6,0.183033
27.6,0.183033
28.2,0.191889
28.2,0.191889
28.2,0.191889
28.2,0.191889
28.2,0.191889
28.2,0.191889
28.2,0.191889
28.2,0.191889
28.2,0.191889
28.8,0.204844
28.8,0.204844
28.8,0.204844
28.8,0.204844
28.8,0.204844
28.8,0.204844
28.8,0.204844
28.8,0.204844
28.8,0.204844
29.4,0.207964
29.4,0.207964
29.4,0.207964
29.4,0.207964
29.4,0.207964
29.4,0.207964
29.4,0.207964
29.4,0.207964
29.4,0.207964
30,0.206424
30,0.206424
30,0.206424
30,0.206424
30,0.206424
30,0.206424
30,0.206424
30,0.206424
30,0.206424
30.6,0.20841
30.6,0.20841
30.6,0.20841
30.6,0.20841
30.6,0.20841
30.6,0.20841
30.6,0.20841
30.6,0.20841
30.6,0.20841
31.2,0.209504
31.2,0.209504
31.2,0.209504
31.2,0.209504
31.2,0.209504
31.2,0.209504
31.2,0.209504
31.2,0.209504
31.2,0.209504
31.8,0.207717
31.8,0.207717
31.8,0.207717
31.8,0.207717
31.8,0.207717
31.8,0.207717
31.8,0.207717
31.8,0.207717
31.8,0.207717
32.4,0.2089
32.4,0.2089
32.4,0.2089
32.4,0.2089
32.4,0.2089
32.4,0.2089
32.4,0.2089
32.4,0.2089
32.4,0.2089
33,0.203935
33,0.203935
33,0.203935
33,0.203935
33,0.203935
33,0.203935
33,0.203935
33,0.203935
33,0.203935
33.6,0.231476
33.6,0.231476
33.6,0.231476
33.6,0.231476
33.6,0.231476
33.6,0.231476
33.6,0.231476
33.6,0.231476
33.6,0.231476
34.2,0.257297
34.2,0.257297
34.2,0.257297
34.2,0.257297
34.2,0.257297
34.2,0.257297
34.2,0.257297
34.2,0.257297
34.2,0.257297
34.8,0.267591
34.8,0.267591
34.8,0.267591
34.8,0.267591
34.8,0.267591
34.8,0.267591
34.8,0.267591
34.8,0.267591
34.8,0.267591
35.4,0.276377
35.4,0.276377
35.4,0.276377
35.4,0.276377
35.4,0.276377
35.4,0.276377
35.4,0.276377
35.4,0.276377
35.4,0.276377
36,0.283223
36,0.283223
36,0.283223
36,0.283223
36,0.283223
36,0.283223
36,0.283223
36,0.283223
36,0.283223
36.6,0.285719
36.6,0.285719
36.6,0.285719
36.6,0.285719
36.6,0.285719
36.6,0.285719
36.6,0.285719
36.6,0.285719
36.6,0.285719
37.2,0.285061
37.2,0.285061
37.2,0.285061
37.2,0.285061
37.2,0.285061
37.2,0.285061
37.2,0.285061
37.2,0.285061
37.2,0.285061
37.8,0.28017
37.8,0.28017
37.8,0.28017
37.8,0.28017
37.8,0.28017
37.8,0.28017
37.8,0.28017
37.8,0.28017
37.8,0.28017
38.4,0.291382
38.4,0.291382
38.4,0.291382
38.4,0.291382
38.4,0.291382
38.4,0.291382
38.4,0.291382
38.4,0.291382
38.4,0.291382
39,0.314287
39,0.314287
39,0.314287
39,0.314287
39,0.314287
39,0.314287
39,0.314287
39,0.314287
39,0.314287
39.6,0.325506
39.6,0.325506
39.6,0.325506
39.6,0.325506
39.6,0.325506
39.6,0.325506
39.6,0.325506
39.6,0.325506
39.6,0.325506
40.2,0.339218
40.2,0.339218
40.2,0.339218
40.2,0.339218
40.2,0.339218
40.2,0.339218
40.2,0.339218
40.2,0.339218
40.2,0.339218
40.8,0.35878
40.8,0.35878
40.8,0.35878
40.8,0.35878
40.8,0.35878
40.8,0.35878
40.8,0.35878
40.8,0.35878
40.8,0.35878
41.4,0.374255
41.4,0.374255
41.4,0.374255
41.4,0.374255
41.4,0.374255
41.4,0.374255
41.4,0.374255
41.4,0.374255
41.4,0.374255
42,0.390146
42,0.390146
42,0.390146
42,0.390146
42,0.390146
42,0.390146
42,0.390146
42,0.390146
42,0.390146
42.6,0.3962
42.6,0.3962
42.6,0.3962
42.6,0.3962
42.6,0.3962
42.6,0.3962
42.6,0.3962
42.6,0.3962
42.6,0.3962
43.2,0.399845
43.2,0.399845
43.2,0.399845
43.2,0.399845
43.2,0.399845
43.2,0.399845
43.2,0.399845
43.2,0.399845
43.2,0.399845
43.8,0.411648
43.8,0.411648
43.8,0.411648
43.8,0.411648
43.8,0.411648
43.8,0.411648
43.8,0.411648
43.8,0.411648
43.8,0.411648
44.4,0.420222
44.4,0.420222
44.4,0.420222
44.4,0.420222
44.4,0.420222
44.4,0.420222
44.4,0.420222
44.4,0.420222
44.4,0.420222
45,0.42041
45,0.42041
45,0.42041
45,0.42041
45,0.42041
45,0.42041
45,0.42041
45,0.42041
45,0.42041
45.6,0.42641
45.6,0.42641
45.6,0.42641
45.6,0.42641
45.6,0.42641
45.6,0.42641
45.6,0.42641
45.6,0.42641
45.6,0.42641
46.2,0.430948
46.2,0.430948
46.2,0.430948
46.2,0.430948
46.2,0.430948
46.2,0.430948
46.2,0.430948
46.2,0.430948
46.2,0.430948
46.8,0.428103
46.8,0.428103
46.8,0.428103
46.8,0.428103
46.8,0.428103
46.8,0.428103
46.8,0.428103
46.8,0.428103
46.8,0.428103
47.4,0.428941
47.4,0.428941
47.4,0.428941
47.4,0.428941
47.4,0.428941
47.4,0.428941
47.4,0.428941
47.4,0.428941
47.4,0.428941
48,0.418157
48,0.418157
48,0.418157
48,0.418157
48,0.418157
48,0.418157
48,0.418157
48,0.418157
48,0.418157
48.6,0.419399
48.6,0.419399
48.6,0.419399
48.6,0.419399
48.6,0.419399
48.6,0.419399
48.6,0.419399
48.6,0.419399
48.6,0.419399
49.2,0.413474
49.2,0.413474
49.2,0.413474
49.2,0.413474
49.2,0.413474
49.2,0.413474
49.2,0.413474
49.2,0.413474
49.2,0.413474
49.8,0.404637
49.8,0.404637
49.8,0.404637
49.8,0.404637
49.8,0.404637
49.8,0.404637
49.8,0.404637
49.8,0.404637
49.8,0.404637
50.4,0.403568
50.4,0.403568
50.4,0.403568
50.4,0.403568
50.4,0.403568
50.4,0.403568
50.4,0.403568
50.4,0.403568
50.4,0.403568
51,0.399739
51,0.399739
51,0.399739
51,0.399739
51,0.399739
51,0.399739
51,0.399739
51,0.399739
51,0.399739
51.6,0.38705
51.6,0.38705
51.6,0.38705
51.6,0.38705
51.6,0.38705
51.6,0.38705
51.6,0.38705
51.6,0.38705
51.6,0.38705
52.2,0.390338
52.2,0.390338
52.2,0.390338
52.2,0.390338
52.2,0.390338
52.2,0.390338
52.2,0.390338
52.2,0.390338
52.2,0.390338
52.8,0.400734
52.8,0.400734
52.8,0.400734
52.8,0.400734
52.8,0.400734
52.8,0.400734
52.8,0.400734
52.8,0.400734
52.8,0.400734
53.4,0.419051
53.4,0.419051
53.4,0.419051
53.4,0.419051
53.4,0.419051
53.4,0.419051
53.4,0.419051
53.4,0.419051
53.4,0.419051
54,0.427151
54,0.427151
54,0.427151
54,0.427151
54,0.427151
54,0.427151
54,0.427151
54,0.427151
54,0.427151
54.6,0.435717
54.6,0.435717
54.6,0.435717
54.6,0.435717
54.6,0.435717
54.6,0.435717
54.6,0.435717
54.6,0.435717
54.6,0.435717
55.2,0.44205
55.2,0.44205
55.2,0.44205
55.2,0.44205
55.2,0.44205
55.2,0.44205
55.2,0.44205
55.2,0.44205
55.2,0.44205
55.8,0.441458
55.8,0.441458
55.8,0.441458
55.8,0.441458
55.8,0.441458
55.8,0.441458
55.8,0.441458
55.8,0.441458
55.8,0.441458
56.4,0.442328
56.4,0.442328
56.4,0.442328
56.4,0.442328
56.4,0.442328
56.4,0.442328
56.4,0.442328
56.4,0.442328
56.4,0.442328
57,0.444593
57,0.444593
57,0.444593
57,0.444593
57,0.444593
57,0.444593
57,0.444593
57,0.444593
57,0.444593
57.6,0.445964
57.6,0.445964
57.6,0.445964
57.6,0.445964
57.6,0.445964
57.6,0.445964
57.6,0.445964
57.6,0.445964
57.6,0.445964
58.2,0.444891
58.2,0.444891
58.2,0.444891
58.2,0.444891
58.2,0.444891
58.2,0.444891
58.2,0.444891
58.2,0.444891
58.2,0.444891
58.8,0.44437
58.8,0.44437
58.8,0.44437
58.8,0.44437
58.8,0.44437
58.8,0.44437
58.8,0.44437
58.8,0.44437
58.8,0.44437
59.4,0.445416
59.4,0.445416
59.4,0.445416
59.4,0.445416
59.4,0.445416
59.4,0.445416
59.4,0.445416
59.4,0.445416
59.4,0.445416
60,0.450334
60,0.450334
60,0.450334
60,0.450334
60,0.450334
60,0.450334
60,0.450334
60,0.450334
60,0.450334
60.6,0.445894
60.6,0.445894
60.6,0.445894
60.6,0.445894
60.6,0.445894
60.6,0.445894
60.6,0.445894
60.6,0.445894
60.6,0.445894
61.2,0.43828
61.2,0.43828
61.2,0.43828
61.2,0.43828
61.2,0.43828
61.2,0.43828
61.2,0.43828
61.2,0.43828
61.2,0.43828
61.8,0.436842
61.8,0.436842
61.8,0.436842
61.8,0.436842
61.8,0.436842
61.8,0.436842
61.8,0.436842
61.8,0.436842
61.8,0.436842
62.4,0.436465
62.4,0.436465
62.4,0.436465
62.4,0.436465
62.4,0.436465
62.4,0.436465
62.4,0.436465
62.4,0.436465
62.4,0.436465
63,0.442622
63,0.442622
63,0.442622
63,0.442622
63,0.442622
63,0.442622
63,0.442622
63,0.442622
63,0.442622
63.6,0.438821
63.6,0.438821
63.6,0.438821
63.6,0.438821
63.6,0.438821
63.6,0.438821
63.6,0.438821
63.6,0.438821
63.6,0.438821
64.2,0.442261
64.2,0.442261
64.2,0.442261
64.2,0.442261
64.2,0.442261
64.2,0.442261
64.2,0.442261
64.2,0.442261
64.2,0.442261
64.8,0.445396
64.8,0.445396
64.8,0.445396
64.8,0.445396
64.8,0.445396
64.8,0.445396
64.8,0.445396
64.8,0.445396
64.8,0.445396
65.4,0.444855
65.4,0.444855
65.4,0.444855
65.4,0.444855
65.4,0.444855
65.4,0.444855
65.4,0.444855
65.4,0.444855
65.4,0.444855
66,0.444417
66,0.444417
66,0.444417
66,0.444417
66,0.444417
66,0.444417
66,0.444417
66,0.444417
66,0.444417
66.6,0.443233
66.6,0.443233
66.6,0.443233
66.6,0.443233
66.6,0.443233
66.6,0.443233
66.6,0.443233
66.6,0.443233
66.6,0.443233
67.2,0.436144
67.2,0.436144
67.2,0.436144
67.2,0.436144
67.2,0.436144
67.2,0.436144
67.2,0.436144
67.2,0.436144
67.2,0.436144
67.8,0.437586
67.8,0.437586
67.8,0.437586
67.8,0.437586
67.8,0.437586
67.8,0.437586
67.8,0.437586
67.8,0.437586
67.8,0.437586
68.4,0.438421
68.4,0.438421
68.4,0.438421
68.4,0.438421
68.4,0.438421
68.4,0.438421
68.4,0.438421
68.4,0.438421
68.4,0.438421
69,0.434294
69,0.434294
69,0.434294
69,0.434294
69,0.434294
69,0.434294
69,0.434294
69,0.434294
69,0.434294
69.6,0.438954
69.6,0.438954
69.6,0.438954
69.6,0.438954
69.6,0.438954
69.6,0.438954
69.6,0.438954
69.6,0.438954
69.6,0.438954
70.2,0.438601
70.2,0.438601
70.2,0.438601
70.2,0.438601
70.2,0.438601
70.2,0.438601
70.2,0.438601
70.2,0.438601
70.2,0.438601
70.8,0.433346
70.8,0.433346
70.8,0.433346
70.8,0.433346
70.8,0.433346
70.8,0.433346
70.8,0.433346
70.8,0.433346
70.8,0.433346
71.4,0.436156
71.4,0.436156
71.4,0.436156
71.4,0.436156
71.4,0.436156
71.4,0.436156
71.4,0.436156
71.4,0.436156
71.4,0.436156
72,0.438264
72,0.438264
72,0.438264
72,0.438264
72,0.438264
72,0.438264
72,0.438264
72,0.438264
72,0.438264
72.6,0.437057
72.6,0.437057
72.6,0.437057
72.6,0.437057
72.6,0.437057
72.6,0.437057
72.6,0.437057
72.6,0.437057
72.6,0.437057
73.2,0.439103
73.2,0.439103
73.2,0.439103
73.2,0.439103
73.2,0.439103
73.2,0.439103
73.2,0.439103
73.2,0.439103
73.2,0.439103
73.8,0.440494
73.8,0.440494
73.8,0.440494
73.8,0.440494
73.8,0.440494
73.8,0.440494
73.8,0.440494
73.8,0.440494
73.8,0.440494
74.4,0.436567
74.4,0.436567
74.4,0.436567
74.4,0.436567
74.4,0.436567
74.4,0.436567
74.4,0.436567
74.4,0.436567
74.4,0.436567
75,0.436328
75,0.436328
75,0.436328
75,0.436328
75,0.436328
75,0.436328
75,0.436328
75,0.436328
75,0.436328
75.6,0.440694
75.6,0.440694
75.6,0.440694
75.6,0.440694
75.6,0.440694
75.6,0.440694
75.6,0.440694
75.6,0.440694
75.6,0.440694
76.2,0.438848
76.2,0.438848
76.2,0.438848
76.2,0.438848
76.2,0.438848
76.2,0.438848
76.2,0.438848
76.2,0.438848
76.2,0.438848
76.8,0.441548
76.8,0.441548
76.8,0.441548
76.8,0.441548
76.8,0.441548
76.8,0.441548
76.8,0.441548
76.8,0.441548
76.8,0.441548
77.4,0.439271
77.4,0.439271
77.4,0.439271
77.4,0.439271
77.4,0.439271
77.4,0.439271
77.4,0.439271
77.4,0.439271
77.4,0.439271
78,0.440635
78,0.440635
78,0.440635
78,0.440635
78,0.440635
78,0.440635
78,0.440635
78,0.440635
78,0.440635
78.6,0.436693
78.6,0.436693
78.6,0.436693
78.6,0.436693
78.6,0.436693
78.6,0.436693
78.6,0.436693
78.6,0.436693
78.6,0.436693
79.2,0.429921
79.2,0.429921
79.2,0.429921
79.2,0.429921
79.2,0.429921
79.2,0.429921
79.2,0.429921
79.2,0.429921
79.2,0.429921
79.8,0.431187
79.8,0.431187
79.8,0.431187
79.8,0.431187
79.8,0.431187
79.8,0.431187
79.8,0.431187
79.8,0.431187
79.8,0.431187
80.4,0.431536
80.4,0.431536
80.4,0.431536
80.4,0.431536
80.4,0.431536
80.4,0.431536
80.4,0.431536
80.4,0.431536
80.4,0.431536
81,0.429443
81,0.429443
81,0.429443
81,0.429443
81,0.429443
81,0.429443
81,0.429443
81,0.429443
81,0.429443
81.6,0.432002
81.6,0.432002
81.6,0.432002
81.6,0.432002
81.6,0.432002
81.6,0.432002
81.6,0.432002
81.6,0.432002
81.6,0.432002
82.2,0.434902
82.2,0.434902
82.2,0.434902
82.2,0.434902
82.2,0.434902
82.2,0.434902
82.2,0.434902
82.2,0.434902
82.2,0.434902
82.8,0.436685
82.8,0.436685
82.8,0.436685
82.8,0.436685
82.8,0.436685
82.8,0.436685
82.8,0.436685
82.8,0.436685
82.8,0.436685
83.4,0.436493
83.4,0.436493
83.4,0.436493
83.4,0.436493
83.4,0.436493
83.4,0.436493
83.4,0.436493
83.4,0.436493
83.4,0.436493
84,0.430724
84,0.430724
84,0.430724
84,0.430724
84,0.430724
84,0.430724
84,0.430724
84,0.430724
84,0.430724
84.6,0.434232
84.6,0.434232
84.6,0.434232
84.6,0.434232
84.6,0.434232
84.6,0.434232
84.6,0.434232
84.6,0.434232
84.6,0.434232
85.2,0.435827
85.2,0.435827
85.2,0.435827
85.2,0.435827
85.2,0.435827
85.2,0.435827
85.2,0.435827
85.2,0.435827
85.2,0.435827
85.8,0.433299
85.8,0.433299
85.8,0.433299
85.8,0.433299
85.8,0.433299
85.8,0.433299
85.8,0.433299
85.8,0.433299
85.8,0.433299
86.4,0.437998
86.4,0.437998
86.4,0.437998
86.4,0.437998
86.4,0.437998
86.4,0.437998
86.4,0.437998
86.4,0.437998
86.4,0.437998
87,0.439177
87,0.439177
87,0.439177
87,0.439177
87,0.439177
87,0.439177
87,0.439177
87,0.439177
87,0.439177
87.6,0.432519
87.6,0.432519
87.6,0.432519
87.6,0.432519
87.6,0.432519
87.6,0.432519
87.6,0.432519
87.6,0.432519
87.6,0.432519
88.2,0.433056
88.2,0.433056
88.2,0.433056
88.2,0.433056
88.2,0.433056
88.2,0.433056
88.2,0.433056
88.2,0.433056
88.2,0.433056
88.8,0.432899
88.8,0.432899
88.8,0.432899
88.8,0.432899
88.8,0.432899
88.8,0.432899
88.8,0.432899
88.8,0.432899
88.8,0.432899
89.4,0.431783
89.4,0.431783
89.4,0.431783
89.4,0.431783
89.4,0.431783
89.4,0.431783
89.4,0.431783
89.4,0.431783
89.4,0.431783
90,0.436187
90,0.436187
90,0.436187
90,0.436187
90,0.436187
90,0.436187
90,0.436187
90,0.436187
90,0.436187
90.6,0.438582
90.6,0.438582
90.6,0.438582
90.6,0.438582
90.6,0.438582
90.6,0.438582
90.6,0.438582
90.6,0.438582
90.6,0.438582
91.2,0.431477
91.2,0.431477
91.2,0.431477
91.2,0.431477
91.2,0.431477
91.2,0.431477
91.2,0.431477
91.2,0.431477
91.2,0.431477
91.8,0.424521
91.8,0.424521
91.8,0.424521
91.8,0.424521
91.8,0.424521
91.8,0.424521
91.8,0.424521
91.8,0.424521
91.8,0.424521
92.4,0.415528
92.4,0.415528
92.4,0.415528
92.4,0.415528
92.4,0.415528
92.4,0.415528
92.4,0.415528
92.4,0.415528
92.4,0.415528
93,0.419313
93,0.419313
93,0.419313
93,0.419313
93,0.419313
93,0.419313
93,0.419313
93,0.419313
93,0.419313
93.6,0.422189
93.6,0.422189
93.6,0.422189
93.6,0.422189
93.6,0.422189
93.6,0.422189
93.6,0.422189
93.6,0.422189
93.6,0.422189
94.2,0.418529
94.2,0.418529
94.2,0.418529
94.2,0.418529
94.2,0.418529
94.2,0.418529
94.2,0.418529
94.2,0.418529
94.2,0.418529
94.8,0.422914
94.8,0.422914
94.8,0.422914
94.8,0.422914
94.8,0.422914
94.8,0.422914
94.8,0.422914
94.8,0.422914
94.8,0.422914
95.4,0.431551
95.4,0.431551
95.4,0.431551
95.4,0.431551
95.4,0.431551
95.4,0.431551
95.4,0.431551
95.4,0.431551
95.4,0.431551
96,0.439036
96,0.439036
96,0.439036
96,0.439036
96,0.439036
96,0.439036
96,0.439036
96,0.439036
96,0.439036
96.6,0.442163
96.6,0.442163
96.6,0.442163
96.6,0.442163
96.6,0.442163
96.6,0.442163
96.6,0.442163
96.6,0.442163
96.6,0.442163
97.2,0.436893
97.2,0.436893
97.2,0.436893
97.2,0.436893
97.2,0.436893
97.2,0.436893
97.2,0.436893
97.2,0.436893
97.2,0.436893
97.8,0.418651
97.8,0.418651
97.8,0.418651
97.8,0.418651
97.8,0.418651
97.8,0.418651
97.8,0.418651
97.8,0.418651
97.8,0.418651
98.4,0.394707
98.4,0.394707
98.4,0.394707
98.4,0.394707
98.4,0.394707
98.4,0.394707
98.4,0.394707
98.4,0.394707
98.4,0.394707
99,0.369349
99,0.369349
99,0.369349
99,0.369349
99,0.369349
99,0.369349
99,0.369349
99,0.369349
99,0.369349
99.6,0.355054
99.6,0.355054
99.6,0.355054
99.6,0.355054
99.6,0.355054
99.6,0.355054
99.6,0.355054
99.6,0.355054
99.6,0.355054
100.2,0.345127
100.2,0.345127
100.2,0.345127
100.2,0.345127
100.2,0.345127
100.2,0.345127
100.2,0.345127
100.2,0.345127
100.2,0.345127
100.8,0.333218
100.8,0.333218
100.8,0.333218
100.8,0.333218
100.8,0.333218
100.8,0.333218
100.8,0.333218
100.8,0.333218
100.8,0.333218
101.4,0.316172
101.4,0.316172
101.4,0.316172
101.4,0.316172
101.4,0.316172
101.4,0.316172
101.4,0.316172
101.4,0.316172
101.4,0.316172
102,0.302821
102,0.302821
102,0.302821
102,0.302821
102,0.302821
102,0.302821
102,0.302821
102,0.302821
102,0.302821
102.6,0.289959
102.6,0.289959
102.6,0.289959
102.6,0.289959
102.6,0.289959
102.6,0.289959
102.6,0.289959
102.6,0.289959
102.6,0.289959
103.2,0.289779
103.2,0.289779
103.2,0.289779
103.2,0.289779
103.2,0.289779
103.2,0.289779
103.2,0.289779
103.2,0.289779
103.2,0.289779
103.8,0.302691
103.8,0.302691
103.8,0.302691
103.8,0.302691
103.8,0.302691
103.8,0.302691
103.8,0.302691
103.8,0.302691
103.8,0.302691
104.4,0.313198
104.4,0.313198
104.4,0.313198
104.4,0.313198
104.4,0.313198
104.4,0.313198
104.4,0.313198
104.4,0.313198
104.4,0.313198
105,0.321552
105,0.321552
105,0.321552
105,0.321552
105,0.321552
105,0.321552
105,0.321552
105,0.321552
105,0.321552
105.6,0.336424
105.6,0.336424
105.6,0.336424
105.6,0.336424
105.6,0.336424
105.6,0.336424
105.6,0.336424
105.6,0.336424
105.6,0.336424
106.2,0.328171
106.2,0.328171
106.2,0.328171
106.2,0.328171
106.2,0.328171
106.2,0.328171
106.2,0.328171
106.2,0.328171
106.2,0.328171
106.8,0.344418
106.8,0.344418
106.8,0.344418
106.8,0.344418
106.8,0.344418
106.8,0.344418
106.8,0.344418
106.8,0.344418
106.8,0.344418
107.4,0.363024
107.4,0.363024
107.4,0.363024
107.4,0.363024
107.4,0.363024
107.4,0.363024
107.4,0.363024
107.4,0.363024
107.4,0.363024
108,0.344026
108,0.344026
108,0.344026
108,0.344026
108,0.344026
108,0.344026
108,0.344026
108,0.344026
108,0.344026
108.6,0.361743
108.6,0.361743
108.6,0.361743
108.6,0.361743
108.6,0.361743
108.6,0.361743
108.6,0.361743
108.6,0.361743
108.6,0.361743
109.2,0.375799
109.2,0.375799
109.2,0.375799
109.2,0.375799
109.2,0.375799
109.2,0.375799
109.2,0.375799
109.2,0.375799
109.2,0.375799
109.8,0.378546
109.8,0.378546
109.8,0.378546
109.8,0.378546
109.8,0.378546
109.8,0.378546
109.8,0.378546
109.8,0.378546
109.8,0.378546
110.4,0.361151
110.4,0.361151
110.4,0.361151
110.4,0.361151
110.4,0.361151
110.4,0.361151
110.4,0.361151
110.4,0.361151
110.4,0.361151
111,0.354536
111,0.354536
111,0.354536
111,0.354536
111,0.354536
111,0.354536
111,0.354536
111,0.354536
111,0.354536
111.6,0.338395
111.6,0.338395
111.6,0.338395
111.6,0.338395
111.6,0.338395
111.6,0.338395
111.6,0.338395
111.6,0.338395
111.6,0.338395
112.2,0.344363
112.2,0.344363
112.2,0.344363
112.2,0.344363
112.2,0.344363
112.2,0.344363
112.2,0.344363
112.2,0.344363
112.2,0.344363
112.8,0.351797
112.8,0.351797
112.8,0.351797
112.8,0.351797
112.8,0.351797
112.8,0.351797
112.8,0.351797
112.8,0.351797
112.8,0.351797
113.4,0.371422
113.4,0.371422
113.4,0.371422
113.4,0.371422
113.4,0.371422
113.4,0.371422
113.4,0.371422
113.4,0.371422
113.4,0.371422
114,0.337725
114,0.337725
114,0.337725
114,0.337725
114,0.337725
114,0.337725
114,0.337725
114,0.337725
114,0.337725
114.6,0.312347
114.6,0.312347
114.6,0.312347
114.6,0.312347
114.6,0.312347
114.6,0.312347
114.6,0.312347
114.6,0.312347
114.6,0.312347
115.2,0.276165
115.2,0.276165
115.2,0.276165
115.2,0.276165
115.2,0.276165
115.2,0.276165
115.2,0.276165
115.2,0.276165
115.2,0.276165
115.8,0.262273
115.8,0.262273
115.8,0.262273
115.8,0.262273
115.8,0.262273
115.8,0.262273
115.8,0.262273
115.8,0.262273
115.8,0.262273
116.4,0.217804
116.4,0.217804
116.4,0.217804
116.4,0.217804
116.4,0.217804
116.4,0.217804
116.4,0.217804
116.4,0.217804
116.4,0.217804
117,0.209664
117,0.209664
117,0.209664
117,0.209664
117,0.209664
117,0.209664
117,0.209664
117,0.209664
117,0.209664
117.6,0.200859
117.6,0.200859
117.6,0.200859
117.6,0.200859
117.6,0.200859
117.6,0.200859
117.6,0.200859
117.6,0.200859
117.6,0.200859
118.2,0.22577
118.2,0.22577
118.2,0.22577
118.2,0.22577
118.2,0.22577
118.2,0.22577
118.2,0.22577
118.2,0.22577
118.2,0.22577
118.8,0.200518
118.8,0.200518
118.8,0.200518
118.8,0.200518
118.8,0.200518
118.8,0.200518
118.8,0.200518
118.8,0.200518
118.8,0.200518
119.4,0.176947
119.4,0.176947
119.4,0.176947
119.4,0.176947
119.4,0.176947
119.4,0.176947
119.4,0.176947
119.4,0.176947
119.4,0.176947
120,0.180752
120,0.180752
120,0.180752
120,0.180752
120,0.180752
120,0.180752
120,0.180752
120,0.180752
120,0.180752
120.6,0.200408
120.6,0.200408
120.6,0.200408
120.6,0.200408
120.6,0.200408
120.6,0.200408
120.6,0.200408
120.6,0.200408
120.6,0.200408
121.2,0.18897
121.2,0.18897
121.2,0.18897
121.2,0.18897
121.2,0.18897
121.2,0.18897
121.2,0.18897
121.2,0.18897
121.2,0.18897
121.8,0.211106
121.8,0.211106
121.8,0.211106
121.8,0.211106
121.8,0.211106
121.8,0.211106
121.8,0.211106
121.8,0.211106
121.8,0.211106
122.4,0.19589
122.4,0.19589
122.4,0.19589
122.4,0.19589
122.4,0.19589
122.4,0.19589
122.4,0.19589
122.4,0.19589
122.4,0.19589
123,0.155993
123,0.155993
123,0.155993
123,0.155993
123,0.155993
123,0.155993
123,0.155993
123,0.155993
123,0.155993
123.6,0.112527
123.6,0.112527
123.6,0.112527
123.6,0.112527
123.6,0.112527
123.6,0.112527
123.6,0.112527
123.6,0.112527
123.6,0.112527
124.2,0.128825
124.2,0.128825
124.2,0.128825
124.2,0.128825
124.2,0.128825
124.2,0.128825
124.2,0.128825
124.2,0.128825
124.2,0.128825
124.8,0.163333
124.8,0.163333
124.8,0.163333
124.8,0.163333
124.8,0.163333
124.8,0.163333
124.8,0.163333
124.8,0.163333
124.8,0.163333
125.4,0.173071
125.4,0.173071
125.4,0.173071
125.4,0.173071
125.4,0.173071
125.4,0.173071
125.4,0.173071
125.4,0.173071
125.4,0.173071
126,0.197845
126,0.197845
126,0.197845
126,0.197845
126,0.197845
126,0.197845
126,0.197845
126,0.197845
126,0.197845
126.6,0.198849
126.6,0.198849
126.6,0.198849
126.6,0.198849
126.6,0.198849
126.6,0.198849
126.6,0.198849
126.6,0.198849
126.6,0.198849
127.2,0.214673
127.2,0.214673
127.2,0.214673
127.2,0.214673
127.2,0.214673
127.2,0.214673
127.2,0.214673
127.2,0.214673
127.2,0.214673
127.8,0.16242
127.8,0.16242
127.8,0.16242
127.8,0.16242
127.8,0.16242
127.8,0.16242
127.8,0.16242
127.8,0.16242
127.8,0.16242
128.4,0.140256
128.4,0.140256
128.4,0.140256
128.4,0.140256
128.4,0.140256
128.4,0.140256
128.4,0.140256
128.4,0.140256
128.4,0.140256
129,0.111269
129,0.111269
129,0.111269
129,0.111269
129,0.111269
129,0.111269
129,0.111269
129,0.111269
129,0.111269
129.6,0.0921257
129.6,0.0921257
129.6,0.0921257
129.6,0.0921257
129.6,0.0921257
129.6,0.0921257
129.6,0.0921257
129.6,0.0921257
129.6,0.0921257
130.2,0.049192
130.2,0.049192
130.2,0.049192
130.2,0.049192
130.2,0.049192
130.2,0.049192
130.2,0.049192
130.2,0.049192
130.2,0.049192
130.8,0.0199817
130.8,0.0199817
130.8,0.0199817
130.8,0.0199817
130.8,0.0199817
130.8,0.0199817
130.8,0.0199817
130.8,0.0199817
130.8,0.0199817
131.4,0.00158317
131.4,0.00158317
131.4,0.00158317
131.4,0.00158317
131.4,0.00158317
131.4,0.00158317
131.4,0.00158317
131.4,0.00158317
131.4,0.00158317
132,0.0011717
132,0.0011717
132,0.0011717
132,0.0011717
132,0.0011717
132,0.0011717
132,0.0011717
132,0.0011717
132,0.0011717
132.6,0.00121089
132.6,0.00121089
132.6,0.00121089
132.6,0.00121089
132.6,0.00121089
132.6,0.00121089
132.6,0.00121089
132.6,0.00121089
132.6,0.00121089
133.2,0.000967929
133.2,0.000967929
133.2,0.000967929
133.2,0.000967929
133.2,0.000967929
133.2,0.000967929
133.2,0.000967929
133.2,0.000967929
133.2,0.000967929
133.8,0.0803146
133.8,0.0803146
133.8,0.0803146
133.8,0.0803146
133.8,0.0803146
133.8,0.0803146
133.8,0.0803146
133.8,0.0803146
133.8,0.0803146
134.4,0.177966
134.4,0.177966
134.4,0.177966
134.4,0.177966
134.4,0.177966
134.4,0.177966
134.4,0.177966
134.4,0.177966
134.4,0.177966
135,0.228717
135,0.228717
135,0.228717
135,0.228717
135,0.228717
135,0.228717
135,0.228717
135,0.228717
135,0.228717
135.6,0.173937
135.6,0.173937
135.6,0.173937
135.6,0.173937
135.6,0.173937
135.6,0.173937
135.6,0.173937
135.6,0.173937
135.6,0.173937
136.2,0.10293
136.2,0.10293
136.2,0.10293
136.2,0.10293
136.2,0.10293
136.2,0.10293
136.2,0.10293
136.2,0.10293
136.2,0.10293
136.8,0.0528677
136.8,0.0528677
136.8,0.0528677
136.8,0.0528677
136.8,0.0528677
136.8,0.0528677
136.8,0.0528677
136.8,0.0528677
136.8,0.0528677
137.4,0.0315694
137.4,0.0315694
137.4,0.0315694
137.4,0.0315694
137.4,0.0315694
137.4,0.0315694
137.4,0.0315694
137.4,0.0315694
137.4,0.0315694
138,0.0226621
138,0.0226621
138,0.0226621
138,0.0226621
138,0.0226621
138,0.0226621
138,0.0226621
138,0.0226621
138,0.0226621
138.6,0.00555286
138.6,0.00555286
138.6,0.00555286
138.6,0.00555286
138.6,0.00555286
138.6,0.00555286
138.6,0.00555286
138.6,0.00555286
138.6,0.00555286
139.2,0.00541962
139.2,0.00541962
139.2,0.00541962
139.2,0.00541962
139.2,0.00541962
139.2,0.00541962
139.2,0.00541962
139.2,0.00541962
139.2,0.00541962
139.8,0.00465155
139.8,0.00465155
139.8,0.00465155
139.8,0.00465155
139.8,0.00465155
139.8,0.00465155
139.8,0.00465155
139.8,0.00465155
139.8,0.00465155
140.4,0.0197583
140.4,0.0197583
140.4,0.0197583
140.4,0.0197583
140.4,0.0197583
140.4,0.0197583
140.4,0.0197583
140.4,0.0197583
140.4,0.0197583
141,0.05025
141,0.05025
141,0.05025
141,0.05025
141,0.05025
141,0.05025
141,0.05025
141,0.05025
141,0.05025
141.6,0.110653
141.6,0.110653
141.6,0.110653
141.6,0.110653
141.6,0.110653
141.6,0.110653
141.6,0.110653
141.6,0.110653
141.6,0.110653
142.2,0.167957
142.2,0.167957
142.2,0.167957
142.2,0.167957
142.2,0.167957
142.2,0.167957
142.2,0.167957
142.2,0.167957
142.2,0.167957
142.8,0.188331
142.8,0.188331
142.8,0.188331
142.8,0.188331
142.8,0.188331
142.8,0.188331
142.8,0.188331
142.8,0.188331
142.8,0.188331
143.4,0.193735
143.4,0.193735
143.4,0.193735
143.4,0.193735
143.4,0.193735
143.4,0.193735
143.4,0.193735
143.4,0.193735
143.4,0.193735
144,0.206541
144,0.206541
144,0.206541
144,0.206541
144,0.206541
144,0.206541
144,0.206541
144,0.206541
144,0.206541
144.6,0.170669
144.6,0.170669
144.6,0.170669
144.6,0.170669
144.6,0.170669
144.6,0.170669
144.6,0.170669
144.6,0.170669
144.6,0.170669
145.2,0.110653
145.2,0.110653
145.2,0.110653
145.2,0.110653
145.2,0.110653
145.2,0.110653
145.2,0.110653
145.2,0.110653
145.2,0.110653
145.8,0.0504499
145.8,0.0504499
145.8,0.0504499
145.8,0.0504499
145.8,0.0504499
145.8,0.0504499
145.8,0.0504499
145.8,0.0504499
145.8,0.0504499
146.4,0.0111214
146.4,0.0111214
146.4,0.0111214
146.4,0.0111214
146.4,0.0111214
146.4,0.0111214
146.4,0.0111214
146.4,0.0111214
146.4,0.0111214
147,0.0020064
147,0.0020064
147,0.0020064
147,0.0020064
147,0.0020064
147,0.0020064
147,0.0020064
147,0.0020064
147,0.0020064
147.6,0.00123048
147.6,0.00123048
147.6,0.00123048
147.6,0.00123048
147.6,0.00123048
147.6,0.00123048
147.6,0.00123048
147.6,0.00123048
147.6,0.00123048
148.2,0.00126183
148.2,0.00126183
148.2,0.00126183
148.2,0.00126183
148.2,0.00126183
148.2,0.00126183
148.2,0.00126183
148.2,0.00126183
148.2,0.00126183
148.8,0.00144602
148.8,0.00144602
148.8,0.00144602
148.8,0.00144602
148.8,0.00144602
148.8,0.00144602
148.8,0.00144602
148.8,0.00144602
148.8,0.00144602
149.4,0.00157142
149.4,0.00157142
149.4,0.00157142
149.4,0.00157142
149.4,0.00157142
149.4,0.00157142
149.4,0.00157142
149.4,0.00157142
149.4,0.00157142
150,0.00149696
150,0.00149696
150,0.00149696
150,0.00149696
150,0.00149696
150,0.00149696
150,0.00149696
150,0.00149696
150,0.00149696
150.6,0.0016929
150.6,0.0016929
150.6,0.0016929
150.6,0.0016929
150.6,0.0016929
150.6,0.0016929
150.6,0.0016929
150.6,0.0016929
150.6,0.0016929
151.2,0.0194918
151.2,0.0194918
151.2,0.0194918
151.2,0.0194918
151.2,0.0194918
151.2,0.0194918
151.2,0.0194918
151.2,0.0194918
151.2,0.0194918
151.8,0.0522995
151.8,0.0522995
151.8,0.0522995
151.8,0.0522995
151.8,0.0522995
151.8,0.0522995
151.8,0.0522995
151.8,0.0522995
151.8,0.0522995
152.4,0.0651216
152.4,0.0651216
152.4,0.0651216
152.4,0.0651216
152.4,0.0651216
152.4,0.0651216
152.4,0.0651216
152.4,0.0651216
152.4,0.0651216
153,0.0633896
153,0.0633896
153,0.0633896
153,0.0633896
153,0.0633896
153,0.0633896
153,0.0633896
153,0.0633896
153,0.0633896
153.6,0.0672809
153.6,0.0672809
153.6,0.0672809
153.6,0.0672809
153.6,0.0672809
153.6,0.0672809
153.6,0.0672809
153.6,0.0672809
153.6,0.0672809
154.2,0.0389484
154.2,0.0389484
154.2,0.0389484
154.2,0.0389484
154.2,0.0389484
154.2,0.0389484
154.2,0.0389484
154.2,0.0389484
154.2,0.0389484
154.8,0.0282816
154.8,0.0282816
154.8,0.0282816
154.8,0.0282816
154.8,0.0282816
154.8,0.0282816
154.8,0.0282816
154.8,0.0282816
154.8,0.0282816
155.4,0.0208986
155.4,0.0208986
155.4,0.0208986
155.4,0.0208986
155.4,0.0208986
155.4,0.0208986
155.4,0.0208986
155.4,0.0208986
155.4,0.0208986
156,0.013167
156,0.013167
156,0.013167
156,0.013167
156,0.013167
156,0.013167
156,0.013167
156,0.013167
156,0.013167
156.6,0.00600351
156.6,0.00600351
156.6,0.00600351
156.6,0.00600351
156.6,0.00600351
156.6,0.00600351
156.6,0.00600351
156.6,0.00600351
156.6,0.00600351
157.2,0.0047456
157.2,0.0047456
157.2,0.0047456
157.2,0.0047456
157.2,0.0047456
157.2,0.0047456
157.2,0.0047456
157.2,0.0047456
157.2,0.0047456
157.8,0.00629742
157.8,0.00629742
157.8,0.00629742
157.8,0.00629742
157.8,0.00629742
157.8,0.00629742
157.8,0.00629742
157.8,0.00629742
157.8,0.00629742
158.4,0.00712427
158.4,0.00712427
158.4,0.00712427
158.4,0.00712427
158.4,0.00712427
158.4,0.00712427
158.4,0.00712427
158.4,0.00712427
158.4,0.00712427
159,0.0358526
159,0.0358526
159,0.0358526
159,0.0358526
159,0.0358526
159,0.0358526
159,0.0358526
159,0.0358526
159,0.0358526
159.6,0.0623668
159.6,0.0623668
159.6,0.0623668
159.6,0.0623668
159.6,0.0623668
159.6,0.0623668
159.6,0.0623668
159.6,0.0623668
159.6,0.0623668
160.2,0.0658701
160.2,0.0658701
160.2,0.0658701
160.2,0.0658701
160.2,0.0658701
160.2,0.0658701
160.2,0.0658701
160.2,0.0658701
160.2,0.0658701
160.8,0.052566
160.8,0.052566
160.8,0.052566
160.8,0.052566
160.8,0.052566
160.8,0.052566
160.8,0.052566
160.8,0.052566
160.8,0.052566
161.4,0.01379
161.4,0.01379
161.4,0.01379
161.4,0.01379
161.4,0.01379
161.4,0.01379
161.4,0.01379
161.4,0.01379
161.4,0.01379
162,0.0014225
162,0.0014225
162,0.0014225
162,0.0014225
162,0.0014225
162,0.0014225
162,0.0014225
162,0.0014225
162,0.0014225
162.6,0.0396851
162.6,0.0396851
162.6,0.0396851
162.6,0.0396851
162.6,0.0396851
162.6,0.0396851
162.6,0.0396851
162.6,0.0396851
162.6,0.0396851
163.2,0.0469622
163.2,0.0469622
163.2,0.0469622
163.2,0.0469622
163.2,0.0469622
163.2,0.0469622
163.2,0.0469622
163.2,0.0469622
163.2,0.0469622
163.8,0.0493761
163.8,0.0493761
163.8,0.0493761
163.8,0.0493761
163.8,0.0493761
163.8,0.0493761
163.8,0.0493761
163.8,0.0493761
163.8,0.0493761
164.4,0.0156554
164.4,0.0156554
164.4,0.0156554
164.4,0.0156554
164.4,0.0156554
164.4,0.0156554
164.4,0.0156554
164.4,0.0156554
164.4,0.0156554
165,0.00239043
165,0.00239043
165,0.00239043
165,0.00239043
165,0.00239043
165,0.00239043
165,0.00239043
165,0.00239043
165,0.00239043
165.6,0.00751615
165.6,0.00751615
165.6,0.00751615
165.6,0.00751615
165.6,0.00751615
165.6,0.00751615
165.6,0.00751615
165.6,0.00751615
165.6,0.00751615
166.2,0.0100751
166.2,0.0100751
166.2,0.0100751
166.2,0.0100751
166.2,0.0100751
166.2,0.0100751
166.2,0.0100751
166.2,0.0100751
166.2,0.0100751
166.8,0.0110861
166.8,0.0110861
166.8,0.0110861
166.8,0.0110861
166.8,0.0110861
166.8,0.0110861
166.8,0.0110861
166.8,0.0110861
166.8,0.0110861
167.4,0.0380118
167.4,0.0380118
167.4,0.0380118
167.4,0.0380118
167.4,0.0380118
167.4,0.0380118
167.4,0.0380118
167.4,0.0380118
167.4,0.0380118
168,0.0592279
168,0.0592279
168,0.0592279
168,0.0592279
168,0.0592279
168,0.0592279
168,0.0592279
168,0.0592279
168,0.0592279
168.6,0.067418
168.6,0.067418
168.6,0.067418
168.6,0.067418
168.6,0.067418
168.6,0.067418
168.6,0.067418
168.6,0.067418
168.6,0.067418
169.2,0.0718227
169.2,0.0718227
169.2,0.0718227
169.2,0.0718227
169.2,0.0718227
169.2,0.0718227
169.2,0.0718227
169.2,0.0718227
169.2,0.0718227
169.8,0.063515
169.8,0.063515
169.8,0.063515
169.8,0.063515
169.8,0.063515
169.8,0.063515
169.8,0.063515
169.8,0.063515
169.8,0.063515
170.4,0.0259852
170.4,0.0259852
170.4,0.0259852
170.4,0.0259852
170.4,0.0259852
170.4,0.0259852
170.4,0.0259852
170.4,0.0259852
170.4,0.0259852
171,0.00246881
171,0.00246881
171,0.00246881
171,0.00246881
171,0.00246881
171,0.00246881
171,0.00246881
171,0.00246881
171,0.00246881
171.6,0.00193586
171.6,0.00193586
171.6,0.00193586
171.6,0.00193586
171.6,0.00193586
171.6,0.00193586
171.6,0.00193586
171.6,0.00193586
171.6,0.00193586
172.2,0.00171249
172.2,0.00171249
172.2,0.00171249
172.2,0.00171249
172.2,0.00171249
172.2,0.00171249
172.2,0.00171249
172.2,0.00171249
172.2,0.00171249
172.8,0.0018183
172.8,0.0018183
172.8,0.0018183
172.8,0.0018183
172.8,0.0018183
172.8,0.0018183
172.8,0.0018183
172.8,0.0018183
172.8,0.0018183
173.4,0.0016929
173.4,0.0016929
173.4,0.0016929
173.4,0.0016929
173.4,0.0016929
173.4,0.0016929
173.4,0.0016929
173.4,0.0016929
173.4,0.0016929
174,0.00233557
174,0.00233557
174,0.00233557
174,0.00233557
174,0.00233557
174,0.00233557
174,0.00233557
174,0.00233557
174,0.00233557
174.6,0.00188883
174.6,0.00188883
174.6,0.00188883
174.6,0.00188883
174.6,0.00188883
174.6,0.00188883
174.6,0.00188883
174.6,0.00188883
174.6,0.00188883
175.2,0.0310795
175.2,0.0310795
175.2,0.0310795
175.2,0.0310795
175.2,0.0310795
175.2,0.0310795
175.2,0.0310795
175.2,0.0310795
175.2,0.0310795
175.8,0.0489098
175.8,0.0489098
175.8,0.0489098
175.8,0.0489098
175.8,0.0489098
175.8,0.0489098
175.8,0.0489098
175.8,0.0489098
175.8,0.0489098
176.4,0.120713
176.4,0.120713
176.4,0.120713
176.4,0.120713
176.4,0.120713
176.4,0.120713
176.4,0.120713
176.4,0.120713
176.4,0.120713
177,0.145307
177,0.145307
177,0.145307
177,0.145307
177,0.145307
177,0.145307
177,0.145307
177,0.145307
177,0.145307
177.6,0.13029
177.6,0.13029
177.6,0.13029
177.6,0.13029
177.6,0.13029
177.6,0.13029
177.6,0.13029
177.6,0.13029
177.6,0.13029
178.2,0.123538
178.2,0.123538
178.2,0.123538
178.2,0.123538
178.2,0.123538
178.2,0.123538
178.2,0.123538
178.2,0.123538
178.2,0.123538
178.8,0.111543
178.8,0.111543
178.8,0.111543
178.8,0.111543
178.8,0.111543
178.8,0.111543
178.8,0.111543
178.8,0.111543
178.8,0.111543
179.4,0.0756004
179.4,0.0756004
179.4,0.0756004
179.4,0.0756004
179.4,0.0756004
179.4,0.0756004
179.4,0.0756004
179.4,0.0756004
179.4,0.0756004
180,0.0376003
180,0.0376003
180,0.0376003
180,0.0376003
180,0.0376003
180,0.0376003
180,0.0376003
180,0.0376003
180,0.0376003
180.6,0.0353431
180.6,0.0353431
180.6,0.0353431
180.6,0.0353431
180.6,0.0353431
180.6,0.0353431
180.6,0.0353431
180.6,0.0353431
180.6,0.0353431
181.2,0.0352099
181.2,0.0352099
181.2,0.0352099
181.2,0.0352099
181.2,0.0352099
181.2,0.0352099
181.2,0.0352099
181.2,0.0352099
181.2,0.0352099
181.8,0.0400025
181.8,0.0400025
181.8,0.0400025
181.8,0.0400025
181.8,0.0400025
181.8,0.0400025
181.8,0.0400025
181.8,0.0400025
181.8,0.0400025
182.4,0.0750165
182.4,0.0750165
182.4,0.0750165
182.4,0.0750165
182.4,0.0750165
182.4,0.0750165
182.4,0.0750165
182.4,0.0750165
182.4,0.0750165
183,0.0814393
183,0.0814393
183,0.0814393
183,0.0814393
183,0.0814393
183,0.0814393
183,0.0814393
183,0.0814393
183,0.0814393
183.6,0.0892454
183.6,0.0892454
183.6,0.0892454
183.6,0.0892454
183.6,0.0892454
183.6,0.0892454
183.6,0.0892454
183.6,0.0892454
183.6,0.0892454
184.2,0.0929486
184.2,0.0929486
184.2,0.0929486
184.2,0.0929486
184.2,0.0929486
184.2,0.0929486
184.2,0.0929486
184.2,0.0929486
184.2,0.0929486
184.8,0.0948218
184.8,0.0948218
184.8,0.0948218
184.8,0.0948218
184.8,0.0948218
184.8,0.0948218
184.8,0.0948218
184.8,0.0948218
184.8,0.0948218
185.4,0.0968556
185.4,0.0968556
185.4,0.0968556
185.4,0.0968556
185.4,0.0968556
185.4,0.0968556
185.4,0.0968556
185.4,0.0968556
185.4,0.0968556
186,0.0968909
186,0.0968909
186,0.0968909
186,0.0968909
186,0.0968909
186,0.0968909
186,0.0968909
186,0.0968909
186,0.0968909
186.6,0.0978157
186.6,0.0978157
186.6,0.0978157
186.6,0.0978157
186.6,0.0978157
186.6,0.0978157
186.6,0.0978157
186.6,0.0978157
186.6,0.0978157
187.2,0.0997555
187.2,0.0997555
187.2,0.0997555
187.2,0.0997555
187.2,0.0997555
187.2,0.0997555
187.2,0.0997555
187.2,0.0997555
187.2,0.0997555
187.8,0.0986543
187.8,0.0986543
187.8,0.0986543
187.8,0.0986543
187.8,0.0986543
187.8,0.0986543
187.8,0.0986543
187.8,0.0986543
187.8,0.0986543
188.4,0.100124
188.4,0.100124
188.4,0.100124
188.4,0.100124
188.4,0.100124
188.4,0.100124
188.4,0.100124
188.4,0.100124
188.4,0.100124
189,0.0996653
189,0.0996653
189,0.0996653
189,0.0996653
189,0.0996653
189,0.0996653
189,0.0996653
189,0.0996653
189,0.0996653
189.6,0.102749
189.6,0.102749
189.6,0.102749
189.6,0.102749
189.6,0.102749
189.6,0.102749
189.6,0.102749
189.6,0.102749
189.6,0.102749
190.2,0.102506
190.2,0.102506
190.2,0.102506
190.2,0.102506
190.2,0.102506
190.2,0.102506
190.2,0.102506
190.2,0.102506
190.2,0.102506
190.8,0.100884
190.8,0.100884
190.8,0.100884
190.8,0.100884
190.8,0.100884
190.8,0.100884
190.8,0.100884
190.8,0.100884
190.8,0.100884
191.4,0.104019
191.4,0.104019
191.4,0.104019
191.4,0.104019
191.4,0.104019
191.4,0.104019
191.4,0.104019
191.4,0.104019
191.4,0.104019
192,0.106821
192,0.106821
192,0.106821
192,0.106821
192,0.106821
192,0.106821
192,0.106821
192,0.106821
192,0.106821
192.6,0.110144
192.6,0.110144
192.6,0.110144
192.6,0.110144
192.6,0.110144
192.6,0.110144
192.6,0.110144
192.6,0.110144
192.6,0.110144
193.2,0.107205
193.2,0.107205
193.2,0.107205
193.2,0.107205
193.2,0.107205
193.2,0.107205
193.2,0.107205
193.2,0.107205
193.2,0.107205
193.8,0.106895
193.8,0.106895
193.8,0.106895
193.8,0.106895
193.8,0.106895
193.8,0.106895
193.8,0.106895
193.8,0.106895
193.8,0.106895
194.4,0.105649
194.4,0.105649
194.4,0.105649
194.4,0.105649
194.4,0.105649
194.4,0.105649
194.4,0.105649
194.4,0.105649
194.4,0.105649
195,0.105798
195,0.105798
195,0.105798
195,0.105798
195,0.105798
195,0.105798
195,0.105798
195,0.105798
195,0.105798
195.6,0.110877
195.6,0.110877
195.6,0.110877
195.6,0.110877
195.6,0.110877
195.6,0.110877
195.6,0.110877
195.6,0.110877
195.6,0.110877
196.2,0.115587
196.2,0.115587
196.2,0.115587
196.2,0.115587
196.2,0.115587
196.2,0.115587
196.2,0.115587
196.2,0.115587
196.2,0.115587
196.8,0.13522
196.8,0.13522
196.8,0.13522
196.8,0.13522
196.8,0.13522
196.8,0.13522
196.8,0.13522
196.8,0.13522
196.8,0.13522
197.4,0.150437
197.4,0.150437
197.4,0.150437
197.4,0.150437
197.4,0.150437
197.4,0.150437
197.4,0.150437
197.4,0.150437
197.4,0.150437
198,0.169297
198,0.169297
198,0.169297
198,0.169297
198,0.169297
198,0.169297
198,0.169297
198,0.169297
198,0.169297
198.6,0.185258
198.6,0.185258
198.6,0.185258
198.6,0.185258
198.6,0.185258
198.6,0.185258
198.6,0.185258
198.6,0.185258
198.6,0.185258
199.2,0.205201
199.2,0.205201
199.2,0.205201
199.2,0.205201
199.2,0.205201
199.2,0.205201
199.2,0.205201
199.2,0.205201
199.2,0.205201
199.8,0.260682
199.8,0.260682
199.8,0.260682
199.8,0.260682
199.8,0.260682
199.8,0.260682
199.8,0.260682
199.8,0.260682
199.8,0.260682
200.4,0.283388
200.4,0.283388
200.4,0.283388
200.4,0.283388
200.4,0.283388
200.4,0.283388
200.4,0.283388
200.4,0.283388
200.4,0.283388
201,0.308033
201,0.308033
201,0.308033
201,0.308033
201,0.308033
201,0.308033
201,0.308033
201,0.308033
201,0.308033
201.6,0.322567
201.6,0.322567
201.6,0.322567
201.6,0.322567
201.6,0.322567
201.6,0.322567
201.6,0.322567
201.6,0.322567
201.6,0.322567
202.2,0.313115
202.2,0.313115
202.2,0.313115
202.2,0.313115
202.2,0.313115
202.2,0.313115
202.2,0.313115
202.2,0.313115
202.2,0.313115
202.8,0.315267
202.8,0.315267
202.8,0.315267
202.8,0.315267
202.8,0.315267
202.8,0.315267
202.8,0.315267
202.8,0.315267
202.8,0.315267
203.4,0.313288
203.4,0.313288
203.4,0.313288
203.4,0.313288
203.4,0.313288
203.4,0.313288
203.4,0.313288
203.4,0.313288
203.4,0.313288
204,0.322352
204,0.322352
204,0.322352
204,0.322352
204,0.322352
204,0.322352
204,0.322352
204,0.322352
204,0.322352
204.6,0.349015
204.6,0.349015
204.6,0.349015
204.6,0.349015
204.6,0.349015
204.6,0.349015
204.6,0.349015
204.6,0.349015
204.6,0.349015
205.2,0.355493
205.2,0.355493
205.2,0.355493
205.2,0.355493
205.2,0.355493
205.2,0.355493
205.2,0.355493
205.2,0.355493
205.2,0.355493
205.8,0.354513
205.8,0.354513
205.8,0.354513
205.8,0.354513
205.8,0.354513
205.8,0.354513
205.8,0.354513
205.8,0.354513
205.8,0.354513
206.4,0.366402
206.4,0.366402
206.4,0.366402
206.4,0.366402
206.4,0.366402
206.4,0.366402
206.4,0.366402
206.4,0.366402
206.4,0.366402
207,0.364568
207,0.364568
207,0.364568
207,0.364568
207,0.364568
207,0.364568
207,0.364568
207,0.364568
207,0.364568
207.6,0.350175
207.6,0.350175
207.6,0.350175
207.6,0.350175
207.6,0.350175
207.6,0.350175
207.6,0.350175
207.6,0.350175
207.6,0.350175
208.2,0.34829
208.2,0.34829
208.2,0.34829
208.2,0.34829
208.2,0.34829
208.2,0.34829
208.2,0.34829
208.2,0.34829
208.2,0.34829
208.8,0.354062
208.8,0.354062
208.8,0.354062
208.8,0.354062
208.8,0.354062
208.8,0.354062
208.8,0.354062
208.8,0.354062
208.8,0.354062
209.4,0.357601
209.4,0.357601
209.4,0.357601
209.4,0.357601
209.4,0.357601
209.4,0.357601
209.4,0.357601
209.4,0.357601
209.4,0.357601
210,0.364553
210,0.364553
210,0.364553
210,0.364553
210,0.364553
210,0.364553
210,0.364553
210,0.364553
210,0.364553
210.6,0.371003
210.6,0.371003
210.6,0.371003
210.6,0.371003
210.6,0.371003
210.6,0.371003
210.6,0.371003
210.6,0.371003
210.6,0.371003
211.2,0.36962
211.2,0.36962
211.2,0.36962
211.2,0.36962
211.2,0.36962
211.2,0.36962
211.2,0.36962
211.2,0.36962
211.2,0.36962
211.8,0.373213
211.8,0.373213
211.8,0.373213
211.8,0.373213
211.8,0.373213
211.8,0.373213
211.8,0.373213
211.8,0.373213
211.8,0.373213
212.4,0.381407
212.4,0.381407
212.4,0.381407
212.4,0.381407
212.4,0.381407
212.4,0.381407
212.4,0.381407
212.4,0.381407
212.4,0.381407
213,0.3966
213,0.3966
213,0.3966
213,0.3966
213,0.3966
213,0.3966
213,0.3966
213,0.3966
213,0.3966
213.6,0.407349
213.6,0.407349
213.6,0.407349
213.6,0.407349
213.6,0.407349
213.6,0.407349
213.6,0.407349
213.6,0.407349
213.6,0.407349
214.2,0.410351
214.2,0.410351
214.2,0.410351
214.2,0.410351
214.2,0.410351
214.2,0.410351
214.2,0.410351
214.2,0.410351
214.2,0.410351
214.8,0.41177
214.8,0.41177
214.8,0.41177
214.8,0.41177
214.8,0.41177
214.8,0.41177
214.8,0.41177
214.8,0.41177
214.8,0.41177
215.4,0.416225
215.4,0.416225
215.4,0.416225
215.4,0.416225
215.4,0.416225
215.4,0.416225
215.4,0.416225
215.4,0.416225
215.4,0.416225
216,0.413459
216,0.413459
216,0.413459
216,0.413459
216,0.413459
216,0.413459
216,0.413459
216,0.413459
216,0.413459
216.6,0.413768
216.6,0.413768
216.6,0.413768
216.6,0.413768
216.6,0.413768
216.6,0.413768
216.6,0.413768
216.6,0.413768
216.6,0.413768
217.2,0.414905
217.2,0.414905
217.2,0.414905
217.2,0.414905
217.2,0.414905
217.2,0.414905
217.2,0.414905
217.2,0.414905
217.2,0.414905
217.8,0.416084
217.8,0.416084
217.8,0.416084
217.8,0.416084
217.8,0.416084
217.8,0.416084
217.8,0.416084
217.8,0.416084
217.8,0.416084
218.4,0.420222
218.4,0.420222
218.4,0.420222
218.4,0.420222
218.4,0.420222
218.4,0.420222
218.4,0.420222
218.4,0.420222
218.4,0.420222
219,0.407596
219,0.407596
219,0.407596
219,0.407596
219,0.407596
219,0.407596
219,0.407596
219,0.407596
219,0.407596
219.6,0.409967
219.6,0.409967
219.6,0.409967
219.6,0.409967
219.6,0.409967
219.6,0.409967
219.6,0.409967
219.6,0.409967
219.6,0.409967
220.2,0.408956
220.2,0.408956
220.2,0.408956
220.2,0.408956
220.2,0.408956
220.2,0.408956
220.2,0.408956
220.2,0.408956
220.2,0.408956
220.8,0.400558
220.8,0.400558
220.8,0.400558
220.8,0.400558
220.8,0.400558
220.8,0.400558
220.8,0.400558
220.8,0.400558
220.8,0.400558
221.4,0.400123
221.4,0.400123
221.4,0.400123
221.4,0.400123
221.4,0.400123
221.4,0.400123
221.4,0.400123
221.4,0.400123
221.4,0.400123
222,0.4028
222,0.4028
222,0.4028
222,0.4028
222,0.4028
222,0.4028
222,0.4028
222,0.4028
222,0.4028
222.6,0.403305
222.6,0.403305
222.6,0.403305
222.6,0.403305
222.6,0.403305
222.6,0.403305
222.6,0.403305
222.6,0.403305
222.6,0.403305
223.2,0.404391
223.2,0.404391
223.2,0.404391
223.2,0.404391
223.2,0.404391
223.2,0.404391
223.2,0.404391
223.2,0.404391
223.2,0.404391
223.8,0.405025
223.8,0.405025
223.8,0.405025
223.8,0.405025
223.8,0.405025
223.8,0.405025
223.8,0.405025
223.8,0.405025
223.8,0.405025
224.4,0.405723
224.4,0.405723
224.4,0.405723
224.4,0.405723
224.4,0.405723
224.4,0.405723
224.4,0.405723
224.4,0.405723
224.4,0.405723
225,0.41119
225,0.41119
225,0.41119
225,0.41119
225,0.41119
225,0.41119
225,0.41119
225,0.41119
225,0.41119
225.6,0.413854
225.6,0.413854
225.6,0.413854
225.6,0.413854
225.6,0.413854
225.6,0.413854
225.6,0.413854
225.6,0.413854
225.6,0.413854
226.2,0.409246
226.2,0.409246
226.2,0.409246
226.2,0.409246
226.2,0.409246
226.2,0.409246
226.2,0.409246
226.2,0.409246
226.2,0.409246
226.8,0.411319
226.8,0.411319
226.8,0.411319
226.8,0.411319
226.8,0.411319
226.8,0.411319
226.8,0.411319
226.8,0.411319
226.8,0.411319
227.4,0.410194
227.4,0.410194
227.4,0.410194
227.4,0.410194
227.4,0.410194
227.4,0.410194
227.4,0.410194
227.4,0.410194
227.4,0.410194
228,0.414136
228,0.414136
228,0.414136
228,0.414136
228,0.414136
228,0.414136
228,0.414136
228,0.414136
228,0.414136
228.6,0.415187
228.6,0.415187
228.6,0.415187
228.6,0.415187
228.6,0.415187
228.6,0.415187
228.6,0.415187
228.6,0.415187
228.6,0.415187
229.2,0.418678
229.2,0.418678
229.2,0.418678
229.2,0.418678
229.2,0.418678
229.2,0.418678
229.2,0.418678
229.2,0.418678
229.2,0.418678
229.8,0.419729
229.8,0.419729
229.8,0.419729
229.8,0.419729
229.8,0.419729
229.8,0.419729
229.8,0.419729
229.8,0.419729
229.8,0.419729
230.4,0.420567
230.4,0.420567
230.4,0.420567
230.4,0.420567
230.4,0.420567
230.4,0.420567
230.4,0.420567
230.4,0.420567
230.4,0.420567
231,0.418988
231,0.418988
231,0.418988
231,0.418988
231,0.418988
231,0.418988
231,0.418988
231,0.418988
231,0.418988
231.6,0.412432
231.6,0.412432
231.6,0.412432
231.6,0.412432
231.6,0.412432
231.6,0.412432
231.6,0.412432
231.6,0.412432
231.6,0.412432
232.2,0.412263
232.2,0.412263
232.2,0.412263
232.2,0.412263
232.2,0.412263
232.2,0.412263
232.2,0.412263
232.2,0.412263
232.2,0.412263
232.8,0.411186
232.8,0.411186
232.8,0.411186
232.8,0.411186
232.8,0.411186
232.8,0.411186
232.8,0.411186
232.8,0.411186
232.8,0.411186
233.4,0.413294
233.4,0.413294
233.4,0.413294
233.4,0.413294
233.4,0.413294
233.4,0.413294
233.4,0.413294
233.4,0.413294
233.4,0.413294
234,0.409955
234,0.409955
234,0.409955
234,0.409955
234,0.409955
234,0.409955
234,0.409955
234,0.409955
234,0.409955
234.6,0.411366
234.6,0.411366
234.6,0.411366
234.6,0.411366
234.6,0.411366
234.6,0.411366
234.6,0.411366
234.6,0.411366
234.6,0.411366
235.2,0.412197
235.2,0.412197
235.2,0.412197
235.2,0.412197
235.2,0.412197
235.2,0.412197
235.2,0.412197
235.2,0.412197
235.2,0.412197
235.8,0.409516
235.8,0.409516
235.8,0.409516
235.8,0.409516
235.8,0.409516
235.8,0.409516
235.8,0.409516
235.8,0.409516
235.8,0.409516
236.4,0.414376
236.4,0.414376
236.4,0.414376
236.4,0.414376
236.4,0.414376
236.4,0.414376
236.4,0.414376
236.4,0.414376
236.4,0.414376
237,0.41929
237,0.41929
237,0.41929
237,0.41929
237,0.41929
237,0.41929
237,0.41929
237,0.41929
237,0.41929
237.6,0.416695
237.6,0.416695
237.6,0.416695
237.6,0.416695
237.6,0.416695
237.6,0.416695
237.6,0.416695
237.6,0.416695
237.6,0.416695
238.2,0.414622
238.2,0.414622
238.2,0.414622
238.2,0.414622
238.2,0.414622
238.2,0.414622
238.2,0.414622
238.2,0.414622
238.2,0.414622
238.8,0.417816
238.8,0.417816
238.8,0.417816
238.8,0.417816
238.8,0.417816
238.8,0.417816
238.8,0.417816
238.8,0.417816
238.8,0.417816
239.4,0.419243
239.4,0.419243
239.4,0.419243
239.4,0.419243
239.4,0.419243
239.4,0.419243
239.4,0.419243
239.4,0.419243
239.4,0.419243
240,0.412906
240,0.412906
240,0.412906
240,0.412906
240,0.412906
240,0.412906
240,0.412906
240,0.412906
240,0.412906
240.6,0.414031
240.6,0.414031
240.6,0.414031
240.6,0.414031
240.6,0.414031
240.6,0.414031
240.6,0.414031
240.6,0.414031
240.6,0.414031
241.2,0.4163
241.2,0.4163
241.2,0.4163
241.2,0.4163
241.2,0.4163
241.2,0.4163
241.2,0.4163
241.2,0.4163
241.2,0.4163
241.8,0.41523
241.8,0.41523
241.8,0.41523
241.8,0.41523
241.8,0.41523
241.8,0.41523
241.8,0.41523
241.8,0.41523
241.8,0.41523
242.4,0.415919
242.4,0.415919
242.4,0.415919
242.4,0.415919
242.4,0.415919
242.4,0.415919
242.4,0.415919
242.4,0.415919
242.4,0.415919
243,0.411589
243,0.411589
243,0.411589
243,0.411589
243,0.411589
243,0.411589
243,0.411589
243,0.411589
243,0.411589
243.6,0.415065
243.6,0.415065
243.6,0.415065
243.6,0.415065
243.6,0.415065
243.6,0.415065
243.6,0.415065
243.6,0.415065
243.6,0.415065
244.2,0.416127
244.2,0.416127
244.2,0.416127
244.2,0.416127
244.2,0.416127
244.2,0.416127
244.2,0.416127
244.2,0.416127
244.2,0.416127
244.8,0.41137
244.8,0.41137
244.8,0.41137
244.8,0.41137
244.8,0.41137
244.8,0.41137
244.8,0.41137
244.8,0.41137
244.8,0.41137
245.4,0.416092
245.4,0.416092
245.4,0.416092
245.4,0.416092
245.4,0.416092
245.4,0.416092
245.4,0.416092
245.4,0.416092
245.4,0.416092
246,0.421351
246,0.421351
246,0.421351
246,0.421351
246,0.421351
246,0.421351
246,0.421351
246,0.421351
246,0.421351
246.6,0.416064
246.6,0.416064
246.6,0.416064
246.6,0.416064
246.6,0.416064
246.6,0.416064
246.6,0.416064
246.6,0.416064
246.6,0.416064
247.2,0.418228
247.2,0.418228
247.2,0.418228
247.2,0.418228
247.2,0.418228
247.2,0.418228
247.2,0.418228
247.2,0.418228
247.2,0.418228
247.8,0.419928
247.8,0.419928
247.8,0.419928
247.8,0.419928
247.8,0.419928
247.8,0.419928
247.8,0.419928
247.8,0.419928
247.8,0.419928
248.4,0.419007
248.4,0.419007
248.4,0.419007
248.4,0.419007
248.4,0.419007
248.4,0.419007
248.4,0.419007
248.4,0.419007
248.4,0.419007
249,0.419
249,0.419
249,0.419
249,0.419
249,0.419
249,0.419
249,0.419
249,0.419
249,0.419
249.6,0.414716
249.6,0.414716
249.6,0.414716
249.6,0.414716
249.6,0.414716
249.6,0.414716
249.6,0.414716
249.6,0.414716
249.6,0.414716
250.2,0.414736
250.2,0.414736
250.2,0.414736
250.2,0.414736
250.2,0.414736
250.2,0.414736
250.2,0.414736
250.2,0.414736
250.2,0.414736
250.8,0.412718
250.8,0.412718
250.8,0.412718
250.8,0.412718
250.8,0.412718
250.8,0.412718
250.8,0.412718
250.8,0.412718
250.8,0.412718
251.4,0.402482
251.4,0.402482
251.4,0.402482
251.4,0.402482
251.4,0.402482
251.4,0.402482
251.4,0.402482
251.4,0.402482
251.4,0.402482
252,0.413411
252,0.413411
252,0.413411
252,0.413411
252,0.413411
252,0.413411
252,0.413411
252,0.413411
252,0.413411
252.6,0.425705
252.6,0.425705
252.6,0.425705
252.6,0.425705
252.6,0.425705
252.6,0.425705
252.6,0.425705
252.6,0.425705
252.6,0.425705
253.2,0.429576
253.2,0.429576
253.2,0.429576
253.2,0.429576
253.2,0.429576
253.2,0.429576
253.2,0.429576
253.2,0.429576
253.2,0.429576
253.8,0.433644
253.8,0.433644
253.8,0.433644
253.8,0.433644
253.8,0.433644
253.8,0.433644
253.8,0.433644
253.8,0.433644
253.8,0.433644
254.4,0.435631
254.4,0.435631
254.4,0.435631
254.4,0.435631
254.4,0.435631
254.4,0.435631
254.4,0.435631
254.4,0.435631
254.4,0.435631
255,0.44375
255,0.44375
255,0.44375
255,0.44375
255,0.44375
255,0.44375
255,0.44375
255,0.44375
255,0.44375
255.6,0.445878
255.6,0.445878
255.6,0.445878
255.6,0.445878
255.6,0.445878
255.6,0.445878
255.6,0.445878
255.6,0.445878
255.6,0.445878
256.2,0.44676
256.2,0.44676
256.2,0.44676
256.2,0.44676
256.2,0.44676
256.2,0.44676
256.2,0.44676
256.2,0.44676
256.2,0.44676
256.8,0.444107
256.8,0.444107
256.8,0.444107
256.8,0.444107
256.8,0.444107
256.8,0.444107
256.8,0.444107
256.8,0.444107
256.8,0.444107
257.4,0.44553
257.4,0.44553
257.4,0.44553
257.4,0.44553
257.4,0.44553
257.4,0.44553
257.4,0.44553
257.4,0.44553
257.4,0.44553
258,0.441956
258,0.441956
258,0.441956
258,0.441956
258,0.441956
258,0.441956
258,0.441956
258,0.441956
258,0.441956
258.6,0.444953
258.6,0.444953
258.6,0.444953
258.6,0.444953
258.6,0.444953
258.6,0.444953
258.6,0.444953
258.6,0.444953
258.6,0.444953
259.2,0.444048
259.2,0.444048
259.2,0.444048
259.2,0.444048
259.2,0.444048
259.2,0.444048
259.2,0.444048
259.2,0.444048
259.2,0.444048
259.8,0.435964
259.8,0.435964
259.8,0.435964
259.8,0.435964
259.8,0.435964
259.8,0.435964
259.8,0.435964
259.8,0.435964
259.8,0.435964
260.4,0.440192
260.4,0.440192
260.4,0.440192
260.4,0.440192
260.4,0.440192
260.4,0.440192
260.4,0.440192
260.4,0.440192
260.4,0.440192
261,0.442073
261,0.442073
261,0.442073
261,0.442073
261,0.442073
261,0.442073
261,0.442073
261,0.442073
261,0.442073
261.6,0.440764
261.6,0.440764
261.6,0.440764
261.6,0.440764
261.6,0.440764
261.6,0.440764
261.6,0.440764
261.6,0.440764
261.6,0.440764
262.2,0.440588
262.2,0.440588
262.2,0.440588
262.2,0.440588
262.2,0.440588
262.2,0.440588
262.2,0.440588
262.2,0.440588
262.2,0.440588
262.8,0.438848
262.8,0.438848
262.8,0.438848
262.8,0.438848
262.8,0.438848
262.8,0.438848
262.8,0.438848
262.8,0.438848
262.8,0.438848
263.4,0.441144
263.4,0.441144
263.4,0.441144
263.4,0.441144
263.4,0.441144
263.4,0.441144
263.4,0.441144
263.4,0.441144
263.4,0.441144
264,0.438789
264,0.438789
264,0.438789
264,0.438789
264,0.438789
264,0.438789
264,0.438789
264,0.438789
264,0.438789
264.6,0.438538
264.6,0.438538
264.6,0.438538
264.6,0.438538
264.6,0.438538
264.6,0.438538
264.6,0.438538
264.6,0.438538
264.6,0.438538
265.2,0.438268
265.2,0.438268
265.2,0.438268
265.2,0.438268
265.2,0.438268
265.2,0.438268
265.2,0.438268
265.2,0.438268
265.2,0.438268
265.8,0.435012
265.8,0.435012
265.8,0.435012
265.8,0.435012
265.8,0.435012
265.8,0.435012
265.8,0.435012
265.8,0.435012
265.8,0.435012
266.4,0.437853
266.4,0.437853
266.4,0.437853
266.4,0.437853
266.4,0.437853
266.4,0.437853
266.4,0.437853
266.4,0.437853
266.4,0.437853
267,0.439079
267,0.439079
267,0.439079
267,0.439079
267,0.439079
267,0.439079
267,0.439079
267,0.439079
267,0.439079
267.6,0.439416
267.6,0.439416
267.6,0.439416
267.6,0.439416
267.6,0.439416
267.6,0.439416
267.6,0.439416
267.6,0.439416
267.6,0.439416
268.2,0.431645
268.2,0.431645
268.2,0.431645
268.2,0.431645
268.2,0.431645
268.2,0.431645
268.2,0.431645
268.2,0.431645
268.2,0.431645
268.8,0.432786
268.8,0.432786
268.8,0.432786
268.8,0.432786
268.8,0.432786
268.8,0.432786
268.8,0.432786
268.8,0.432786
268.8,0.432786
269.4,0.433762
269.4,0.433762
269.4,0.433762
269.4,0.433762
269.4,0.433762
269.4,0.433762
269.4,0.433762
269.4,0.433762
269.4,0.433762
270,0.437183
270,0.437183
270,0.437183
270,0.437183
270,0.437183
270,0.437183
270,0.437183
270,0.437183
270,0.437183
270.6,0.438464
270.6,0.438464
270.6,0.438464
270.6,0.438464
270.6,0.438464
270.6,0.438464
270.6,0.438464
270.6,0.438464
270.6,0.438464
271.2,0.435298
271.2,0.435298
271.2,0.435298
271.2,0.435298
271.2,0.435298
271.2,0.435298
271.2,0.435298
271.2,0.435298
271.2,0.435298
271.8,0.432386
271.8,0.432386
271.8,0.432386
271.8,0.432386
271.8,0.432386
271.8,0.432386
271.8,0.432386
271.8,0.432386
271.8,0.432386
272.4,0.438233
272.4,0.438233
272.4,0.438233
272.4,0.438233
272.4,0.438233
272.4,0.438233
272.4,0.438233
272.4,0.438233
272.4,0.438233
273,0.435494
273,0.435494
273,0.435494
273,0.435494
273,0.435494
273,0.435494
273,0.435494
273,0.435494
273,0.435494
273.6,0.439071
273.6,0.439071
273.6,0.439071
273.6,0.439071
273.6,0.439071
273.6,0.439071
273.6,0.439071
273.6,0.439071
273.6,0.439071
274.2,0.439357
274.2,0.439357
274.2,0.439357
274.2,0.439357
274.2,0.439357
274.2,0.439357
274.2,0.439357
274.2,0.439357
274.2,0.439357
274.8,0.436638
274.8,0.436638
274.8,0.436638
274.8,0.436638
274.8,0.436638
274.8,0.436638
274.8,0.436638
274.8,0.436638
274.8,0.436638
275.4,0.439557
275.4,0.439557
275.4,0.439557
275.4,0.439557
275.4,0.439557
275.4,0.439557
275.4,0.439557
275.4,0.439557
275.4,0.439557
276,0.441862
276,0.441862
276,0.441862
276,0.441862
276,0.441862
276,0.441862
276,0.441862
276,0.441862
276,0.441862
276.6,0.448641
276.6,0.448641
276.6,0.448641
276.6,0.448641
276.6,0.448641
276.6,0.448641
276.6,0.448641
276.6,0.448641
276.6,0.448641
277.2,0.453034
277.2,0.453034
277.2,0.453034
277.2,0.453034
277.2,0.453034
277.2,0.453034
277.2,0.453034
277.2,0.453034
277.2,0.453034
277.8,0.458038
277.8,0.458038
277.8,0.458038
277.8,0.458038
277.8,0.458038
277.8,0.458038
277.8,0.458038
277.8,0.458038
277.8,0.458038
278.4,0.473482
278.4,0.473482
278.4,0.473482
278.4,0.473482
278.4,0.473482
278.4,0.473482
278.4,0.473482
278.4,0.473482
278.4,0.473482
279,0.462545
279,0.462545
279,0.462545
279,0.462545
279,0.462545
279,0.462545
279,0.462545
279,0.462545
279,0.462545
279.6,0.451529
279.6,0.451529
279.6,0.451529
279.6,0.451529
279.6,0.451529
279.6,0.451529
279.6,0.451529
279.6,0.451529
279.6,0.451529
280.2,0.446341
280.2,0.446341
280.2,0.446341
280.2,0.446341
280.2,0.446341
280.2,0.446341
280.2,0.446341
280.2,0.446341
280.2,0.446341
280.8,0.44629
280.8,0.44629
280.8,0.44629
280.8,0.44629
280.8,0.44629
280.8,0.44629
280.8,0.44629
280.8,0.44629
280.8,0.44629
281.4,0.428949
281.4,0.428949
281.4,0.428949
281.4,0.428949
281.4,0.428949
281.4,0.428949
281.4,0.428949
281.4,0.428949
281.4,0.428949
282,0.406573
282,0.406573
282,0.406573
282,0.406573
282,0.406573
282,0.406573
282,0.406573
282,0.406573
282,0.406573
282.6,0.395381
282.6,0.395381
282.6,0.395381
282.6,0.395381
282.6,0.395381
282.6,0.395381
282.6,0.395381
282.6,0.395381
282.6,0.395381
283.2,0.366524
283.2,0.366524
283.2,0.366524
283.2,0.366524
283.2,0.366524
283.2,0.366524
283.2,0.366524
283.2,0.366524
283.2,0.366524
283.8,0.365595
283.8,0.365595
283.8,0.365595
283.8,0.365595
283.8,0.365595
283.8,0.365595
283.8,0.365595
283.8,0.365595
283.8,0.365595
284.4,0.353909
284.4,0.353909
284.4,0.353909
284.4,0.353909
284.4,0.353909
284.4,0.353909
284.4,0.353909
284.4,0.353909
284.4,0.353909
285,0.345104
285,0.345104
285,0.345104
285,0.345104
285,0.345104
285,0.345104
285,0.345104
285,0.345104
285,0.345104
285.6,0.336769
285.6,0.336769
285.6,0.336769
285.6,0.336769
285.6,0.336769
285.6,0.336769
285.6,0.336769
285.6,0.336769
285.6,0.336769
286.2,0.328022
286.2,0.328022
286.2,0.328022
286.2,0.328022
286.2,0.328022
286.2,0.328022
286.2,0.328022
286.2,0.328022
286.2,0.328022
286.8,0.337474
286.8,0.337474
286.8,0.337474
286.8,0.337474
286.8,0.337474
286.8,0.337474
286.8,0.337474
286.8,0.337474
286.8,0.337474
287.4,0.334657
287.4,0.334657
287.4,0.334657
287.4,0.334657
287.4,0.334657
287.4,0.334657
287.4,0.334657
287.4,0.334657
287.4,0.334657
288,0.319609
288,0.319609
288,0.319609
288,0.319609
288,0.319609
288,0.319609
288,0.319609
288,0.319609
288,0.319609
288.6,0.27526
288.6,0.27526
288.6,0.27526
288.6,0.27526
288.6,0.27526
288.6,0.27526
288.6,0.27526
288.6,0.27526
288.6,0.27526
289.2,0.261725
289.2,0.261725
289.2,0.261725
289.2,0.261725
289.2,0.261725
289.2,0.261725
289.2,0.261725
289.2,0.261725
289.2,0.261725
289.8,0.274108
289.8,0.274108
289.8,0.274108
289.8,0.274108
289.8,0.274108
289.8,0.274108
289.8,0.274108
289.8,0.274108
289.8,0.274108
290.4,0.274547
290.4,0.274547
290.4,0.274547
290.4,0.274547
290.4,0.274547
290.4,0.274547
290.4,0.274547
290.4,0.274547
290.4,0.274547
291,0.279465
291,0.279465
291,0.279465
291,0.279465
291,0.279465
291,0.279465
291,0.279465
291,0.279465
291,0.279465
291.6,0.272717
291.6,0.272717
291.6,0.272717
291.6,0.272717
291.6,0.272717
291.6,0.272717
291.6,0.272717
291.6,0.272717
291.6,0.272717
292.2,0.267097
292.2,0.267097
292.2,0.267097
292.2,0.267097
292.2,0.267097
292.2,0.267097
292.2,0.267097
292.2,0.267097
292.2,0.267097
292.8,0.247888
292.8,0.247888
292.8,0.247888
292.8,0.247888
292.8,0.247888
292.8,0.247888
292.8,0.247888
292.8,0.247888
292.8,0.247888
293.4,0.235093
293.4,0.235093
293.4,0.235093
293.4,0.235093
293.4,0.235093
293.4,0.235093
293.4,0.235093
293.4,0.235093
293.4,0.235093
294,0.247845
294,0.247845
294,0.247845
294,0.247845
294,0.247845
294,0.247845
294,0.247845
294,0.247845
294,0.247845
294.6,0.273332
294.6,0.273332
294.6,0.273332
294.6,0.273332
294.6,0.273332
294.6,0.273332
294.6,0.273332
294.6,0.273332
294.6,0.273332
295.2,0.290931
295.2,0.290931
295.2,0.290931
295.2,0.290931
295.2,0.290931
295.2,0.290931
295.2,0.290931
295.2,0.290931
295.2,0.290931
295.8,0.314722
295.8,0.314722
295.8,0.314722
295.8,0.314722
295.8,0.314722
295.8,0.314722
295.8,0.314722
295.8,0.314722
295.8,0.314722
296.4,0.303169
296.4,0.303169
296.4,0.303169
296.4,0.303169
296.4,0.303169
296.4,0.303169
296.4,0.303169
296.4,0.303169
296.4,0.303169
297,0.31426
297,0.31426
297,0.31426
297,0.31426
297,0.31426
297,0.31426
297,0.31426
297,0.31426
297,0.31426
297.6,0.288435
297.6,0.288435
297.6,0.288435
297.6,0.288435
297.6,0.288435
297.6,0.288435
297.6,0.288435
297.6,0.288435
297.6,0.288435
298.2,0.273336
298.2,0.273336
298.2,0.273336
298.2,0.273336
298.2,0.273336
298.2,0.273336
298.2,0.273336
298.2,0.273336
298.2,0.273336
298.8,0.253519
298.8,0.253519
298.8,0.253519
298.8,0.253519
298.8,0.253519
298.8,0.253519
298.8,0.253519
298.8,0.253519
298.8,0.253519
299.4,0.24625
299.4,0.24625
299.4,0.24625
299.4,0.24625
299.4,0.24625
299.4,0.24625
299.4,0.24625
299.4,0.24625
299.4,0.24625
300,0.252696
300,0.252696
300,0.252696
300,0.252696
300,0.252696
300,0.252696
300,0.252696
300,0.252696
300,0.252696
300.6,0.254953
300.6,0.254953
300.6,0.254953
300.6,0.254953
300.6,0.254953
300.6,0.254953
300.6,0.254953
300.6,0.254953
300.6,0.254953
301.2,0.279575
301.2,0.279575
301.2,0.279575
301.2,0.279575
301.2,0.279575
301.2,0.279575
301.2,0.279575
301.2,0.279575
301.2,0.279575
301.8,0.29632
301.8,0.29632
301.8,0.29632
301.8,0.29632
301.8,0.29632
301.8,0.29632
301.8,0.29632
301.8,0.29632
301.8,0.29632
302.4,0.308981
302.4,0.308981
302.4,0.308981
302.4,0.308981
302.4,0.308981
302.4,0.308981
302.4,0.308981
302.4,0.308981
302.4,0.308981
303,0.305627
303,0.305627
303,0.305627
303,0.305627
303,0.305627
303,0.305627
303,0.305627
303,0.305627
303,0.305627
303.6,0.288917
303.6,0.288917
303.6,0.288917
303.6,0.288917
303.6,0.288917
303.6,0.288917
303.6,0.288917
303.6,0.288917
303.6,0.288917
304.2,0.325839
304.2,0.325839
304.2,0.325839
304.2,0.325839
304.2,0.325839
304.2,0.325839
304.2,0.325839
304.2,0.325839
304.2,0.325839
304.8,0.339234
304.8,0.339234
304.8,0.339234
304.8,0.339234
304.8,0.339234
304.8,0.339234
304.8,0.339234
304.8,0.339234
304.8,0.339234
305.4,0.321905
305.4,0.321905
305.4,0.321905
305.4,0.321905
305.4,0.321905
305.4,0.321905
305.4,0.321905
305.4,0.321905
305.4,0.321905
306,0.331208
306,0.331208
306,0.331208
306,0.331208
306,0.331208
306,0.331208
306,0.331208
306,0.331208
306,0.331208
306.6,0.299286
306.6,0.299286
306.6,0.299286
306.6,0.299286
306.6,0.299286
306.6,0.299286
306.6,0.299286
306.6,0.299286
306.6,0.299286
307.2,0.275448
307.2,0.275448
307.2,0.275448
307.2,0.275448
307.2,0.275448
307.2,0.275448
307.2,0.275448
307.2,0.275448
307.2,0.275448
307.8,0.24413
307.8,0.24413
307.8,0.24413
307.8,0.24413
307.8,0.24413
307.8,0.24413
307.8,0.24413
307.8,0.24413
307.8,0.24413
308.4,0.224164
308.4,0.224164
308.4,0.224164
308.4,0.224164
308.4,0.224164
308.4,0.224164
308.4,0.224164
308.4,0.224164
308.4,0.224164
309,0.250815
309,0.250815
309,0.250815
309,0.250815
309,0.250815
309,0.250815
309,0.250815
309,0.250815
309,0.250815
309.6,0.249534
309.6,0.249534
309.6,0.249534
309.6,0.249534
309.6,0.249534
309.6,0.249534
309.6,0.249534
309.6,0.249534
309.6,0.249534
310.2,0.254123
310.2,0.254123
310.2,0.254123
310.2,0.254123
310.2,0.254123
310.2,0.254123
310.2,0.254123
310.2,0.254123
310.2,0.254123
310.8,0.224301
310.8,0.224301
310.8,0.224301
310.8,0.224301
310.8,0.224301
310.8,0.224301
310.8,0.224301
310.8,0.224301
310.8,0.224301
311.4,0.182343
311.4,0.182343
311.4,0.182343
311.4,0.182343
311.4,0.182343
311.4,0.182343
311.4,0.182343
311.4,0.182343
311.4,0.182343
312,0.162095
312,0.162095
312,0.162095
312,0.162095
312,0.162095
312,0.162095
312,0.162095
312,0.162095
312,0.162095
312.6,0.172072
312.6,0.172072
312.6,0.172072
312.6,0.172072
312.6,0.172072
312.6,0.172072
312.6,0.172072
312.6,0.172072
312.6,0.172072
313.2,0.15791
313.2,0.15791
313.2,0.15791
313.2,0.15791
313.2,0.15791
313.2,0.15791
313.2,0.15791
313.2,0.15791
313.2,0.15791
313.8,0.175818
313.8,0.175818
313.8,0.175818
313.8,0.175818
313.8,0.175818
313.8,0.175818
313.8,0.175818
313.8,0.175818
313.8,0.175818
314.4,0.21932
314.4,0.21932
314.4,0.21932
314.4,0.21932
314.4,0.21932
314.4,0.21932
314.4,0.21932
314.4,0.21932
314.4,0.21932
315,0.239937
315,0.239937
315,0.239937
315,0.239937
315,0.239937
315,0.239937
315,0.239937
315,0.239937
315,0.239937
315.6,0.229372
315.6,0.229372
315.6,0.229372
315.6,0.229372
315.6,0.229372
315.6,0.229372
315.6,0.229372
315.6,0.229372
315.6,0.229372
316.2,0.204159
316.2,0.204159
316.2,0.204159
316.2,0.204159
316.2,0.204159
316.2,0.204159
316.2,0.204159
316.2,0.204159
316.2,0.204159
316.8,0.17052
316.8,0.17052
316.8,0.17052
316.8,0.17052
316.8,0.17052
316.8,0.17052
316.8,0.17052
316.8,0.17052
316.8,0.17052
317.4,0.125274
317.4,0.125274
317.4,0.125274
317.4,0.125274
317.4,0.125274
317.4,0.125274
317.4,0.125274
317.4,0.125274
317.4,0.125274
318,0.0863691
318,0.0863691
318,0.0863691
318,0.0863691
318,0.0863691
318,0.0863691
318,0.0863691
318,0.0863691
318,0.0863691
318.6,0.0398849
318.6,0.0398849
318.6,0.0398849
318.6,0.0398849
318.6,0.0398849
318.6,0.0398849
318.6,0.0398849
318.6,0.0398849
318.6,0.0398849
319.2,0.00813531
319.2,0.00813531
319.2,0.00813531
319.2,0.00813531
319.2,0.00813531
319.2,0.00813531
319.2,0.00813531
319.2,0.00813531
319.2,0.00813531
319.8,0.00105022
319.8,0.00105022
319.8,0.00105022
319.8,0.00105022
319.8,0.00105022
319.8,0.00105022
319.8,0.00105022
319.8,0.00105022
319.8,0.00105022
320.4,0.000705373
320.4,0.000705373
320.4,0.000705373
320.4,0.000705373
320.4,0.000705373
320.4,0.000705373
320.4,0.000705373
320.4,0.000705373
320.4,0.000705373
321,0.00090131
321,0.00090131
321,0.00090131
321,0.00090131
321,0.00090131
321,0.00090131
321,0.00090131
321,0.00090131
321,0.00090131
321.6,0.00158709
321.6,0.00158709
321.6,0.00158709
321.6,0.00158709
321.6,0.00158709
321.6,0.00158709
321.6,0.00158709
321.6,0.00158709
321.6,0.00158709
322.2,0.00202991
322.2,0.00202991
322.2,0.00202991
322.2,0.00202991
322.2,0.00202991
322.2,0.00202991
322.2,0.00202991
322.2,0.00202991
322.2,0.00202991
322.8,0.00240219
322.8,0.00240219
322.8,0.00240219
322.8,0.00240219
322.8,0.00240219
322.8,0.00240219
322.8,0.00240219
322.8,0.00240219
322.8,0.00240219
323.4,0.00252759
323.4,0.00252759
323.4,0.00252759
323.4,0.00252759
323.4,0.00252759
323.4,0.00252759
323.4,0.00252759
323.4,0.00252759
323.4,0.00252759
324,0.00324472
324,0.00324472
324,0.00324472
324,0.00324472
324,0.00324472
324,0.00324472
324,0.00324472
324,0.00324472
324,0.00324472
324.6,0.00315459
324.6,0.00315459
324.6,0.00315459
324.6,0.00315459
324.6,0.00315459
324.6,0.00315459
324.6,0.00315459
324.6,0.00315459
324.6,0.00315459
325.2,0.00262164
325.2,0.00262164
325.2,0.00262164
325.2,0.00262164
325.2,0.00262164
325.2,0.00262164
325.2,0.00262164
325.2,0.00262164
325.2,0.00262164
325.8,0.00245313
325.8,0.00245313
325.8,0.00245313
325.8,0.00245313
325.8,0.00245313
325.8,0.00245313
325.8,0.00245313
325.8,0.00245313
325.8,0.00245313
326.4,0.00196721
326.4,0.00196721
326.4,0.00196721
326.4,0.00196721
326.4,0.00196721
326.4,0.00196721
326.4,0.00196721
326.4,0.00196721
326.4,0.00196721
327,0.00183397
327,0.00183397
327,0.00183397
327,0.00183397
327,0.00183397
327,0.00183397
327,0.00183397
327,0.00183397
327,0.00183397
327.6,0.00188883
327.6,0.00188883
327.6,0.00188883
327.6,0.00188883
327.6,0.00188883
327.6,0.00188883
327.6,0.00188883
327.6,0.00188883
327.6,0.00188883
328.2,0.0397008
328.2,0.0397008
328.2,0.0397008
328.2,0.0397008
328.2,0.0397008
328.2,0.0397008
328.2,0.0397008
328.2,0.0397008
328.2,0.0397008
328.8,0.0964637
328.8,0.0964637
328.8,0.0964637
328.8,0.0964637
328.8,0.0964637
328.8,0.0964637
328.8,0.0964637
328.8,0.0964637
328.8,0.0964637
329.4,0.101245
329.4,0.101245
329.4,0.101245
329.4,0.101245
329.4,0.101245
329.4,0.101245
329.4,0.101245
329.4,0.101245
329.4,0.101245
330,0.0839825
330,0.0839825
330,0.0839825
330,0.0839825
330,0.0839825
330,0.0839825
330,0.0839825
330,0.0839825
330,0.0839825
330.6,0.0690952
330.6,0.0690952
330.6,0.0690952
330.6,0.0690952
330.6,0.0690952
330.6,0.0690952
330.6,0.0690952
330.6,0.0690952
330.6,0.0690952
331.2,0.0522015
331.2,0.0522015
331.2,0.0522015
331.2,0.0522015
331.2,0.0522015
331.2,0.0522015
331.2,0.0522015
331.2,0.0522015
331.2,0.0522015
331.8,0.074413
331.8,0.074413
331.8,0.074413
331.8,0.074413
331.8,0.074413
331.8,0.074413
331.8,0.074413
331.8,0.074413
331.8,0.074413
332.4,0.0827129
332.4,0.0827129
332.4,0.0827129
332.4,0.0827129
332.4,0.0827129
332.4,0.0827129
332.4,0.0827129
332.4,0.0827129
332.4,0.0827129
333,0.0866434
333,0.0866434
333,0.0866434
333,0.0866434
333,0.0866434
333,0.0866434
333,0.0866434
333,0.0866434
333,0.0866434
333.6,0.0665716
333.6,0.0665716
333.6,0.0665716
333.6,0.0665716
333.6,0.0665716
333.6,0.0665716
333.6,0.0665716
333.6,0.0665716
333.6,0.0665716
334.2,0.0237084
334.2,0.0237084
334.2,0.0237084
334.2,0.0237084
334.2,0.0237084
334.2,0.0237084
334.2,0.0237084
334.2,0.0237084
334.2,0.0237084
334.8,0.00953038
334.8,0.00953038
334.8,0.00953038
334.8,0.00953038
334.8,0.00953038
334.8,0.00953038
334.8,0.00953038
334.8,0.00953038
334.8,0.00953038
335.4,0.00902094
335.4,0.00902094
335.4,0.00902094
335.4,0.00902094
335.4,0.00902094
335.4,0.00902094
335.4,0.00902094
335.4,0.00902094
335.4,0.00902094
336,0.00997711
336,0.00997711
336,0.00997711
336,0.00997711
336,0.00997711
336,0.00997711
336,0.00997711
336,0.00997711
336,0.00997711
336.6,0.0178342
336.6,0.0178342
336.6,0.0178342
336.6,0.0178342
336.6,0.0178342
336.6,0.0178342
336.6,0.0178342
336.6,0.0178342
336.6,0.0178342
337.2,0.0323061
337.2,0.0323061
337.2,0.0323061
337.2,0.0323061
337.2,0.0323061
337.2,0.0323061
337.2,0.0323061
337.2,0.0323061
337.2,0.0323061
337.8,0.0708743
337.8,0.0708743
337.8,0.0708743
337.8,0.0708743
337.8,0.0708743
337.8,0.0708743
337.8,0.0708743
337.8,0.0708743
337.8,0.0708743
338.4,0.103173
338.4,0.103173
338.4,0.103173
338.4,0.103173
338.4,0.103173
338.4,0.103173
338.4,0.103173
338.4,0.103173
338.4,0.103173
339,0.0857656
339,0.0857656
339,0.0857656
339,0.0857656
339,0.0857656
339,0.0857656
339,0.0857656
339,0.0857656
339,0.0857656
339.6,0.0697301
339.6,0.0697301
339.6,0.0697301
339.6,0.0697301
339.6,0.0697301
339.6,0.0697301
339.6,0.0697301
339.6,0.0697301
339.6,0.0697301
340.2,0.0481496
340.2,0.0481496
340.2,0.0481496
340.2,0.0481496
340.2,0.0481496
340.2,0.0481496
340.2,0.0481496
340.2,0.0481496
340.2,0.0481496
340.8,0.0348807
340.8,0.0348807
340.8,0.0348807
340.8,0.0348807
340.8,0.0348807
340.8,0.0348807
340.8,0.0348807
340.8,0.0348807
340.8,0.0348807
341.4,0.00157142
341.4,0.00157142
341.4,0.00157142
341.4,0.00157142
341.4,0.00157142
341.4,0.00157142
341.4,0.00157142
341.4,0.00157142
341.4,0.00157142
342,0.0015048
342,0.0015048
342,0.0015048
342,0.0015048
342,0.0015048
342,0.0015048
342,0.0015048
342,0.0015048
342,0.0015048
342.6,0.00277447
342.6,0.00277447
342.6,0.00277447
342.6,0.00277447
342.6,0.00277447
342.6,0.00277447
342.6,0.00277447
342.6,0.00277447
342.6,0.00277447
343.2,0.00270001
343.2,0.00270001
343.2,0.00270001
343.2,0.00270001
343.2,0.00270001
343.2,0.00270001
343.2,0.00270001
343.2,0.00270001
343.2,0.00270001
343.8,0.00249624
343.8,0.00249624
343.8,0.00249624
343.8,0.00249624
343.8,0.00249624
343.8,0.00249624
343.8,0.00249624
343.8,0.00249624
343.8,0.00249624
344.4,0.00253934
344.4,0.00253934
344.4,0.00253934
344.4,0.00253934
344.4,0.00253934
344.4,0.00253934
344.4,0.00253934
344.4,0.00253934
344.4,0.00253934
345,0.00260596
345,0.00260596
345,0.00260596
345,0.00260596
345,0.00260596
345,0.00260596
345,0.00260596
345,0.00260596
345,0.00260596
345.6,0.00295865
345.6,0.00295865
345.6,0.00295865
345.6,0.00295865
345.6,0.00295865
345.6,0.00295865
345.6,0.00295865
345.6,0.00295865
345.6,0.00295865
346.2,0.00289203
346.2,0.00289203
346.2,0.00289203
346.2,0.00289203
346.2,0.00289203
346.2,0.00289203
346.2,0.00289203
346.2,0.00289203
346.2,0.00289203
346.8,0.00246097
346.8,0.00246097
346.8,0.00246097
346.8,0.00246097
346.8,0.00246097
346.8,0.00246097
346.8,0.00246097
346.8,0.00246097
346.8,0.00246097
347.4,0.00250016
347.4,0.00250016
347.4,0.00250016
347.4,0.00250016
347.4,0.00250016
347.4,0.00250016
347.4,0.00250016
347.4,0.00250016
347.4,0.00250016
348,0.00256678
348,0.00256678
348,0.00256678
348,0.00256678
348,0.00256678
348,0.00256678
348,0.00256678
348,0.00256678
348,0.00256678
348.6,0.00229638
348.6,0.00229638
348.6,0.00229638
348.6,0.00229638
348.6,0.00229638
348.6,0.00229638
348.6,0.00229638
348.6,0.00229638
348.6,0.00229638
349.2,0.00202599
349.2,0.00202599
349.2,0.00202599
349.2,0.00202599
349.2,0.00202599
349.2,0.00202599
349.2,0.00202599
349.2,0.00202599
349.2,0.00202599
349.8,0.00229638
349.8,0.00229638
349.8,0.00229638
349.8,0.00229638
349.8,0.00229638
349.8,0.00229638
349.8,0.00229638
349.8,0.00229638
349.8,0.00229638
350.4,0.00247273
350.4,0.00247273
350.4,0.00247273
350.4,0.00247273
350.4,0.00247273
350.4,0.00247273
350.4,0.00247273
350.4,0.00247273
350.4,0.00247273
351,0.0532635
351,0.0532635
351,0.0532635
351,0.0532635
351,0.0532635
351,0.0532635
351,0.0532635
351,0.0532635
351,0.0532635
351.6,0.0574448
351.6,0.0574448
351.6,0.0574448
351.6,0.0574448
351.6,0.0574448
351.6,0.0574448
351.6,0.0574448
351.6,0.0574448
351.6,0.0574448
352.2,0.0601879
352.2,0.0601879
352.2,0.0601879
352.2,0.0601879
352.2,0.0601879
352.2,0.0601879
352.2,0.0601879
352.2,0.0601879
352.2,0.0601879
352.8,0.0881482
352.8,0.0881482
352.8,0.0881482
352.8,0.0881482
352.8,0.0881482
352.8,0.0881482
352.8,0.0881482
352.8,0.0881482
352.8,0.0881482
353.4,0.106942
353.4,0.106942
353.4,0.106942
353.4,0.106942
353.4,0.106942
353.4,0.106942
353.4,0.106942
353.4,0.106942
353.4,0.106942
354,0.111414
354,0.111414
354,0.111414
354,0.111414
354,0.111414
354,0.111414
354,0.111414
354,0.111414
354,0.111414
354.6,0.112276
354.6,0.112276
354.6,0.112276
354.6,0.112276
354.6,0.112276
354.6,0.112276
354.6,0.112276
354.6,0.112276
354.6,0.112276
355.2,0.116359
355.2,0.116359
355.2,0.116359
355.2,0.116359
355.2,0.116359
355.2,0.116359
355.2,0.116359
355.2,0.116359
355.2,0.116359
355.8,0.145397
355.8,0.145397
355.8,0.145397
355.8,0.145397
355.8,0.145397
355.8,0.145397
355.8,0.145397
355.8,0.145397
355.8,0.145397
356.4,0.147901
356.4,0.147901
356.4,0.147901
356.4,0.147901
356.4,0.147901
356.4,0.147901
356.4,0.147901
356.4,0.147901
356.4,0.147901
357,0.175066
357,0.175066
357,0.175066
357,0.175066
357,0.175066
357,0.175066
357,0.175066
357,0.175066
357,0.175066
357.6,0.194616
357.6,0.194616
357.6,0.194616
357.6,0.194616
357.6,0.194616
357.6,0.194616
357.6,0.194616
357.6,0.194616
357.6,0.194616
358.2,0.198014
358.2,0.198014
358.2,0.198014
358.2,0.198014
358.2,0.198014
358.2,0.198014
358.2,0.198014
358.2,0.198014
358.2,0.198014
358.8,0.198375
358.8,0.198375
358.8,0.198375
358.8,0.198375
358.8,0.198375
358.8,0.198375
358.8,0.198375
358.8,0.198375
358.8,0.198375
359.4,0.220606
359.4,0.220606
359.4,0.220606
359.4,0.220606
359.4,0.220606
359.4,0.220606
359.4,0.220606
359.4,0.220606
359.4,0.220606
360,0.232099
360,0.232099
360,0.232099
360,0.232099
360,0.232099
360,0.232099
360,0.232099
360,0.232099
360,0.232099
360.6,0.237315
360.6,0.237315
360.6,0.237315
360.6,0.237315
360.6,0.237315
360.6,0.237315
360.6,0.237315
360.6,0.237315
360.6,0.237315
361.2,0.258316
361.2,0.258316
361.2,0.258316
361.2,0.258316
361.2,0.258316
361.2,0.258316
361.2,0.258316
361.2,0.258316
361.2,0.258316
361.8,0.281761
361.8,0.281761
361.8,0.281761
361.8,0.281761
361.8,0.281761
361.8,0.281761
361.8,0.281761
361.8,0.281761
361.8,0.281761
362.4,0.302292
362.4,0.302292
362.4,0.302292
362.4,0.302292
362.4,0.302292
362.4,0.302292
362.4,0.302292
362.4,0.302292
362.4,0.302292
363,0.316913
363,0.316913
363,0.316913
363,0.316913
363,0.316913
363,0.316913
363,0.316913
363,0.316913
363,0.316913
363.6,0.315435
363.6,0.315435
363.6,0.315435
363.6,0.315435
363.6,0.315435
363.6,0.315435
363.6,0.315435
363.6,0.315435
363.6,0.315435
364.2,0.30391
364.2,0.30391
364.2,0.30391
364.2,0.30391
364.2,0.30391
364.2,0.30391
364.2,0.30391
364.2,0.30391
364.2,0.30391
364.8,0.286581
364.8,0.286581
364.8,0.286581
364.8,0.286581
364.8,0.286581
364.8,0.286581
364.8,0.286581
364.8,0.286581
364.8,0.286581
365.4,0.28983
365.4,0.28983
365.4,0.28983
365.4,0.28983
365.4,0.28983
365.4,0.28983
365.4,0.28983
365.4,0.28983
365.4,0.28983
366,0.311818
366,0.311818
366,0.311818
366,0.311818
366,0.311818
366,0.311818
366,0.311818
366,0.311818
366,0.311818
366.6,0.329511
366.6,0.329511
366.6,0.329511
366.6,0.329511
366.6,0.329511
366.6,0.329511
366.6,0.329511
366.6,0.329511
366.6,0.329511
367.2,0.337263
367.2,0.337263
367.2,0.337263
367.2,0.337263
367.2,0.337263
367.2,0.337263
367.2,0.337263
367.2,0.337263
367.2,0.337263
367.8,0.335209
367.8,0.335209
367.8,0.335209
367.8,0.335209
367.8,0.335209
367.8,0.335209
367.8,0.335209
367.8,0.335209
367.8,0.335209
368.4,0.354909
368.4,0.354909
368.4,0.354909
368.4,0.354909
368.4,0.354909
368.4,0.354909
368.4,0.354909
368.4,0.354909
368.4,0.354909
369,0.373625
369,0.373625
369,0.373625
369,0.373625
369,0.373625
369,0.373625
369,0.373625
369,0.373625
369,0.373625
369.6,0.378135
369.6,0.378135
369.6,0.378135
369.6,0.378135
369.6,0.378135
369.6,0.378135
369.6,0.378135
369.6,0.378135
369.6,0.378135
370.2,0.385886
370.2,0.385886
370.2,0.385886
370.2,0.385886
370.2,0.385886
370.2,0.385886
370.2,0.385886
370.2,0.385886
370.2,0.385886
370.8,0.404449
370.8,0.404449
370.8,0.404449
370.8,0.404449
370.8,0.404449
370.8,0.404449
370.8,0.404449
370.8,0.404449
370.8,0.404449
371.4,0.432954
371.4,0.432954
371.4,0.432954
371.4,0.432954
371.4,0.432954
371.4,0.432954
371.4,0.432954
371.4,0.432954
371.4,0.432954
372,0.457642
372,0.457642
372,0.457642
372,0.457642
372,0.457642
372,0.457642
372,0.457642
372,0.457642
372,0.457642
372.6,0.454527
372.6,0.454527
372.6,0.454527
372.6,0.454527
372.6,0.454527
372.6,0.454527
372.6,0.454527
372.6,0.454527
372.6,0.454527
373.2,0.440909
373.2,0.440909
373.2,0.440909
373.2,0.440909
373.2,0.440909
373.2,0.440909
373.2,0.440909
373.2,0.440909
373.2,0.440909
373.8,0.437672
373.8,0.437672
373.8,0.437672
373.8,0.437672
373.8,0.437672
373.8,0.437672
373.8,0.437672
373.8,0.437672
373.8,0.437672
374.4,0.454801
374.4,0.454801
374.4,0.454801
374.4,0.454801
374.4,0.454801
374.4,0.454801
374.4,0.454801
374.4,0.454801
374.4,0.454801
375,0.457419
375,0.457419
375,0.457419
375,0.457419
375,0.457419
375,0.457419
375,0.457419
375,0.457419
375,0.457419
375.6,0.461718
375.6,0.461718
375.6,0.461718
375.6,0.461718
375.6,0.461718
375.6,0.461718
375.6,0.461718
375.6,0.461718
375.6,0.461718
376.2,0.460186
376.2,0.460186
376.2,0.460186
376.2,0.460186
376.2,0.460186
376.2,0.460186
376.2,0.460186
376.2,0.460186
376.2,0.460186
376.8,0.463807
376.8,0.463807
376.8,0.463807
376.8,0.463807
376.8,0.463807
376.8,0.463807
376.8,0.463807
376.8,0.463807
376.8,0.463807
377.4,0.463281
377.4,0.463281
377.4,0.463281
377.4,0.463281
377.4,0.463281
377.4,0.463281
377.4,0.463281
377.4,0.463281
377.4,0.463281
378,0.456055
378,0.456055
378,0.456055
378,0.456055
378,0.456055
378,0.456055
378,0.456055
378,0.456055
378,0.456055
378.6,0.463477
378.6,0.463477
378.6,0.463477
378.6,0.463477
378.6,0.463477
378.6,0.463477
378.6,0.463477
378.6,0.463477
378.6,0.463477
379.2,0.471585
379.2,0.471585
379.2,0.471585
379.2,0.471585
379.2,0.471585
379.2,0.471585
379.2,0.471585
379.2,0.471585
379.2,0.471585
379.8,0.46564
379.8,0.46564
379.8,0.46564
379.8,0.46564
379.8,0.46564
379.8,0.46564
379.8,0.46564
379.8,0.46564
379.8,0.46564
380.4,0.472863
380.4,0.472863
380.4,0.472863
380.4,0.472863
380.4,0.472863
380.4,0.472863
380.4,0.472863
380.4,0.472863
380.4,0.472863
381,0.477471
381,0.477471
381,0.477471
381,0.477471
381,0.477471
381,0.477471
381,0.477471
381,0.477471
381,0.477471
381.6,0.482413
381.6,0.482413
381.6,0.482413
381.6,0.482413
381.6,0.482413
381.6,0.482413
381.6,0.482413
381.6,0.482413
381.6,0.482413
382.2,0.483553
382.2,0.483553
382.2,0.483553
382.2,0.483553
56