0,0.0484552
0,0.0484552
0.133333,0.0494467
0.133333,0.0494467
0.266667,0.0651452
0.266667,0.0651452
0.4,0.075761
0.4,0.075761
0.533333,0.0804635
0.533333,0.0804635
0.666667,0.0835828
0.666667,0.0835828
0.8,0.084684
0.8,0.084684
0.933333,0.0868236
0.933333,0.0868236
1.06667,0.0888535
1.06667,0.0888535
1.2,0.0898175
1.2,0.0898175
1.33333,0.0910363
1.33333,0.0910363
1.46667,0.0919846
1.46667,0.0919846
1.6,0.0932073
1.6,0.0932073
1.73333,0.0963462
1.73333,0.0963462
1.86667,0.0991206
1.86667,0.0991206
2,0.0998417
2,0.0998417
2.13333,0.100241
2.13333,0.100241
2.26667,0.100437
2.26667,0.100437
2.4,0.100747
2.4,0.100747
2.53333,0.101315
2.53333,0.101315
2.66667,0.101911
2.66667,0.101911
2.8,0.102154
2.8,0.102154
2.93333,0.102471
2.93333,0.102471
3.06667,0.102021
3.06667,0.102021
3.2,0.101903
3.2,0.101903
3.33333,0.102146
3.33333,0.102146
3.46667,0.101926
3.46667,0.101926
3.6,0.102158
3.6,0.102158
3.73333,0.10139
3.73333,0.10139
3.86667,0.101836
3.86667,0.101836
4,0.101025
4,0.101025
4.13333,0.101456
4.13333,0.101456
4.26667,0.101542
4.26667,0.101542
4.4,0.102201
4.4,0.102201
4.53333,0.102142
4.53333,0.102142
4.66667,0.100959
4.66667,0.100959
4.8,0.101448
4.8,0.101448
4.93333,0.102542
4.93333,0.102542
5.06667,0.104419
5.06667,0.104419
5.2,0.105794
5.2,0.105794
5.33333,0.109674
5.33333,0.109674
5.46667,0.113248
5.46667,0.113248
5.6,0.119804
5.6,0.119804
5.73333,0.127512
5.73333,0.127512
5.86667,0.136396
5.86667,0.136396
6,0.140518
6,0.140518
6.13333,0.142866
6.13333,0.142866
6.26667,0.139601
6.26667,0.139601
6.4,0.140902
6.4,0.140902
6.53333,0.142172
6.53333,0.142172
6.66667,0.142615
6.66667,0.142615
6.8,0.142983
6.8,0.142983
6.93333,0.142866
6.93333,0.142866
7.06667,0.142862
7.06667,0.142862
7.2,0.149186
7.2,0.149186
7.33333,0.156091
7.33333,0.156091
7.46667,0.164861
7.46667,0.164861
7.6,0.169223
7.6,0.169223
7.73333,0.171461
7.73333,0.171461
7.86667,0.172679
7.86667,0.172679
8,0.173683
8,0.173683
8.13333,0.174012
8.13333,0.174012
8.26667,0.173973
8.26667,0.173973
8.4,0.174059
8.4,0.174059
8.53333,0.174846
8.53333,0.174846
8.66667,0.175473
8.66667,0.175473
8.8,0.176673
8.8,0.176673
8.93333,0.178052
8.93333,0.178052
9.06667,0.178691
9.06667,0.178691
9.2,0.1798
9.2,0.1798
9.33333,0.179686
9.33333,0.179686
9.46667,0.179753
9.46667,0.179753
9.6,0.178166
9.6,0.178166
9.73333,0.179721
9.73333,0.179721
9.86667,0.180576
9.86667,0.180576
10,0.180082
10,0.180082
10.1333,0.17855
10.1333,0.17855
10.2667,0.176281
10.2667,0.176281
10.4,0.174995
10.4,0.174995
10.5333,0.174137
10.5333,0.174137
10.6667,0.173835
10.6667,0.173835
10.8,0.173106
10.8,0.173106
10.9333,0.172636
10.9333,0.172636
11.0667,0.172354
11.0667,0.172354
11.2,0.171751
11.2,0.171751
11.3333,0.169489
11.3333,0.169489
11.4667,0.168494
11.4667,0.168494
11.6,0.168588
11.6,0.168588
11.7333,0.167393
11.7333,0.167393
11.8667,0.166288
11.8667,0.166288
12,0.165978
12,0.165978
12.1333,0.165226
12.1333,0.165226
12.2667,0.164015
12.2667,0.164015
12.4,0.162404
12.4,0.162404
12.5333,0.162287
12.5333,0.162287
12.6667,0.161868
12.6667,0.161868
12.8,0.161256
12.8,0.161256
12.9333,0.159842
12.9333,0.159842
13.0667,0.160923
13.0667,0.160923
13.2,0.16077
13.2,0.16077
13.3333,0.161323
13.3333,0.161323
13.4667,0.161378
13.4667,0.161378
13.6,0.161542
13.6,0.161542
13.7333,0.1609
13.7333,0.1609
13.8667,0.160982
13.8667,0.160982
14,0.16166
14,0.16166
14.1333,0.161609
14.1333,0.161609
14.2667,0.161401
14.2667,0.161401
14.4,0.161201
14.4,0.161201
14.5333,0.161056
14.5333,0.161056
14.6667,0.159316
14.6667,0.159316
14.8,0.159215
14.8,0.159215
14.9333,0.159673
14.9333,0.159673
15.0667,0.159763
15.0667,0.159763
15.2,0.159524
15.2,0.159524
15.3333,0.159861
15.3333,0.159861
15.4667,0.160598
15.4667,0.160598
15.6,0.161429
15.6,0.161429
15.7333,0.16135
15.7333,0.16135
15.8667,0.159791
15.8667,0.159791
16,0.159497
16,0.159497
16.1333,0.160425
16.1333,0.160425
16.2667,0.159704
16.2667,0.159704
16.4,0.160535
16.4,0.160535
16.5333,0.159916
16.5333,0.159916
16.6667,0.15961
16.6667,0.15961
16.8,0.15945
16.8,0.15945
16.9333,0.15952
16.9333,0.15952
17.0667,0.160147
17.0667,0.160147
17.2,0.160708
17.2,0.160708
17.3333,0.16057
17.3333,0.16057
17.4667,0.160633
17.4667,0.160633
17.6,0.160668
17.6,0.160668
17.7333,0.160841
17.7333,0.160841
17.8667,0.160813
17.8667,0.160813
18,0.159889
18,0.159889
18.1333,0.159987
18.1333,0.159987
18.2667,0.160469
18.2667,0.160469
18.4,0.160241
18.4,0.160241
18.5333,0.160088
18.5333,0.160088
18.6667,0.161123
18.6667,0.161123
18.8,0.162114
18.8,0.162114
18.9333,0.162369
18.9333,0.162369
19.0667,0.162067
19.0667,0.162067
19.2,0.160751
19.2,0.160751
19.3333,0.158646
19.3333,0.158646
19.4667,0.157071
19.4667,0.157071
19.6,0.156279
19.6,0.156279
19.7333,0.15691
19.7333,0.15691
19.8667,0.156961
19.8667,0.156961
20,0.156942
20,0.156942
20.1333,0.15731
20.1333,0.15731
20.2667,0.15771
20.2667,0.15771
20.4,0.157667
20.4,0.157667
20.5333,0.158164
20.5333,0.158164
20.6667,0.158121
20.6667,0.158121
20.8,0.158125
20.8,0.158125
20.9333,0.15916
20.9333,0.15916
21.0667,0.159109
21.0667,0.159109
21.2,0.158454
21.2,0.158454
21.3333,0.157475
21.3333,0.157475
21.4667,0.158066
21.4667,0.158066
21.6,0.157788
21.6,0.157788
21.7333,0.157796
21.7333,0.157796
21.8667,0.158266
21.8667,0.158266
22,0.158106
22,0.158106
22.1333,0.158004
22.1333,0.158004
22.2667,0.158117
22.2667,0.158117
22.4,0.158051
22.4,0.158051
22.5333,0.158207
22.5333,0.158207
22.6667,0.159195
22.6667,0.159195
22.8,0.161828
22.8,0.161828
22.9333,0.161915
22.9333,0.161915
23.0667,0.164082
23.0667,0.164082
23.2,0.164058
23.2,0.164058
23.3333,0.164238
23.3333,0.164238
23.4667,0.163662
23.4667,0.163662
23.6,0.163721
23.6,0.163721
23.7333,0.163886
23.7333,0.163886
23.8667,0.163995
23.8667,0.163995
24,0.164325
24,0.164325
24.1333,0.164383
24.1333,0.164383
24.2667,0.164387
24.2667,0.164387
24.4,0.16434
24.4,0.16434
24.5333,0.164007
24.5333,0.164007
24.6667,0.163411
24.6667,0.163411
24.8,0.163314
24.8,0.163314
24.9333,0.162851
24.9333,0.162851
25.0667,0.162984
25.0667,0.162984
25.2,0.163027
25.2,0.163027
25.3333,0.162596
25.3333,0.162596
25.4667,0.163165
25.4667,0.163165
25.6,0.165128
25.6,0.165128
25.7333,0.16659
25.7333,0.16659
25.8667,0.167773
25.8667,0.167773
26,0.16804
26,0.16804
26.1333,0.168424
26.1333,0.168424
26.2667,0.168439
26.2667,0.168439
26.4,0.169152
26.4,0.169152
26.5333,0.16996
26.5333,0.16996
26.6667,0.17063
26.6667,0.17063
26.8,0.170128
26.8,0.170128
26.9333,0.170649
26.9333,0.170649
27.0667,0.172068
27.0667,0.172068
27.2,0.173502
27.2,0.173502
27.3333,0.176645
27.3333,0.176645
27.4667,0.179404
27.4667,0.179404
27.6,0.183033
27.6,0.183033
27.7333,0.184729
27.7333,0.184729
27.8667,0.187465
27.8667,0.187465
28,0.186313
28,0.186313
28.1333,0.19002
28.1333,0.19002
28.2667,0.194373
28.2667,0.194373
28.4,0.1981
28.4,0.1981
28.5333,0.199754
28.5333,0.199754
28.6667,0.202344
28.6667,0.202344
28.8,0.204844
28.8,0.204844
28.9333,0.206698
28.9333,0.206698
29.0667,0.207725
29.0667,0.207725
29.2,0.207834
29.2,0.207834
29.3333,0.207901
29.3333,0.207901
29.4667,0.208434
29.4667,0.208434
29.6,0.201678
29.6,0.201678
29.7333,0.202458
29.7333,0.202458
29.8667,0.205244
29.8667,0.205244
30,0.206424
30,0.206424
30.1333,0.20814
30.1333,0.20814
30.2667,0.208367
30.2667,0.208367
30.4,0.208575
30.4,0.208575
30.5333,0.208211
30.5333,0.208211
30.6667,0.208602
30.6667,0.208602
30.8,0.208983
30.8,0.208983
30.9333,0.209398
30.9333,0.209398
31.0667,0.20899
31.0667,0.20899
31.2,0.209504
31.2,0.209504
31.3333,0.203434
31.3333,0.203434
31.4667,0.205091
31.4667,0.205091
31.6,0.207141
31.6,0.207141
31.7333,0.206866
31.7333,0.206866
31.8667,0.207666
31.8667,0.207666
32,0.208379
32,0.208379
32.1333,0.208164
32.1333,0.208164
32.2667,0.209367
32.2667,0.209367
32.4,0.2089
32.4,0.2089
32.5333,0.209296
32.5333,0.209296
32.6667,0.209715
32.6667,0.209715
32.8,0.210013
32.8,0.210013
32.9333,0.203383
32.9333,0.203383
33.0667,0.20515
33.0667,0.20515
33.2,0.205989
33.2,0.205989
33.3333,0.212357
33.3333,0.212357
33.4667,0.222839
33.4667,0.222839
33.6,0.231476
33.6,0.231476
33.7333,0.238306
33.7333,0.238306
33.8667,0.248276
33.8667,0.248276
34,0.252477
34,0.252477
34.1333,0.255862
34.1333,0.255862
34.2667,0.258433
34.2667,0.258433
34.4,0.261302
34.4,0.261302
34.5333,0.264013
34.5333,0.264013
34.6667,0.264288
34.6667,0.264288
34.8,0.267591
34.8,0.267591
34.9333,0.27064
34.9333,0.27064
35.0667,0.273262
35.0667,0.273262
35.2,0.274488
35.2,0.274488
35.3333,0.275299
35.3333,0.275299
35.4667,0.277694
35.4667,0.277694
35.6,0.279696
35.6,0.279696
35.7333,0.28088
35.7333,0.28088
35.8667,0.281765
35.8667,0.281765
36,0.283223
36,0.283223
36.1333,0.285069
36.1333,0.285069
36.2667,0.282455
36.2667,0.282455
36.4,0.284849
36.4,0.284849
36.5333,0.28521
36.5333,0.28521
36.6667,0.285817
36.6667,0.285817
36.8,0.285829
36.8,0.285829
36.9333,0.284489
36.9333,0.284489
37.0667,0.28492
37.0667,0.28492
37.2,0.285061
37.2,0.285061
37.3333,0.283478
37.3333,0.283478
37.4667,0.282396
37.4667,0.282396
37.6,0.279645
37.6,0.279645
37.7333,0.279528
37.7333,0.279528
37.8667,0.280574
37.8667,0.280574
38,0.275237
38,0.275237
38.1333,0.279387
38.1333,0.279387
38.2667,0.286723
38.2667,0.286723
38.4,0.291382
38.4,0.291382
38.5333,0.296359
38.5333,0.296359
38.6667,0.302997
38.6667,0.302997
38.8,0.308444
38.8,0.308444
38.9333,0.312281
38.9333,0.312281
39.0667,0.316348
39.0667,0.316348
39.2,0.320337
39.2,0.320337
39.3333,0.323755
39.3333,0.323755
39.4667,0.32669
39.4667,0.32669
39.6,0.325506
39.6,0.325506
39.7333,0.328285
39.7333,0.328285
39.8667,0.332196
39.8667,0.332196
40,0.334359
40,0.334359
40.1333,0.337212
40.1333,0.337212
40.2667,0.341726
40.2667,0.341726
40.4,0.346005
40.4,0.346005
40.5333,0.349622
40.5333,0.349622
40.6667,0.35485
40.6667,0.35485
40.8,0.35878
40.8,0.35878
40.9333,0.362476
40.9333,0.362476
41.0667,0.365039
41.0667,0.365039
41.2,0.367441
41.2,0.367441
41.3333,0.371254
41.3333,0.371254
41.4667,0.376842
41.4667,0.376842
41.6,0.380075
41.6,0.380075
41.7333,0.383229
41.7333,0.383229
41.8667,0.387344
41.8667,0.387344
42,0.390146
42,0.390146
42.1333,0.392219
42.1333,0.392219
42.2667,0.39466
42.2667,0.39466
42.4,0.395127
42.4,0.395127
42.5333,0.395899
42.5333,0.395899
42.6667,0.396099
42.6667,0.396099
42.8,0.396671
42.8,0.396671
42.9333,0.395087
42.9333,0.395087
43.0667,0.396851
43.0667,0.396851
43.2,0.399845
43.2,0.399845
43.3333,0.403309
43.3333,0.403309
43.4667,0.407165
43.4667,0.407165
43.6,0.40936
43.6,0.40936
43.7333,0.410872
43.7333,0.410872
43.8667,0.412553
43.8667,0.412553
44,0.414364
44,0.414364
44.1333,0.416159
44.1333,0.416159
44.2667,0.418721
44.2667,0.418721
44.4,0.420222
44.4,0.420222
44.5333,0.421594
44.5333,0.421594
44.6667,0.418102
44.6667,0.418102
44.8,0.419258
44.8,0.419258
44.9333,0.420058
44.9333,0.420058
45.0667,0.421225
45.0667,0.421225
45.2,0.422346
45.2,0.422346
45.3333,0.424235
45.3333,0.424235
45.4667,0.426073
45.4667,0.426073
45.6,0.42641
45.6,0.42641
45.7333,0.426908
45.7333,0.426908
45.8667,0.428479
45.8667,0.428479
46,0.429627
46,0.429627
46.1333,0.430462
46.1333,0.430462
46.2667,0.425556
46.2667,0.425556
46.4,0.427319
46.4,0.427319
46.5333,0.428095
46.5333,0.428095
46.6667,0.428456
46.6667,0.428456
46.8,0.428103
46.8,0.428103
46.9333,0.427879
46.9333,0.427879
47.0667,0.428056
47.0667,0.428056
47.2,0.427966
47.2,0.427966
47.3333,0.428491
47.3333,0.428491
47.4667,0.429212
47.4667,0.429212
47.6,0.429584
47.6,0.429584
47.7333,0.428922
47.7333,0.428922
47.8667,0.428526
47.8667,0.428526
48,0.418157
48,0.418157
48.1333,0.419388
48.1333,0.419388
48.2667,0.419486
48.2667,0.419486
48.4,0.419595
48.4,0.419595
48.5333,0.419411
48.5333,0.419411
48.6667,0.418812
48.6667,0.418812
48.8,0.41755
48.8,0.41755
48.9333,0.416304
48.9333,0.416304
49.0667,0.414387
49.0667,0.414387
49.2,0.413474
49.2,0.413474
49.3333,0.413086
49.3333,0.413086
49.4667,0.413169
49.4667,0.413169
49.6,0.403619
49.6,0.403619
49.7333,0.404618
49.7333,0.404618
49.8667,0.404367
49.8667,0.404367
50,0.403924
50,0.403924
50.1333,0.403815
50.1333,0.403815
50.2667,0.403462
50.2667,0.403462
50.4,0.403568
50.4,0.403568
50.5333,0.403434
50.5333,0.403434
50.6667,0.402886
50.6667,0.402886
50.8,0.401675
50.8,0.401675
50.9333,0.400362
50.9333,0.400362
51.0667,0.399116
51.0667,0.399116
51.2,0.397948
51.2,0.397948
51.3333,0.385463
51.3333,0.385463
51.4667,0.386251
51.4667,0.386251
51.6,0.38705
51.6,0.38705
51.7333,0.387998
51.7333,0.387998
51.8667,0.388755
51.8667,0.388755
52,0.389652
52,0.389652
52.1333,0.390189
52.1333,0.390189
52.2667,0.390291
52.2667,0.390291
52.4,0.39051
52.4,0.39051
52.5333,0.393332
52.5333,0.393332
52.6667,0.396048
52.6667,0.396048
52.8,0.400734
52.8,0.400734
52.9333,0.403293
52.9333,0.403293
53.0667,0.409238
53.0667,0.409238
53.2,0.412988
53.2,0.412988
53.3333,0.417193
53.3333,0.417193
53.4667,0.420066
53.4667,0.420066
53.6,0.421527
53.6,0.421527
53.7333,0.422836
53.7333,0.422836
53.8667,0.424729
53.8667,0.424729
54,0.427151
54,0.427151
54.1333,0.429913
54.1333,0.429913
54.2667,0.432739
54.2667,0.432739
54.4,0.435607
54.4,0.435607
54.5333,0.436172
54.5333,0.436172
54.6667,0.436904
54.6667,0.436904
54.8,0.437817
54.8,0.437817
54.9333,0.439189
54.9333,0.439189
55.0667,0.441046
55.0667,0.441046
55.2,0.44205
55.2,0.44205
55.3333,0.443139
55.3333,0.443139
55.4667,0.442183
55.4667,0.442183
55.6,0.44167
55.6,0.44167
55.7333,0.44125
55.7333,0.44125
55.8667,0.441548
55.8667,0.441548
56,0.442845
56,0.442845
56.1333,0.443891
56.1333,0.443891
56.2667,0.4408
56.2667,0.4408
56.4,0.442328
56.4,0.442328
56.5333,0.443308
56.5333,0.443308
56.6667,0.443065
56.6667,0.443065
56.8,0.443543
56.8,0.443543
56.9333,0.444103
56.9333,0.444103
57.0667,0.44493
57.0667,0.44493
57.2,0.444601
57.2,0.444601
57.3333,0.445114
57.3333,0.445114
57.4667,0.445283
57.4667,0.445283
57.6,0.445964
57.6,0.445964
57.7333,0.445459
57.7333,0.445459
57.8667,0.445079
57.8667,0.445079
58,0.442939
58,0.442939
58.1333,0.444213
58.1333,0.444213
58.2667,0.445479
58.2667,0.445479
58.4,0.445639
58.4,0.445639
58.5333,0.44618
58.5333,0.44618
58.6667,0.443817
58.6667,0.443817
58.8,0.44437
58.8,0.44437
58.9333,0.444338
58.9333,0.444338
59.0667,0.444656
59.0667,0.444656
59.2,0.445361
59.2,0.445361
59.3333,0.445091
59.3333,0.445091
59.4667,0.446258
59.4667,0.446258
59.6,0.447422
59.6,0.447422
59.7333,0.448982
59.7333,0.448982
59.8667,0.450048
59.8667,0.450048
60,0.450334
60,0.450334
60.1333,0.449519
60.1333,0.449519
60.2667,0.442994
60.2667,0.442994
60.4,0.444597
60.4,0.444597
60.5333,0.445424
60.5333,0.445424
60.6667,0.44591
60.6667,0.44591
60.8,0.445369
60.8,0.445369
60.9333,0.443507
60.9333,0.443507
61.0667,0.440086
61.0667,0.440086
61.2,0.43828
61.2,0.43828
61.3333,0.438354
61.3333,0.438354
61.4667,0.43855
61.4667,0.43855
61.6,0.438088
61.6,0.438088
61.7333,0.437308
61.7333,0.437308
61.8667,0.436736
61.8667,0.436736
62,0.432617
62,0.432617
62.1333,0.43357
62.1333,0.43357
62.2667,0.434776
62.2667,0.434776
62.4,0.436465
62.4,0.436465
62.5333,0.438562
62.5333,0.438562
62.6667,0.441509
62.6667,0.441509
62.8,0.441963
62.8,0.441963
62.9333,0.442508
62.9333,0.442508
63.0667,0.44261
63.0667,0.44261
63.2,0.442963
63.2,0.442963
63.3333,0.442904
63.3333,0.442904
63.4667,0.443656
63.4667,0.443656
63.6,0.438821
63.6,0.438821
63.7333,0.439847
63.7333,0.439847
63.8667,0.440396
63.8667,0.440396
64,0.441003
64,0.441003
64.1333,0.442206
64.1333,0.442206
64.2667,0.442877
64.2667,0.442877
64.4,0.443276
64.4,0.443276
64.5333,0.443308
64.5333,0.443308
64.6667,0.444436
64.6667,0.444436
64.8,0.445396
64.8,0.445396
64.9333,0.446145
64.9333,0.446145
65.0667,0.446443
65.0667,0.446443
65.2,0.447026
65.2,0.447026
65.3333,0.444511
65.3333,0.444511
65.4667,0.444707
65.4667,0.444707
65.6,0.44502
65.6,0.44502
65.7333,0.444683
65.7333,0.444683
65.8667,0.444593
65.8667,0.444593
66,0.444417
66,0.444417
66.1333,0.444593
66.1333,0.444593
66.2667,0.445514
66.2667,0.445514
66.4,0.44482
66.4,0.44482
66.5333,0.443327
66.5333,0.443327
66.6667,0.442159
66.6667,0.442159
66.8,0.441082
66.8,0.441082
66.9333,0.43489
66.9333,0.43489
67.0667,0.435023
67.0667,0.435023
67.2,0.436144
67.2,0.436144
67.3333,0.437429
67.3333,0.437429
67.4667,0.438237
67.4667,0.438237
67.6,0.438053
67.6,0.438053
67.7333,0.437633
67.7333,0.437633
67.8667,0.438311
67.8667,0.438311
68,0.43806
68,0.43806
68.1333,0.438139
68.1333,0.438139
68.2667,0.438264
68.2667,0.438264
68.4,0.438421
68.4,0.438421
68.5333,0.438789
68.5333,0.438789
68.6667,0.438985
68.6667,0.438985
68.8,0.439212
68.8,0.439212
68.9333,0.438923
68.9333,0.438923
69.0667,0.434894
69.0667,0.434894
69.2,0.43598
69.2,0.43598
69.3333,0.43681
69.3333,0.43681
69.4667,0.437802
69.4667,0.437802
69.6,0.438954
69.6,0.438954
69.7333,0.439295
69.7333,0.439295
69.8667,0.439307
69.8667,0.439307
70,0.43779
70,0.43779
70.1333,0.438276
70.1333,0.438276
70.2667,0.438766
70.2667,0.438766
70.4,0.439142
70.4,0.439142
70.5333,0.439718
70.5333,0.439718
70.6667,0.432496
70.6667,0.432496
70.8,0.433346
70.8,0.433346
70.9333,0.434345
70.9333,0.434345
71.0667,0.434244
71.0667,0.434244
71.2,0.435043
71.2,0.435043
71.3333,0.43605
71.3333,0.43605
71.4667,0.436512
71.4667,0.436512
71.6,0.437661
71.6,0.437661
71.7333,0.437833
71.7333,0.437833
71.8667,0.437665
71.8667,0.437665
72,0.438264
72,0.438264
72.1333,0.438288
72.1333,0.438288
72.2667,0.438672
72.2667,0.438672
72.4,0.435125
72.4,0.435125
72.5333,0.436301
72.5333,0.436301
72.6667,0.437222
72.6667,0.437222
72.8,0.437571
72.8,0.437571
72.9333,0.43797
72.9333,0.43797
73.0667,0.438346
73.0667,0.438346
73.2,0.439103
73.2,0.439103
73.3333,0.439001
73.3333,0.439001
73.4667,0.43989
73.4667,0.43989
73.6,0.440055
73.6,0.440055
73.7333,0.440145
73.7333,0.440145
73.8667,0.44067
73.8667,0.44067
74,0.434569
74,0.434569
74.1333,0.435729
74.1333,0.435729
74.2667,0.435991
74.2667,0.435991
74.4,0.436567
74.4,0.436567
74.5333,0.435631
74.5333,0.435631
74.6667,0.435827
74.6667,0.435827
74.8,0.435811
74.8,0.435811
74.9333,0.436136
74.9333,0.436136
75.0667,0.436865
75.0667,0.436865
75.2,0.439361
75.2,0.439361
75.3333,0.440713
75.3333,0.440713
75.4667,0.44089
75.4667,0.44089
75.6,0.440694
75.6,0.440694
75.7333,0.438997
75.7333,0.438997
75.8667,0.43951
75.8667,0.43951
76,0.438903
76,0.438903
76.1333,0.438785
76.1333,0.438785
76.2667,0.439165
76.2667,0.439165
76.4,0.4406
76.4,0.4406
76.5333,0.440866
76.5333,0.440866
76.6667,0.441685
76.6667,0.441685
76.8,0.441548
76.8,0.441548
76.9333,0.440619
76.9333,0.440619
77.0667,0.440964
77.0667,0.440964
77.2,0.443127
77.2,0.443127
77.3333,0.438746
77.3333,0.438746
77.4667,0.440498
77.4667,0.440498
77.6,0.442285
77.6,0.442285
77.7333,0.441517
77.7333,0.441517
77.8667,0.441434
77.8667,0.441434
78,0.440635
78,0.440635
78.1333,0.440431
78.1333,0.440431
78.2667,0.439428
78.2667,0.439428
78.4,0.438378
78.4,0.438378
78.5333,0.437226
78.5333,0.437226
78.6667,0.436418
78.6667,0.436418
78.8,0.436716
78.8,0.436716
78.9333,0.436838
78.9333,0.436838
79.0667,0.429518
79.0667,0.429518
79.2,0.429921
79.2,0.429921
79.3333,0.429525
79.3333,0.429525
79.4667,0.429153
79.4667,0.429153
79.6,0.430278
79.6,0.430278
79.7333,0.431152
79.7333,0.431152
79.8667,0.431269
79.8667,0.431269
80,0.431496
80,0.431496
80.1333,0.431606
80.1333,0.431606
80.2667,0.431395
80.2667,0.431395
80.4,0.431536
80.4,0.431536
80.5333,0.431732
80.5333,0.431732
80.6667,0.427362
80.6667,0.427362
80.8,0.428847
80.8,0.428847
80.9333,0.429267
80.9333,0.429267
81.0667,0.429831
81.0667,0.429831
81.2,0.430348
81.2,0.430348
81.3333,0.431003
81.3333,0.431003
81.4667,0.431575
81.4667,0.431575
81.6,0.432002
81.6,0.432002
81.7333,0.432366
81.7333,0.432366
81.8667,0.432966
81.8667,0.432966
82,0.434055
82,0.434055
82.1333,0.434048
82.1333,0.434048
82.2667,0.435384
82.2667,0.435384
82.4,0.431657
82.4,0.431657
82.5333,0.432899
82.5333,0.432899
82.6667,0.435517
82.6667,0.435517
82.8,0.436685
82.8,0.436685
82.9333,0.437759
82.9333,0.437759
83.0667,0.437496
83.0667,0.437496
83.2,0.437555
83.2,0.437555
83.3333,0.437237
83.3333,0.437237
83.4667,0.436285
83.4667,0.436285
83.6,0.436708
83.6,0.436708
83.7333,0.436317
83.7333,0.436317
83.8667,0.435513
83.8667,0.435513
84,0.430724
84,0.430724
84.1333,0.432014
84.1333,0.432014
84.2667,0.432927
84.2667,0.432927
84.4,0.434028
84.4,0.434028
84.5333,0.434032
84.5333,0.434032
84.6667,0.434753
84.6667,0.434753
84.8,0.434537
84.8,0.434537
84.9333,0.434894
84.9333,0.434894
85.0667,0.435219
85.0667,0.435219
85.2,0.435827
85.2,0.435827
85.3333,0.435885
85.3333,0.435885
85.4667,0.435376
85.4667,0.435376
85.6,0.435419
85.6,0.435419
85.7333,0.432014
85.7333,0.432014
85.8667,0.433667
85.8667,0.433667
86,0.435376
86,0.435376
86.1333,0.435983
86.1333,0.435983
86.2667,0.437073
86.2667,0.437073
86.4,0.437998
86.4,0.437998
86.5333,0.439138
86.5333,0.439138
86.6667,0.440227
86.6667,0.440227
86.8,0.439792
86.8,0.439792
86.9333,0.439361
86.9333,0.439361
87.0667,0.439134
87.0667,0.439134
87.2,0.439628
87.2,0.439628
87.3333,0.433444
87.3333,0.433444
87.4667,0.433683
87.4667,0.433683
87.6,0.432519
87.6,0.432519
87.7333,0.432241
87.7333,0.432241
87.8667,0.432398
87.8667,0.432398
88,0.432739
88,0.432739
88.1333,0.433146
88.1333,0.433146
88.2667,0.43304
88.2667,0.43304
88.4,0.433001
88.4,0.433001
88.5333,0.432837
88.5333,0.432837
88.6667,0.432954
88.6667,0.432954
88.8,0.432899
88.8,0.432899
88.9333,0.432821
88.9333,0.432821
89.0667,0.430039
89.0667,0.430039
89.2,0.430677
89.2,0.430677
89.3333,0.43192
89.3333,0.43192
89.4667,0.432421
89.4667,0.432421
89.6,0.43337
89.6,0.43337
89.7333,0.434502
89.7333,0.434502
89.8667,0.434698
89.8667,0.434698
90,0.436187
90,0.436187
90.1333,0.436716
90.1333,0.436716
90.2667,0.437962
90.2667,0.437962
90.4,0.438049
90.4,0.438049
90.5333,0.438437
90.5333,0.438437
90.6667,0.432731
90.6667,0.432731
90.8,0.433628
90.8,0.433628
90.9333,0.43248
90.9333,0.43248
91.0667,0.432653
91.0667,0.432653
91.2,0.431477
91.2,0.431477
91.3333,0.429537
91.3333,0.429537
91.4667,0.428487
91.4667,0.428487
91.6,0.426441
91.6,0.426441
91.7333,0.425352
91.7333,0.425352
91.8667,0.424251
91.8667,0.424251
92,0.423432
92,0.423432
92.1333,0.421997
92.1333,0.421997
92.2667,0.421323
92.2667,0.421323
92.4,0.415528
92.4,0.415528
92.5333,0.416727
92.5333,0.416727
92.6667,0.417644
92.6667,0.417644
92.8,0.418443
92.8,0.418443
92.9333,0.418698
92.9333,0.418698
93.0667,0.419717
93.0667,0.419717
93.2,0.420367
93.2,0.420367
93.3333,0.421096
93.3333,0.421096
93.4667,0.421829
93.4667,0.421829
93.6,0.422189
93.6,0.422189
93.7333,0.422268
93.7333,0.422268
93.8667,0.422918
93.8667,0.422918
94,0.417369
94,0.417369
94.1333,0.418333
94.1333,0.418333
94.2667,0.418976
94.2667,0.418976
94.4,0.419666
94.4,0.419666
94.5333,0.420555
94.5333,0.420555
94.6667,0.421386
94.6667,0.421386
94.8,0.422914
94.8,0.422914
94.9333,0.423698
94.9333,0.423698
95.0667,0.424529
95.0667,0.424529
95.2,0.427821
95.2,0.427821
95.3333,0.43016
95.3333,0.43016
95.4667,0.432562
95.4667,0.432562
95.6,0.435102
95.6,0.435102
95.7333,0.433816
95.7333,0.433816
95.8667,0.435274
95.8667,0.435274
96,0.439036
96,0.439036
96.1333,0.441462
96.1333,0.441462
96.2667,0.443421
96.2667,0.443421
96.4,0.443942
96.4,0.443942
96.5333,0.443727
96.5333,0.443727
96.6667,0.441732
96.6667,0.441732
96.8,0.441603
96.8,0.441603
96.9333,0.440921
96.9333,0.440921
97.0667,0.440035
97.0667,0.440035
97.2,0.436893
97.2,0.436893
97.3333,0.429329
97.3333,0.429329
97.4667,0.427354
97.4667,0.427354
97.6,0.424125
97.6,0.424125
97.7333,0.421175
97.7333,0.421175
97.8667,0.416554
97.8667,0.416554
98,0.411346
98,0.411346
98.1333,0.406009
98.1333,0.406009
98.2667,0.398505
98.2667,0.398505
98.4,0.394707
98.4,0.394707
98.5333,0.389531
98.5333,0.389531
98.6667,0.385173
98.6667,0.385173
98.8,0.379671
98.8,0.379671
98.9333,0.377645
98.9333,0.377645
99.0667,0.367774
99.0667,0.367774
99.2,0.364807
99.2,0.364807
99.3333,0.362762
99.3333,0.362762
99.4667,0.359854
99.4667,0.359854
99.6,0.355054
99.6,0.355054
99.7333,0.35351
99.7333,0.35351
99.8667,0.351123
99.8667,0.351123
100,0.350167
100,0.350167
100.133,0.347048
100.133,0.347048
100.267,0.345747
100.267,0.345747
100.4,0.342729
100.4,0.342729
100.533,0.341726
100.533,0.341726
100.667,0.335323
100.667,0.335323
100.8,0.333218
100.8,0.333218
100.933,0.330221
100.933,0.330221
101.067,0.324241
101.067,0.324241
101.2,0.321831
101.2,0.321831
101.333,0.320047
101.333,0.320047
101.467,0.316517
101.467,0.316517
101.6,0.31317
101.6,0.31317
101.733,0.307214
101.733,0.307214
101.867,0.306301
101.867,0.306301
102,0.302821
102,0.302821
102.133,0.299141
102.133,0.299141
102.267,0.298008
102.267,0.298008
102.4,0.292526
102.4,0.292526
102.533,0.291782
102.533,0.291782
102.667,0.289411
102.667,0.289411
102.8,0.290308
102.8,0.290308
102.933,0.289364
102.933,0.289364
103.067,0.288694
103.067,0.288694
103.2,0.289779
103.2,0.289779
103.333,0.289842
103.333,0.289842
103.467,0.288937
103.467,0.288937
103.6,0.293749
103.6,0.293749
103.733,0.300007
103.733,0.300007
103.867,0.305568
103.867,0.305568
104,0.307664
104,0.307664
104.133,0.310227
104.133,0.310227
104.267,0.312155
104.267,0.312155
104.4,0.313198
104.4,0.313198
104.533,0.311567
104.533,0.311567
104.667,0.310701
104.667,0.310701
104.8,0.31366
104.8,0.31366
104.933,0.31817
104.933,0.31817
105.067,0.323625
105.067,0.323625
105.2,0.332172
105.2,0.332172
105.333,0.335805
105.333,0.335805
105.467,0.333939
105.467,0.333939
105.6,0.336424
105.6,0.336424
105.733,0.334406
105.733,0.334406
105.867,0.331279
105.867,0.331279
106,0.325428
106,0.325428
106.133,0.325961
106.133,0.325961
106.267,0.329523
106.267,0.329523
106.4,0.333246
106.4,0.333246
106.533,0.337051
106.533,0.337051
106.667,0.339876
106.667,0.339876
106.8,0.344418
106.8,0.344418
106.933,0.35175
106.933,0.35175
107.067,0.357479
107.067,0.357479
107.2,0.364631
107.2,0.364631
107.333,0.364705
107.333,0.364705
107.467,0.361437
107.467,0.361437
107.6,0.352906
107.6,0.352906
107.733,0.351158
107.733,0.351158
107.867,0.347259
107.867,0.347259
108,0.344026
108,0.344026
108.133,0.344109
108.133,0.344109
108.267,0.347165
108.267,0.347165
108.4,0.352691
108.4,0.352691
108.533,0.357421
108.533,0.357421
108.667,0.366935
108.667,0.366935
108.8,0.370764
108.8,0.370764
108.933,0.371536
108.933,0.371536
109.067,0.372108
109.067,0.372108
109.2,0.375799
109.2,0.375799
109.333,0.374624
109.333,0.374624
109.467,0.374447
109.467,0.374447
109.6,0.381054
109.6,0.381054
109.733,0.380075
109.733,0.380075
109.867,0.377151
109.867,0.377151
110,0.373084
110,0.373084
110.133,0.36757
110.133,0.36757
110.267,0.36576
110.267,0.36576
110.4,0.361151
110.4,0.361151
110.533,0.362139
110.533,0.362139
110.667,0.361802
110.667,0.361802
110.8,0.359893
110.8,0.359893
110.933,0.357734
110.933,0.357734
111.067,0.355696
111.067,0.355696
111.2,0.35099
111.2,0.35099
111.333,0.34809
111.333,0.34809
111.467,0.343266
111.467,0.343266
111.6,0.338395
111.6,0.338395
111.733,0.337274
111.733,0.337274
111.867,0.338995
111.867,0.338995
112,0.34028
112,0.34028
112.133,0.342275
112.133,0.342275
112.267,0.345613
112.267,0.345613
112.4,0.346068
112.4,0.346068
112.533,0.349266
112.533,0.349266
112.667,0.349712
112.667,0.349712
112.8,0.351797
112.8,0.351797
112.933,0.356131
112.933,0.356131
113.067,0.363969
113.067,0.363969
113.2,0.36893
113.2,0.36893
113.333,0.373323
113.333,0.373323
113.467,0.369224
113.467,0.369224
113.6,0.367676
113.6,0.367676
113.733,0.362966
113.733,0.362966
113.867,0.355375
113.867,0.355375
114,0.337725
114,0.337725
114.133,0.33555
114.133,0.33555
114.267,0.327822
114.267,0.327822
114.4,0.323653
114.4,0.323653
114.533,0.31587
114.533,0.31587
114.667,0.310983
114.667,0.310983
114.8,0.302942
114.8,0.302942
114.933,0.293651
114.933,0.293651
115.067,0.285288
115.067,0.285288
115.2,0.276165
115.2,0.276165
115.333,0.268273
115.333,0.268273
115.467,0.265561
115.467,0.265561
115.6,0.264778
115.6,0.264778
115.733,0.26631
115.733,0.26631
115.867,0.260157
115.867,0.260157
116,0.247856
116,0.247856
116.133,0.235916
116.133,0.235916
116.267,0.229881
116.267,0.229881
116.4,0.217804
116.4,0.217804
116.533,0.21327
116.533,0.21327
116.667,0.210558
116.667,0.210558
116.8,0.211491
116.8,0.211491
116.933,0.210311
116.933,0.210311
117.067,0.208657
117.067,0.208657
117.2,0.20455
117.2,0.20455
117.333,0.202148
117.333,0.202148
117.467,0.201368
117.467,0.201368
117.6,0.200859
117.6,0.200859
117.733,0.208469
117.733,0.208469
117.867,0.214582
117.867,0.214582
118,0.224215
118,0.224215
118.133,0.226268
118.133,0.226268
118.267,0.224755
118.267,0.224755
118.4,0.216036
118.4,0.216036
118.533,0.210864
118.533,0.210864
118.667,0.20687
118.667,0.20687
118.8,0.200518
118.8,0.200518
118.933,0.198182
118.933,0.198182
119.067,0.191862
119.067,0.191862
119.2,0.182884
119.2,0.182884
119.333,0.179862
119.333,0.179862
119.467,0.176096
119.467,0.176096
119.6,0.168537
119.6,0.168537
119.733,0.167922
119.733,0.167922
119.867,0.171461
119.867,0.171461
120,0.180752
120,0.180752
120.133,0.185764
120.133,0.185764
120.267,0.191019
120.267,0.191019
120.4,0.194703
120.4,0.194703
120.533,0.199554
120.533,0.199554
120.667,0.198179
120.667,0.198179
120.8,0.196721
120.8,0.196721
120.933,0.195435
120.933,0.195435
121.067,0.191501
121.067,0.191501
121.2,0.18897
121.2,0.18897
121.333,0.190647
121.333,0.190647
121.467,0.19435
121.467,0.19435
121.6,0.201286
121.6,0.201286
121.733,0.208399
121.733,0.208399
121.867,0.213442
121.867,0.213442
122,0.214175
122,0.214175
122.133,0.210221
122.133,0.210221
122.267,0.206141
122.267,0.206141
122.4,0.19589
122.4,0.19589
122.533,0.190263
122.533,0.190263
122.667,0.185678
122.667,0.185678
122.8,0.172491
122.8,0.172491
122.933,0.162205
122.933,0.162205
123.067,0.153368
123.067,0.153368
123.2,0.138641
123.2,0.138641
123.333,0.129283
123.333,0.129283
123.467,0.120556
123.467,0.120556
123.6,0.112527
123.6,0.112527
123.733,0.119757
123.733,0.119757
123.867,0.124702
123.867,0.124702
124,0.123546
124,0.123546
124.133,0.126893
124.133,0.126893
124.267,0.129753
124.267,0.129753
124.4,0.137614
124.4,0.137614
124.533,0.149633
124.533,0.149633
124.667,0.161143
124.667,0.161143
124.8,0.163333
124.8,0.163333
124.933,0.163725
124.933,0.163725
125.067,0.163588
125.067,0.163588
125.2,0.166644
125.2,0.166644
125.333,0.171265
125.333,0.171265
125.467,0.176774
125.467,0.176774
125.6,0.183244
125.6,0.183244
125.733,0.188198
125.733,0.188198
125.867,0.197426
125.867,0.197426
126,0.197845
126,0.197845
126.133,0.193868
126.133,0.193868
126.267,0.190455
126.267,0.190455
126.4,0.181583
126.4,0.181583
126.533,0.191109
126.533,0.191109
126.667,0.204339
126.667,0.204339
126.8,0.220308
126.8,0.220308
126.933,0.229109
126.933,0.229109
127.067,0.224277
127.067,0.224277
127.2,0.214673
127.2,0.214673
127.333,0.194793
127.333,0.194793
127.467,0.183495
127.467,0.183495
127.6,0.168921
127.6,0.168921
127.733,0.163059
127.733,0.163059
127.867,0.161734
127.867,0.161734
128,0.157239
128,0.157239
128.133,0.154179
128.133,0.154179
128.267,0.149108
128.267,0.149108
128.4,0.140256
128.4,0.140256
128.533,0.129518
128.533,0.129518
128.667,0.122657
128.667,0.122657
128.8,0.114964
128.8,0.114964
128.933,0.113126
128.933,0.113126
129.067,0.110093
129.067,0.110093
129.2,0.110493
129.2,0.110493
129.333,0.106844
129.333,0.106844
129.467,0.100437
129.467,0.100437
129.6,0.0921257
129.6,0.0921257
129.733,0.0836886
129.733,0.0836886
129.867,0.0715993
129.867,0.0715993
130,0.0609952
130,0.0609952
130.133,0.054639
130.133,0.054639
130.267,0.0472914
130.267,0.0472914
130.4,0.0386309
130.4,0.0386309
130.533,0.0325334
130.533,0.0325334
130.667,0.0294454
130.667,0.0294454
130.8,0.0199817
130.8,0.0199817
130.933,0.0143661
130.933,0.0143661
131.067,0.00834692
131.067,0.00834692
131.2,0.00183789
131.2,0.00183789
131.333,0.00199464
131.333,0.00199464
131.467,0.00139899
131.467,0.00139899
131.6,0.0010659
131.6,0.0010659
131.733,0.000971848
131.733,0.000971848
131.867,0.00138332
131.867,0.00138332
132,0.0011717
132,0.0011717
132.133,0.00099536
132.133,0.00099536
132.267,0.000877798
132.267,0.000877798
132.4,0.00149304
132.4,0.00149304
132.533,0.00141858
132.533,0.00141858
132.667,0.00116387
132.667,0.00116387
132.8,0.000889554
132.8,0.000889554
132.933,0.000905229
132.933,0.000905229
133.067,0.000916985
133.067,0.000916985
133.2,0.000967929
133.2,0.000967929
133.333,0.00447912
133.333,0.00447912
133.467,0.020256
133.467,0.020256
133.6,0.0464449
133.6,0.0464449
133.733,0.0670771
133.733,0.0670771
133.867,0.0877053
133.867,0.0877053
134,0.113616
134,0.113616
134.133,0.13118
134.133,0.13118
134.267,0.149778
134.267,0.149778
134.4,0.177966
134.4,0.177966
134.533,0.197669
134.533,0.197669
134.667,0.209257
134.667,0.209257
134.8,0.215742
134.8,0.215742
134.933,0.22503
134.933,0.22503
135.067,0.230653
135.067,0.230653
135.2,0.220382
135.2,0.220382
135.333,0.208967
135.333,0.208967
135.467,0.195772
135.467,0.195772
135.6,0.173937
135.6,0.173937
135.733,0.165739
135.733,0.165739
135.867,0.152576
135.867,0.152576
136,0.135244
136,0.135244
136.133,0.117978
136.133,0.117978
136.267,0.0983722
136.267,0.0983722
136.4,0.0758394
136.4,0.0758394
136.533,0.0645142
136.533,0.0645142
136.667,0.060956
136.667,0.060956
136.8,0.0528677
136.8,0.0528677
136.933,0.0476284
136.933,0.0476284
137.067,0.0471346
137.067,0.0471346
137.2,0.0400613
137.2,0.0400613
137.333,0.0336777
137.333,0.0336777
137.467,0.0303467
137.467,0.0303467
137.6,0.02749
137.6,0.02749
137.733,0.028356
137.733,0.028356
137.867,0.0268708
137.867,0.0268708
138,0.0226621
138,0.0226621
138.133,0.0148795
138.133,0.0148795
138.267,0.00876622
138.267,0.00876622
138.4,0.00531381
138.4,0.00531381
138.533,0.00541178
138.533,0.00541178
138.667,0.00561947
138.667,0.00561947
138.8,0.00590554
138.8,0.00590554
138.933,0.00536476
138.933,0.00536476
139.067,0.00499639
139.067,0.00499639
139.2,0.00541962
139.2,0.00541962
139.333,0.00457317
139.333,0.00457317
139.467,0.00421265
139.467,0.00421265
139.6,0.0042871
139.6,0.0042871
139.733,0.00479262
139.733,0.00479262
139.867,0.00458101
139.867,0.00458101
140,0.00608972
140,0.00608972
140.133,0.00977726
140.133,0.00977726
140.267,0.0150754
140.267,0.0150754
140.4,0.0197583
140.4,0.0197583
140.533,0.024982
140.533,0.024982
140.667,0.0308091
140.667,0.0308091
140.8,0.0390071
140.8,0.0390071
140.933,0.0454652
140.933,0.0454652
141.067,0.0529344
141.067,0.0529344
141.2,0.0626959
141.2,0.0626959
141.333,0.0726574
141.333,0.0726574
141.467,0.0879444
141.467,0.0879444
141.6,0.110653
141.6,0.110653
141.733,0.128256
141.733,0.128256
141.867,0.13919
141.867,0.13919
142,0.153352
142,0.153352
142.133,0.162134
142.133,0.162134
142.267,0.169348
142.267,0.169348
142.4,0.174051
142.4,0.174051
142.533,0.179521
142.533,0.179521
142.667,0.184224
142.667,0.184224
142.8,0.188331
142.8,0.188331
142.933,0.190192
142.933,0.190192
143.067,0.191215
143.067,0.191215
143.2,0.192171
143.2,0.192171
143.333,0.192779
143.333,0.192779
143.467,0.193511
143.467,0.193511
143.6,0.205648
143.6,0.205648
143.733,0.214637
143.733,0.214637
143.867,0.21249
143.867,0.21249
144,0.206541
144,0.206541
144.133,0.202434
144.133,0.202434
144.267,0.197626
144.267,0.197626
144.4,0.189632
144.4,0.189632
144.533,0.179431
144.533,0.179431
144.667,0.165786
144.667,0.165786
144.8,0.148846
144.8,0.148846
144.933,0.136815
144.933,0.136815
145.067,0.125368
145.067,0.125368
145.2,0.110653
145.2,0.110653
145.333,0.10001
145.333,0.10001
145.467,0.0888653
145.467,0.0888653
145.6,0.0722067
145.6,0.0722067
145.733,0.059075
145.733,0.059075
145.867,0.0466761
145.867,0.0466761
146,0.0330467
146,0.0330467
146.133,0.0236927
146.133,0.0236927
146.267,0.0173992
146.267,0.0173992
146.4,0.0111214
146.4,0.0111214
146.533,0.0108588
146.533,0.0108588
146.667,0.00923255
146.667,0.00923255
146.8,0.00502774
146.8,0.00502774
146.933,0.00332701
146.933,0.00332701
147.067,0.00127359
147.067,0.00127359
147.2,2.35124e-05
147.2,2.35124e-05
147.333,0.00101104
147.333,0.00101104
147.467,0.00102279
147.467,0.00102279
147.6,0.00123048
147.6,0.00123048
147.733,0.0011913
147.733,0.0011913
147.867,0.00127359
147.867,0.00127359
148,0.00135588
148,0.00135588
148.133,0.00126575
148.133,0.00126575
148.267,0.00114427
148.267,0.00114427
148.4,0.00133237
148.4,0.00133237
148.533,0.00135197
148.533,0.00135197
148.667,0.00153615
148.667,0.00153615
148.8,0.00144602
148.8,0.00144602
148.933,0.00149304
148.933,0.00149304
149.067,0.00172425
149.067,0.00172425
149.2,0.00171249
149.2,0.00171249
149.333,0.00182221
149.333,0.00182221
149.467,0.0016929
149.467,0.0016929
149.6,0.00157925
149.6,0.00157925
149.733,0.00137156
149.733,0.00137156
149.867,0.00160277
149.867,0.00160277
150,0.00149696
150,0.00149696
150.133,0.00165371
150.133,0.00165371
150.267,0.00166938
150.267,0.00166938
150.4,0.00139507
150.4,0.00139507
150.533,0.00150872
150.533,0.00150872
150.667,0.00188883
150.667,0.00188883
150.8,0.00183789
150.8,0.00183789
150.933,0.00274312
150.933,0.00274312
151.067,0.00762587
151.067,0.00762587
151.2,0.0194918
151.2,0.0194918
151.333,0.0300881
151.333,0.0300881
151.467,0.0390424
151.467,0.0390424
151.6,0.0462842
151.6,0.0462842
151.733,0.0499052
151.733,0.0499052
151.867,0.0535535
151.867,0.0535535
152,0.0582874
152,0.0582874
152.133,0.0608345
152.133,0.0608345
152.267,0.0627234
152.267,0.0627234
152.4,0.0651216
152.4,0.0651216
152.533,0.0659446
152.533,0.0659446
152.667,0.0655566
152.667,0.0655566
152.8,0.064573
152.8,0.064573
152.933,0.0635698
152.933,0.0635698
153.067,0.0638285
153.067,0.0638285
153.2,0.0671711
153.2,0.0671711
153.333,0.0699926
153.333,0.0699926
153.467,0.0683115
153.467,0.0683115
153.6,0.0672809
153.6,0.0672809
153.733,0.0577387
153.733,0.0577387
153.867,0.0518058
153.867,0.0518058
154,0.0442347
154,0.0442347
154.133,0.0415465
154.133,0.0415465
154.267,0.0386349
154.267,0.0386349
154.4,0.0339324
154.4,0.0339324
154.533,0.03231
154.533,0.03231
154.667,0.0318476
154.667,0.0318476
154.8,0.0282816
154.8,0.0282816
154.933,0.0270746
154.933,0.0270746
155.067,0.0254405
155.067,0.0254405
155.2,0.0225719
155.2,0.0225719
155.333,0.0219371
155.333,0.0219371
155.467,0.0206126
155.467,0.0206126
155.6,0.0182417
155.6,0.0182417
155.733,0.0158004
155.733,0.0158004
155.867,0.0146835
155.867,0.0146835
156,0.013167
156,0.013167
156.133,0.0113643
156.133,0.0113643
156.267,0.00941673
156.267,0.00941673
156.4,0.00760628
156.4,0.00760628
156.533,0.00664227
156.533,0.00664227
156.667,0.00619945
156.667,0.00619945
156.8,0.00438899
156.8,0.00438899
156.933,0.00392658
156.933,0.00392658
157.067,0.00414995
157.067,0.00414995
157.2,0.0047456
157.2,0.0047456
157.333,0.00586244
157.333,0.00586244
157.467,0.00589379
157.467,0.00589379
157.6,0.00639539
157.6,0.00639539
157.733,0.00655605
157.733,0.00655605
157.867,0.00637187
157.867,0.00637187
158,0.00652862
158,0.00652862
158.133,0.0063366
158.133,0.0063366
158.267,0.00653646
158.267,0.00653646
158.4,0.00712427
158.4,0.00712427
158.533,0.0060858
158.533,0.0060858
158.667,0.00503558
158.667,0.00503558
158.8,0.00591338
158.8,0.00591338
158.933,0.0229638
158.933,0.0229638
159.067,0.0419384
159.067,0.0419384
159.2,0.0573978
159.2,0.0573978
159.333,0.0591495
159.333,0.0591495
159.467,0.0616144
159.467,0.0616144
159.6,0.0623668
159.6,0.0623668
159.733,0.0633935
159.733,0.0633935
159.867,0.0641224
159.867,0.0641224
160,0.0649766
160,0.0649766
160.133,0.0653097
160.133,0.0653097
160.267,0.0662385
160.267,0.0662385
160.4,0.0673788
160.4,0.0673788
160.533,0.068578
160.533,0.068578
160.667,0.0626724
160.667,0.0626724
160.8,0.052566
160.8,0.052566
160.933,0.0484592
160.933,0.0484592
161.067,0.0423851
161.067,0.0423851
161.2,0.0284461
161.2,0.0284461
161.333,0.0196995
161.333,0.0196995
161.467,0.011286
161.467,0.011286
161.6,0.00241003
161.6,0.00241003
161.733,0.000525111
161.733,0.000525111
161.867,0.00056038
161.867,0.00056038
162,0.0014225
162,0.0014225
162.133,0.00775519
162.133,0.00775519
162.267,0.0247586
162.267,0.0247586
162.4,0.0357663
162.4,0.0357663
162.533,0.0381176
162.533,0.0381176
162.667,0.0404453
162.667,0.0404453
162.8,0.0430513
162.8,0.0430513
162.933,0.0441093
162.933,0.0441093
163.067,0.0454104
163.067,0.0454104
163.2,0.0469622
163.2,0.0469622
163.333,0.0474755
163.333,0.0474755
163.467,0.0486864
163.467,0.0486864
163.6,0.0489333
163.6,0.0489333
163.733,0.049286
163.733,0.049286
163.867,0.049525
163.867,0.049525
164,0.0413976
164,0.0413976
164.133,0.0329919
164.133,0.0329919
164.267,0.0242884
164.267,0.0242884
164.4,0.0156554
164.4,0.0156554
164.533,0.0110156
164.533,0.0110156
164.667,0.0093462
164.667,0.0093462
164.8,0.00551367
164.8,0.00551367
164.933,0.00310364
164.933,0.00310364
165.067,0.00371497
165.067,0.00371497
165.2,0.00553326
165.2,0.00553326
165.333,0.00622688
165.333,0.00622688
165.467,0.00699103
165.467,0.00699103
165.6,0.00751615
165.6,0.00751615
165.733,0.00830773
165.733,0.00830773
165.867,0.00868785
165.867,0.00868785
166,0.0092639
166,0.0092639
166.133,0.00961267
166.133,0.00961267
166.267,0.00980077
166.267,0.00980077
166.4,0.0101691
166.4,0.0101691
166.533,0.0103768
166.533,0.0103768
166.667,0.0110861
166.667,0.0110861
166.8,0.0110861
166.8,0.0110861
166.933,0.010898
166.933,0.010898
167.067,0.00947943
167.067,0.00947943
167.2,0.017266
167.2,0.017266
167.333,0.02961
167.333,0.02961
167.467,0.0426908
167.467,0.0426908
167.6,0.0537455
167.6,0.0537455
167.733,0.0543529
167.733,0.0543529
167.867,0.0559871
167.867,0.0559871
168,0.0592279
168,0.0592279
168.133,0.0615791
168.133,0.0615791
168.267,0.0634248
168.267,0.0634248
168.4,0.0651922
168.4,0.0651922
168.533,0.0672534
168.533,0.0672534
168.667,0.0677864
168.667,0.0677864
168.8,0.0690952
168.8,0.0690952
168.933,0.0697732
168.933,0.0697732
169.067,0.0710154
169.067,0.0710154
169.2,0.0718227
169.2,0.0718227
169.333,0.0719442
169.333,0.0719442
169.467,0.0729199
169.467,0.0729199
169.6,0.0733706
169.6,0.0733706
169.733,0.0668929
169.733,0.0668929
169.867,0.0614537
169.867,0.0614537
170,0.0543608
170,0.0543608
170.133,0.0460805
170.133,0.0460805
170.267,0.0370791
170.267,0.0370791
170.4,0.0259852
170.4,0.0259852
170.533,0.017458
170.533,0.017458
170.667,0.0111371
170.667,0.0111371
170.8,0.00255502
170.8,0.00255502
170.933,0.00182221
170.933,0.00182221
171.067,0.00319769
171.067,0.00319769
171.2,0.00276271
171.2,0.00276271
171.333,0.00253934
171.333,0.00253934
171.467,0.00212004
171.467,0.00212004
171.6,0.00193586
171.6,0.00193586
171.733,0.00202991
171.733,0.00202991
171.867,0.00179478
171.867,0.00179478
172,0.00184573
172,0.00184573
172.133,0.00176343
172.133,0.00176343
172.267,0.00166546
172.267,0.00166546
172.4,0.0019868
172.4,0.0019868
172.533,0.00178695
172.533,0.00178695
172.667,0.00194761
172.667,0.00194761
172.8,0.0018183
172.8,0.0018183
172.933,0.0018614
172.933,0.0018614
173.067,0.00183397
173.067,0.00183397
173.2,0.00176735
173.2,0.00176735
173.333,0.00174776
173.333,0.00174776
173.467,0.00169681
173.467,0.00169681
173.6,0.00174776
173.6,0.00174776
173.733,0.00191235
173.733,0.00191235
173.867,0.00194761
173.867,0.00194761
174,0.00233557
174,0.00233557
174.133,0.00210045
174.133,0.00210045
174.267,0.00205734
174.267,0.00205734
174.4,0.00199856
174.4,0.00199856
174.533,0.00187708
174.533,0.00187708
174.667,0.00187708
174.667,0.00187708
174.8,0.00205734
174.8,0.00205734
174.933,0.00672456
174.933,0.00672456
175.067,0.0195741
175.067,0.0195741
175.2,0.0310795
175.2,0.0310795
175.333,0.0346691
175.333,0.0346691
175.467,0.0368087
175.467,0.0368087
175.6,0.0390503
175.6,0.0390503
175.733,0.0413349
175.733,0.0413349
175.867,0.0533145
175.867,0.0533145
176,0.0717404
176,0.0717404
176.133,0.0854286
176.133,0.0854286
176.267,0.100367
176.267,0.100367
176.4,0.120713
176.4,0.120713
176.533,0.1327
176.533,0.1327
176.667,0.138002
176.667,0.138002
176.8,0.141075
176.8,0.141075
176.933,0.143575
176.933,0.143575
177.067,0.146459
177.067,0.146459
177.2,0.148179
177.2,0.148179
177.333,0.142842
177.333,0.142842
177.467,0.136505
177.467,0.136505
177.6,0.13029
177.6,0.13029
177.733,0.125212
177.733,0.125212
177.867,0.120928
177.867,0.120928
178,0.120023
178,0.120023
178.133,0.120486
178.133,0.120486
178.267,0.123813
178.267,0.123813
178.4,0.123609
178.4,0.123609
178.533,0.115944
178.533,0.115944
178.667,0.111774
178.667,0.111774
178.8,0.111543
178.8,0.111543
178.933,0.10704
178.933,0.10704
179.067,0.102209
179.067,0.102209
179.2,0.093893
179.2,0.093893
179.333,0.0826149
179.333,0.0826149
179.467,0.0726299
179.467,0.0726299
179.6,0.0588125
179.6,0.0588125
179.733,0.0496975
179.733,0.0496975
179.867,0.0421578
179.867,0.0421578
180,0.0376003
180,0.0376003
180.133,0.0341675
180.133,0.0341675
180.267,0.0344497
180.267,0.0344497
180.4,0.0350767
180.4,0.0350767
180.533,0.0351903
180.533,0.0351903
180.667,0.0348494
180.667,0.0348494
180.8,0.035253
180.8,0.035253
180.933,0.0362327
180.933,0.0362327
181.067,0.0362523
181.067,0.0362523
181.2,0.0352099
181.2,0.0352099
181.333,0.0362405
181.333,0.0362405
181.467,0.0366912
181.467,0.0366912
181.6,0.0366716
181.6,0.0366716
181.733,0.0372006
181.733,0.0372006
181.867,0.0430435
181.867,0.0430435
182,0.0549251
182,0.0549251
182.133,0.0629585
182.133,0.0629585
182.267,0.0685662
182.267,0.0685662
182.4,0.0750165
182.4,0.0750165
182.533,0.0764821
182.533,0.0764821
182.667,0.0785277
182.667,0.0785277
182.8,0.0797581
182.8,0.0797581
182.933,0.0808515
182.933,0.0808515
183.067,0.0822034
183.067,0.0822034
183.2,0.0859889
183.2,0.0859889
183.333,0.0876701
183.333,0.0876701
183.467,0.0884813
183.467,0.0884813
183.6,0.0892454
183.6,0.0892454
183.733,0.0899116
183.733,0.0899116
183.867,0.0899782
183.867,0.0899782
184,0.0918514
184,0.0918514
184.133,0.092447
184.133,0.092447
184.267,0.0931171
184.267,0.0931171
184.4,0.094136
184.4,0.094136
184.533,0.0945004
184.533,0.0945004
184.667,0.0944417
184.667,0.0944417
184.8,0.0948218
184.8,0.0948218
184.933,0.0951666
184.933,0.0951666
185.067,0.0949119
185.067,0.0949119
185.2,0.0951588
185.2,0.0951588
185.333,0.0969771
185.333,0.0969771
185.467,0.0973259
185.467,0.0973259
185.6,0.0966048
185.6,0.0966048
185.733,0.0965695
185.733,0.0965695
185.867,0.0971887
185.867,0.0971887
186,0.0968909
186,0.0968909
186.133,0.0980665
186.133,0.0980665
186.267,0.0978706
186.267,0.0978706
186.4,0.0983565
186.4,0.0983565
186.533,0.0983212
186.533,0.0983212
186.667,0.0981801
186.667,0.0981801
186.8,0.0983917
186.8,0.0983917
186.933,0.0989325
186.933,0.0989325
187.067,0.0990736
187.067,0.0990736
187.2,0.0997555
187.2,0.0997555
187.333,0.0987052
187.333,0.0987052
187.467,0.0986112
187.467,0.0986112
187.6,0.0987405
187.6,0.0987405
187.733,0.0988267
187.733,0.0988267
187.867,0.0986778
187.867,0.0986778
188,0.099536
188,0.099536
188.133,0.0999122
188.133,0.0999122
188.267,0.100496
188.267,0.100496
188.4,0.100124
188.4,0.100124
188.533,0.0995047
188.533,0.0995047
188.667,0.0998182
188.667,0.0998182
188.8,0.0996536
188.8,0.0996536
188.933,0.0997476
188.933,0.0997476
189.067,0.100147
189.067,0.100147
189.2,0.100763
189.2,0.100763
189.333,0.101695
189.333,0.101695
189.467,0.101656
189.467,0.101656
189.6,0.102749
189.6,0.102749
189.733,0.10331
189.733,0.10331
189.867,0.103008
189.867,0.103008
190,0.102573
190,0.102573
190.133,0.102283
190.133,0.102283
190.267,0.102604
190.267,0.102604
190.4,0.102546
190.4,0.102546
190.533,0.102785
190.533,0.102785
190.667,0.100853
190.667,0.100853
190.8,0.100884
190.8,0.100884
190.933,0.101558
190.933,0.101558
191.067,0.102267
191.067,0.102267
191.2,0.102957
191.2,0.102957
191.333,0.103851
191.333,0.103851
191.467,0.104364
191.467,0.104364
191.6,0.104427
191.6,0.104427
191.733,0.104395
191.733,0.104395
191.867,0.104995
191.867,0.104995
192,0.106821
192,0.106821
192.133,0.108083
192.133,0.108083
192.267,0.109188
192.267,0.109188
192.4,0.108369
192.4,0.108369
192.533,0.108839
192.533,0.108839
192.667,0.110414
192.667,0.110414
192.8,0.110391
192.8,0.110391
192.933,0.108694
192.933,0.108694
193.067,0.107765
193.067,0.107765
193.2,0.107205
193.2,0.107205
193.333,0.10686
193.333,0.10686
193.467,0.106296
193.467,0.106296
193.6,0.105496
193.6,0.105496
193.733,0.105877
193.733,0.105877
193.867,0.10715
193.867,0.10715
194,0.106715
194,0.106715
194.133,0.106978
194.133,0.106978
194.267,0.106872
194.267,0.106872
194.4,0.105649
194.4,0.105649
194.533,0.104458
194.533,0.104458
194.667,0.104689
194.667,0.104689
194.8,0.10521
194.8,0.10521
194.933,0.106217
194.933,0.106217
195.067,0.105681
195.067,0.105681
195.2,0.10679
195.2,0.10679
195.333,0.109121
195.333,0.109121
195.467,0.110426
195.467,0.110426
195.6,0.110877
195.6,0.110877
195.733,0.109995
195.733,0.109995
195.867,0.110673
195.867,0.110673
196,0.111955
196,0.111955
196.133,0.113769
196.133,0.113769
196.267,0.116422
196.267,0.116422
196.4,0.123515
196.4,0.123515
196.533,0.127818
196.533,0.127818
196.667,0.131975
196.667,0.131975
196.8,0.13522
196.8,0.13522
196.933,0.137058
196.933,0.137058
197.067,0.141008
197.067,0.141008
197.2,0.146581
197.2,0.146581
197.333,0.146835
197.333,0.146835
197.467,0.152161
197.467,0.152161
197.6,0.157396
197.6,0.157396
197.733,0.160147
197.733,0.160147
197.867,0.164799
197.867,0.164799
198,0.169297
198,0.169297
198.133,0.173189
198.133,0.173189
198.267,0.175865
198.267,0.175865
198.4,0.180787
198.4,0.180787
198.533,0.18413
198.533,0.18413
198.667,0.18578
198.667,0.18578
198.8,0.193468
198.8,0.193468
198.933,0.196591
198.933,0.196591
199.067,0.195388
199.067,0.195388
199.2,0.205201
199.2,0.205201
199.333,0.217431
199.333,0.217431
199.467,0.230935
199.467,0.230935
199.6,0.244083
199.6,0.244083
199.733,0.254816
199.733,0.254816
199.867,0.262924
199.867,0.262924
200,0.271553
200,0.271553
200.133,0.275585
200.133,0.275585
200.267,0.280453
200.267,0.280453
200.4,0.283388
200.4,0.283388
200.533,0.287628
200.533,0.287628
200.667,0.29264
200.667,0.29264
200.8,0.301002
200.8,0.301002
200.933,0.307174
200.933,0.307174
201.067,0.308907
201.067,0.308907
201.2,0.313229
201.2,0.313229
201.333,0.316744
201.333,0.316744
201.467,0.318727
201.467,0.318727
201.6,0.322567
201.6,0.322567
201.733,0.323222
201.733,0.323222
201.867,0.323712
201.867,0.323712
202,0.317786
202,0.317786
202.133,0.315055
202.133,0.315055
202.267,0.31248
202.267,0.31248
202.4,0.3098
202.4,0.3098
202.533,0.310505
202.533,0.310505
202.667,0.31172
202.667,0.31172
202.8,0.315267
202.8,0.315267
202.933,0.314154
202.933,0.314154
203.067,0.312159
203.067,0.312159
203.2,0.312966
203.2,0.312966
203.333,0.313656
203.333,0.313656
203.467,0.313891
203.467,0.313891
203.6,0.312731
203.6,0.312731
203.733,0.314056
203.733,0.314056
203.867,0.321807
203.867,0.321807
204,0.322352
204,0.322352
204.133,0.331145
204.133,0.331145
204.267,0.33624
204.267,0.33624
204.4,0.339994
204.4,0.339994
204.533,0.347459
204.533,0.347459
204.667,0.348623
204.667,0.348623
204.8,0.352267
204.8,0.352267
204.933,0.351636
204.933,0.351636
205.067,0.353404
205.067,0.353404
205.2,0.355493
205.2,0.355493
205.333,0.355351
205.333,0.355351
205.467,0.358486
205.467,0.358486
205.6,0.361132
205.6,0.361132
205.733,0.354019
205.733,0.354019
205.867,0.355688
205.867,0.355688
206,0.361092
206,0.361092
206.133,0.363189
206.133,0.363189
206.267,0.363193
206.267,0.363193
206.4,0.366402
206.4,0.366402
206.533,0.366986
206.533,0.366986
206.667,0.368812
206.667,0.368812
206.8,0.367938
206.8,0.367938
206.933,0.366782
206.933,0.366782
207.067,0.363471
207.067,0.363471
207.2,0.358855
207.2,0.358855
207.333,0.354301
207.333,0.354301
207.467,0.354897
207.467,0.354897
207.6,0.350175
207.6,0.350175
207.733,0.348255
207.733,0.348255
207.867,0.348678
207.867,0.348678
208,0.348302
208,0.348302
208.133,0.347471
208.133,0.347471
208.267,0.347816
208.267,0.347816
208.4,0.348364
208.4,0.348364
208.533,0.350786
208.533,0.350786
208.667,0.351625
208.667,0.351625
208.8,0.354062
208.8,0.354062
208.933,0.357354
208.933,0.357354
209.067,0.353153
209.067,0.353153
209.2,0.354082
209.2,0.354082
209.333,0.355108
209.333,0.355108
209.467,0.358334
209.467,0.358334
209.6,0.360755
209.6,0.360755
209.733,0.362534
209.733,0.362534
209.867,0.36284
209.867,0.36284
210,0.364553
210,0.364553
210.133,0.366265
210.133,0.366265
210.267,0.367778
210.267,0.367778
210.4,0.36913
210.4,0.36913
210.533,0.370627
210.533,0.370627
210.667,0.368275
210.667,0.368275
210.8,0.3696
210.8,0.3696
210.933,0.37065
210.933,0.37065
211.067,0.36969
211.067,0.36969
211.2,0.36962
211.2,0.36962
211.333,0.370086
211.333,0.370086
211.467,0.370862
211.467,0.370862
211.6,0.371066
211.6,0.371066
211.733,0.371869
211.733,0.371869
211.867,0.373965
211.867,0.373965
212,0.376991
212,0.376991
212.133,0.375776
212.133,0.375776
212.267,0.378006
212.267,0.378006
212.4,0.381407
212.4,0.381407
212.533,0.382963
212.533,0.382963
212.667,0.385957
212.667,0.385957
212.8,0.391275
212.8,0.391275
212.933,0.395068
212.933,0.395068
213.067,0.397066
213.067,0.397066
213.2,0.399782
213.2,0.399782
213.333,0.401953
213.333,0.401953
213.467,0.404876
213.467,0.404876
213.6,0.407349
213.6,0.407349
213.733,0.409873
213.733,0.409873
213.867,0.411468
213.867,0.411468
214,0.407827
214,0.407827
214.133,0.409755
214.133,0.409755
214.267,0.410986
214.267,0.410986
214.4,0.411025
214.4,0.411025
214.533,0.411734
214.533,0.411734
214.667,0.411511
214.667,0.411511
214.8,0.41177
214.8,0.41177
214.933,0.413435
214.933,0.413435
215.067,0.414975
215.067,0.414975
215.2,0.415778
215.2,0.415778
215.333,0.416225
215.333,0.416225
215.467,0.416135
215.467,0.416135
215.6,0.416621
215.6,0.416621
215.733,0.412232
215.733,0.412232
215.867,0.413447
215.867,0.413447
216,0.413459
216,0.413459
216.133,0.413396
216.133,0.413396
216.267,0.413678
216.267,0.413678
216.4,0.413212
216.4,0.413212
216.533,0.41329
216.533,0.41329
216.667,0.413905
216.667,0.413905
216.8,0.414227
216.8,0.414227
216.933,0.413913
216.933,0.413913
217.067,0.414528
217.067,0.414528
217.2,0.414905
217.2,0.414905
217.333,0.412737
217.333,0.412737
217.467,0.413353
217.467,0.413353
217.6,0.414893
217.6,0.414893
217.733,0.415367
217.733,0.415367
217.867,0.416213
217.867,0.416213
218,0.417569
218,0.417569
218.133,0.419113
218.133,0.419113
218.267,0.420387
218.267,0.420387
218.4,0.420222
218.4,0.420222
218.533,0.419964
218.533,0.419964
218.667,0.419764
218.667,0.419764
218.8,0.41945
218.8,0.41945
218.933,0.419552
218.933,0.419552
219.067,0.407725
219.067,0.407725
219.2,0.407827
219.2,0.407827
219.333,0.407819
219.333,0.407819
219.467,0.408693
219.467,0.408693
219.6,0.409967
219.6,0.409967
219.733,0.409614
219.733,0.409614
219.867,0.410081
219.867,0.410081
220,0.408748
220,0.408748
220.133,0.40878
220.133,0.40878
220.267,0.408752
220.267,0.408752
220.4,0.408564
220.4,0.408564
220.533,0.408055
220.533,0.408055
220.667,0.400546
220.667,0.400546
220.8,0.400558
220.8,0.400558
220.933,0.400989
220.933,0.400989
221.067,0.401314
221.067,0.401314
221.2,0.400766
221.2,0.400766
221.333,0.400413
221.333,0.400413
221.467,0.400076
221.467,0.400076
221.6,0.400252
221.6,0.400252
221.733,0.401667
221.733,0.401667
221.867,0.4022
221.867,0.4022
222,0.4028
222,0.4028
222.133,0.402184
222.133,0.402184
222.267,0.403282
222.267,0.403282
222.4,0.401397
222.4,0.401397
222.533,0.403184
222.533,0.403184
222.667,0.404226
222.667,0.404226
222.8,0.406875
222.8,0.406875
222.933,0.405288
222.933,0.405288
223.067,0.404512
223.067,0.404512
223.2,0.404391
223.2,0.404391
223.333,0.403019
223.333,0.403019
223.467,0.402353
223.467,0.402353
223.6,0.402643
223.6,0.402643
223.733,0.403909
223.733,0.403909
223.867,0.405127
223.867,0.405127
224,0.401467
224,0.401467
224.133,0.402463
224.133,0.402463
224.267,0.403164
224.267,0.403164
224.4,0.405723
224.4,0.405723
224.533,0.406319
224.533,0.406319
224.667,0.406961
224.667,0.406961
224.8,0.410006
224.8,0.410006
224.933,0.410974
224.933,0.410974
225.067,0.41177
225.067,0.41177
225.2,0.412013
225.2,0.412013
225.333,0.412761
225.333,0.412761
225.467,0.412851
225.467,0.412851
225.6,0.413854
225.6,0.413854
225.733,0.4082
225.733,0.4082
225.867,0.408925
225.867,0.408925
226,0.409661
226,0.409661
226.133,0.40945
226.133,0.40945
226.267,0.409689
226.267,0.409689
226.4,0.410171
226.4,0.410171
226.533,0.410249
226.533,0.410249
226.667,0.41088
226.667,0.41088
226.8,0.411319
226.8,0.411319
226.933,0.412612
226.933,0.412612
227.067,0.413364
227.067,0.413364
227.2,0.414466
227.2,0.414466
227.333,0.409857
227.333,0.409857
227.467,0.411319
227.467,0.411319
227.6,0.411868
227.6,0.411868
227.733,0.413141
227.733,0.413141
227.867,0.414031
227.867,0.414031
228,0.414136
228,0.414136
228.133,0.41501
228.133,0.41501
228.267,0.414905
228.267,0.414905
228.4,0.415018
228.4,0.415018
228.533,0.415347
228.533,0.415347
228.667,0.415406
228.667,0.415406
228.8,0.416182
228.8,0.416182
228.933,0.416676
228.933,0.416676
229.067,0.418083
229.067,0.418083
229.2,0.418678
229.2,0.418678
229.333,0.419584
229.333,0.419584
229.467,0.419846
229.467,0.419846
229.6,0.419341
229.6,0.419341
229.733,0.419568
229.733,0.419568
229.867,0.419819
229.867,0.419819
230,0.420469
230,0.420469
230.133,0.42081
230.133,0.42081
230.267,0.420649
230.267,0.420649
230.4,0.420567
230.4,0.420567
230.533,0.420265
230.533,0.420265
230.667,0.416178
230.667,0.416178
230.8,0.417561
230.8,0.417561
230.933,0.418866
230.933,0.418866
231.067,0.419109
231.067,0.419109
231.2,0.417264
231.2,0.417264
231.333,0.415379
231.333,0.415379
231.467,0.413968
231.467,0.413968
231.6,0.412432
231.6,0.412432
231.733,0.412616
231.733,0.412616
231.867,0.412569
231.867,0.412569
232,0.41251
232,0.41251
232.133,0.412741
232.133,0.412741
232.267,0.412287
232.267,0.412287
232.4,0.410884
232.4,0.410884
232.533,0.411487
232.533,0.411487
232.667,0.410688
232.667,0.410688
232.8,0.411186
232.8,0.411186
232.933,0.411969
232.933,0.411969
233.067,0.4124
233.067,0.4124
233.2,0.412514
233.2,0.412514
233.333,0.41311
233.333,0.41311
233.467,0.413478
233.467,0.413478
233.6,0.413306
233.6,0.413306
233.733,0.413357
233.733,0.413357
233.867,0.413274
233.867,0.413274
234,0.409955
234,0.409955
234.133,0.410786
234.133,0.410786
234.267,0.411519
234.267,0.411519
234.4,0.411331
234.4,0.411331
234.533,0.411476
234.533,0.411476
234.667,0.411875
234.667,0.411875
234.8,0.411907
234.8,0.411907
234.933,0.411965
234.933,0.411965
235.067,0.412224
235.067,0.412224
235.2,0.412197
235.2,0.412197
235.333,0.412271
235.333,0.412271
235.467,0.412122
235.467,0.412122
235.6,0.412346
235.6,0.412346
235.733,0.408842
235.733,0.408842
235.867,0.409697
235.867,0.409697
236,0.410155
236,0.410155
236.133,0.410802
236.133,0.410802
236.267,0.411742
236.267,0.411742
236.4,0.414376
236.4,0.414376
236.533,0.415242
236.533,0.415242
236.667,0.416989
236.667,0.416989
236.8,0.417585
236.8,0.417585
236.933,0.417938
236.933,0.417938
237.067,0.419584
237.067,0.419584
237.2,0.419748
237.2,0.419748
237.333,0.417522
237.333,0.417522
237.467,0.417612
237.467,0.417612
237.6,0.416695
237.6,0.416695
237.733,0.416398
237.733,0.416398
237.867,0.416707
237.867,0.416707
238,0.41329
238,0.41329
238.133,0.414352
238.133,0.414352
238.267,0.414756
238.267,0.414756
238.4,0.414995
238.4,0.414995
238.533,0.41599
238.533,0.41599
238.667,0.41695
238.667,0.41695
238.8,0.417816
238.8,0.417816
238.933,0.419137
238.933,0.419137
239.067,0.419098
239.067,0.419098
239.2,0.419591
239.2,0.419591
239.333,0.41965
239.333,0.41965
239.467,0.419011
239.467,0.419011
239.6,0.414893
239.6,0.414893
239.733,0.414889
239.733,0.414889
239.867,0.413686
239.867,0.413686
240,0.412906
240,0.412906
240.133,0.412416
240.133,0.412416
240.267,0.412832
240.267,0.412832
240.4,0.413686
240.4,0.413686
240.533,0.41405
240.533,0.41405
240.667,0.414113
240.667,0.414113
240.8,0.414654
240.8,0.414654
240.933,0.415014
240.933,0.415014
241.067,0.415774
241.067,0.415774
241.2,0.4163
241.2,0.4163
241.333,0.4157
241.333,0.4157
241.467,0.416981
241.467,0.416981
241.6,0.417091
241.6,0.417091
241.733,0.415057
241.733,0.415057
241.867,0.414967
241.867,0.414967
242,0.415602
242,0.415602
242.133,0.415677
242.133,0.415677
242.267,0.41561
242.267,0.41561
242.4,0.415919
242.4,0.415919
242.533,0.415512
242.533,0.415512
242.667,0.415633
242.667,0.415633
242.8,0.415394
242.8,0.415394
242.933,0.411001
242.933,0.411001
243.067,0.411965
243.067,0.411965
243.2,0.41289
243.2,0.41289
243.333,0.413682
243.333,0.413682
243.467,0.414368
243.467,0.414368
243.6,0.415065
243.6,0.415065
243.733,0.415242
243.733,0.415242
243.867,0.415696
243.867,0.415696
244,0.415912
244,0.415912
244.133,0.416174
244.133,0.416174
244.267,0.41597
244.267,0.41597
244.4,0.415492
244.4,0.415492
244.533,0.415191
244.533,0.415191
244.667,0.411311
244.667,0.411311
244.8,0.41137
244.8,0.41137
244.933,0.40965
244.933,0.40965
245.067,0.410496
245.067,0.410496
245.2,0.412216
245.2,0.412216
245.333,0.415892
245.333,0.415892
245.467,0.417942
245.467,0.417942
245.6,0.418835
245.6,0.418835
245.733,0.420042
245.733,0.420042
245.867,0.421359
245.867,0.421359
246,0.421351
246,0.421351
246.133,0.420642
246.133,0.420642
246.267,0.417667
246.267,0.417667
246.4,0.417624
246.4,0.417624
246.533,0.416441
246.533,0.416441
246.667,0.41485
246.667,0.41485
246.8,0.41601
246.8,0.41601
246.933,0.416927
246.933,0.416927
247.067,0.417393
247.067,0.417393
247.2,0.418228
247.2,0.418228
247.333,0.419054
247.333,0.419054
247.467,0.419815
247.467,0.419815
247.6,0.419631
247.6,0.419631
247.733,0.419995
247.733,0.419995
247.867,0.420062
247.867,0.420062
248,0.417471
248,0.417471
248.133,0.418431
248.133,0.418431
248.267,0.4188
248.267,0.4188
248.4,0.419007
248.4,0.419007
248.533,0.4188
248.533,0.4188
248.667,0.418945
248.667,0.418945
248.8,0.418968
248.8,0.418968
248.933,0.418749
248.933,0.418749
249.067,0.418565
249.067,0.418565
249.2,0.418475
249.2,0.418475
249.333,0.418149
249.333,0.418149
249.467,0.418153
249.467,0.418153
249.6,0.414716
249.6,0.414716
249.733,0.414434
249.733,0.414434
249.867,0.414697
249.867,0.414697
250,0.414117
250,0.414117
250.133,0.414767
250.133,0.414767
250.267,0.414082
250.267,0.414082
250.4,0.413831
250.4,0.413831
250.533,0.413776
250.533,0.413776
250.667,0.413984
250.667,0.413984
250.8,0.412718
250.8,0.412718
250.933,0.41193
250.933,0.41193
251.067,0.408987
251.067,0.408987
251.2,0.408893
251.2,0.408893
251.333,0.401624
251.333,0.401624
251.467,0.403544
251.467,0.403544
251.6,0.403979
251.6,0.403979
251.733,0.405131
251.733,0.405131
251.867,0.408658
251.867,0.408658
252,0.413411
252,0.413411
252.133,0.417079
252.133,0.417079
252.267,0.419576
252.267,0.419576
252.4,0.422327
252.4,0.422327
252.533,0.424917
252.533,0.424917
252.667,0.426571
252.667,0.426571
252.8,0.427868
252.8,0.427868
252.933,0.425548
252.933,0.425548
253.067,0.427989
253.067,0.427989
253.2,0.429576
253.2,0.429576
253.333,0.431602
253.333,0.431602
253.467,0.431998
253.467,0.431998
253.6,0.433123
253.6,0.433123
253.733,0.433377
253.733,0.433377
253.867,0.432723
253.867,0.432723
254,0.434067
254,0.434067
254.133,0.434381
254.133,0.434381
254.267,0.435427
254.267,0.435427
254.4,0.435631
254.4,0.435631
254.533,0.436207
254.533,0.436207
254.667,0.441932
254.667,0.441932
254.8,0.442524
254.8,0.442524
254.933,0.443366
254.933,0.443366
255.067,0.443974
255.067,0.443974
255.2,0.444377
255.2,0.444377
255.333,0.444812
255.333,0.444812
255.467,0.445228
255.467,0.445228
255.6,0.445878
255.6,0.445878
255.733,0.44618
255.733,0.44618
255.867,0.446376
255.867,0.446376
256,0.446305
256,0.446305
256.133,0.44674
256.133,0.44674
256.267,0.441109
256.267,0.441109
256.4,0.442214
256.4,0.442214
256.533,0.441991
256.533,0.441991
256.667,0.443163
256.667,0.443163
256.8,0.444107
256.8,0.444107
256.933,0.444624
256.933,0.444624
257.067,0.444801
257.067,0.444801
257.2,0.444695
257.2,0.444695
257.333,0.445349
257.333,0.445349
257.467,0.4458
257.467,0.4458
257.6,0.444903
257.6,0.444903
257.733,0.443711
257.733,0.443711
257.867,0.444926
257.867,0.444926
258,0.441956
258,0.441956
258.133,0.443664
258.133,0.443664
258.267,0.443946
258.267,0.443946
258.4,0.443841
258.4,0.443841
258.533,0.445134
258.533,0.445134
258.667,0.44446
258.667,0.44446
258.8,0.444268
258.8,0.444268
258.933,0.445553
258.933,0.445553
259.067,0.444828
259.067,0.444828
259.2,0.444048
259.2,0.444048
259.333,0.44301
259.333,0.44301
259.467,0.441924
259.467,0.441924
259.6,0.435478
259.6,0.435478
259.733,0.435353
259.733,0.435353
259.867,0.433859
259.867,0.433859
260,0.434197
260,0.434197
260.133,0.438781
260.133,0.438781
260.267,0.440161
260.267,0.440161
260.4,0.440192
260.4,0.440192
260.533,0.442308
260.533,0.442308
260.667,0.443484
260.667,0.443484
260.8,0.443362
260.8,0.443362
260.933,0.442457
260.933,0.442457
261.067,0.44194
261.067,0.44194
261.2,0.442065
261.2,0.442065
261.333,0.438915
261.333,0.438915
261.467,0.44009
261.467,0.44009
261.6,0.440764
261.6,0.440764
261.733,0.440447
261.733,0.440447
261.867,0.439381
261.867,0.439381
262,0.439459
262,0.439459
262.133,0.440051
262.133,0.440051
262.267,0.440564
262.267,0.440564
262.4,0.441509
262.4,0.441509
262.533,0.441403
262.533,0.441403
262.667,0.440631
262.667,0.440631
262.8,0.438848
262.8,0.438848
262.933,0.437747
262.933,0.437747
263.067,0.439146
263.067,0.439146
263.2,0.440278
263.2,0.440278
263.333,0.440655
263.333,0.440655
263.467,0.441419
263.467,0.441419
263.6,0.441368
263.6,0.441368
263.733,0.441141
263.733,0.441141
263.867,0.440682
263.867,0.440682
264,0.438789
264,0.438789
264.133,0.439118
264.133,0.439118
264.267,0.440345
264.267,0.440345
264.4,0.442375
264.4,0.442375
264.533,0.442779
264.533,0.442779
264.667,0.438292
264.667,0.438292
264.8,0.438723
264.8,0.438723
264.933,0.439024
264.933,0.439024
265.067,0.439212
265.067,0.439212
265.2,0.438268
265.2,0.438268
265.333,0.43536
265.333,0.43536
265.467,0.433711
265.467,0.433711
265.6,0.432061
265.6,0.432061
265.733,0.434961
265.733,0.434961
265.867,0.437214
265.867,0.437214
266,0.438891
266,0.438891
266.133,0.439804
266.133,0.439804
266.267,0.437316
266.267,0.437316
266.4,0.437853
266.4,0.437853
266.533,0.438617
266.533,0.438617
266.667,0.438848
266.667,0.438848
266.8,0.438973
266.8,0.438973
266.933,0.439322
266.933,0.439322
267.067,0.439138
267.067,0.439138
267.2,0.439224
267.2,0.439224
267.333,0.439091
267.333,0.439091
267.467,0.439373
267.467,0.439373
267.6,0.439416
267.6,0.439416
267.733,0.439436
267.733,0.439436
267.867,0.438472
267.867,0.438472
268,0.435509
268,0.435509
268.133,0.43241
268.133,0.43241
268.267,0.428573
268.267,0.428573
268.4,0.429047
268.4,0.429047
268.533,0.428169
268.533,0.428169
268.667,0.43067
268.667,0.43067
268.8,0.432786
268.8,0.432786
268.933,0.433526
268.933,0.433526
269.067,0.43364
269.067,0.43364
269.2,0.43221
269.2,0.43221
269.333,0.434146
269.333,0.434146
269.467,0.435176
269.467,0.435176
269.6,0.433758
269.6,0.433758
269.733,0.436117
269.733,0.436117
269.867,0.43623
269.867,0.43623
270,0.437183
270,0.437183
270.133,0.437649
270.133,0.437649
270.267,0.437602
270.267,0.437602
270.4,0.437998
270.4,0.437998
270.533,0.438464
270.533,0.438464
270.667,0.438241
270.667,0.438241
270.8,0.437763
270.8,0.437763
270.933,0.435968
270.933,0.435968
271.067,0.435262
271.067,0.435262
271.2,0.435298
271.2,0.435298
271.333,0.432899
271.333,0.432899
271.467,0.433185
271.467,0.433185
271.6,0.432037
271.6,0.432037
271.733,0.432359
271.733,0.432359
271.867,0.432766
271.867,0.432766
272,0.433997
272,0.433997
272.133,0.435113
272.133,0.435113
272.267,0.436873
272.267,0.436873
272.4,0.438233
272.4,0.438233
272.533,0.439722
272.533,0.439722
272.667,0.439354
272.667,0.439354
272.8,0.43839
272.8,0.43839
272.933,0.433142
272.933,0.433142
273.067,0.435337
273.067,0.435337
273.2,0.43781
273.2,0.43781
273.333,0.437543
273.333,0.437543
273.467,0.438421
273.467,0.438421
273.6,0.439071
273.6,0.439071
273.733,0.43844
273.733,0.43844
273.867,0.438817
273.867,0.438817
274,0.439181
274,0.439181
274.133,0.440063
274.133,0.440063
274.267,0.439083
274.267,0.439083
274.4,0.437194
274.4,0.437194
274.533,0.436924
274.533,0.436924
274.667,0.435113
274.667,0.435113
274.8,0.436638
274.8,0.436638
274.933,0.438817
274.933,0.438817
275.067,0.439992
275.067,0.439992
275.2,0.440314
275.2,0.440314
275.333,0.440122
275.333,0.440122
275.467,0.440847
275.467,0.440847
275.6,0.439118
275.6,0.439118
275.733,0.440643
275.733,0.440643
275.867,0.438911
275.867,0.438911
276,0.441862
276,0.441862
276.133,0.442477
276.133,0.442477
276.267,0.442222
276.267,0.442222
276.4,0.443989
276.4,0.443989
276.533,0.448519
276.533,0.448519
276.667,0.449386
276.667,0.449386
276.8,0.452493
276.8,0.452493
276.933,0.453226
276.933,0.453226
277.067,0.452971
277.067,0.452971
277.2,0.453034
277.2,0.453034
277.333,0.451717
277.333,0.451717
277.467,0.451619
277.467,0.451619
277.6,0.454449
277.6,0.454449
277.733,0.455393
277.733,0.455393
277.867,0.459735
277.867,0.459735
278,0.465088
278,0.465088
278.133,0.469136
278.133,0.469136
278.267,0.473454
278.267,0.473454
278.4,0.473482
278.4,0.473482
278.533,0.47184
278.533,0.47184
278.667,0.467533
278.667,0.467533
278.8,0.465578
278.8,0.465578
278.933,0.464434
278.933,0.464434
279.067,0.461949
279.067,0.461949
279.2,0.45961
279.2,0.45961
279.333,0.458446
279.333,0.458446
279.467,0.45553
279.467,0.45553
279.6,0.451529
279.6,0.451529
279.733,0.448747
279.733,0.448747
279.867,0.444518
279.867,0.444518
280,0.445494
280,0.445494
280.133,0.445592
280.133,0.445592
280.267,0.449315
280.267,0.449315
280.4,0.448155
280.4,0.448155
280.533,0.448982
280.533,0.448982
280.667,0.446497
280.667,0.446497
280.8,0.44629
280.8,0.44629
280.933,0.444526
280.933,0.444526
281.067,0.442477
281.067,0.442477
281.2,0.438934
281.2,0.438934
281.333,0.432555
281.333,0.432555
281.467,0.42447
281.467,0.42447
281.6,0.419964
281.6,0.419964
281.733,0.412259
281.733,0.412259
281.867,0.409399
281.867,0.409399
282,0.406573
282,0.406573
282.133,0.40517
282.133,0.40517
282.267,0.405045
282.267,0.405045
282.4,0.4051
282.4,0.4051
282.533,0.402678
282.533,0.402678
282.667,0.391314
282.667,0.391314
282.8,0.38348
282.8,0.38348
282.933,0.369044
282.933,0.369044
283.067,0.369529
283.067,0.369529
283.2,0.366524
283.2,0.366524
283.333,0.364513
283.333,0.364513
283.467,0.363412
283.467,0.363412
283.6,0.363922
283.6,0.363922
283.733,0.363052
283.733,0.363052
283.867,0.367539
283.867,0.367539
284,0.366269
284,0.366269
284.133,0.358855
284.133,0.358855
284.267,0.357248
284.267,0.357248
284.4,0.353909
284.4,0.353909
284.533,0.352103
284.533,0.352103
284.667,0.350755
284.667,0.350755
284.8,0.347957
284.8,0.347957
284.933,0.3474
284.933,0.3474
285.067,0.346037
285.067,0.346037
285.2,0.344144
285.2,0.344144
285.333,0.343842
285.333,0.343842
285.467,0.338752
285.467,0.338752
285.6,0.336769
285.6,0.336769
285.733,0.336165
285.733,0.336165
285.867,0.329402
285.867,0.329402
286,0.325828
286,0.325828
286.133,0.325052
286.133,0.325052
286.267,0.322845
286.267,0.322845
286.4,0.325953
286.4,0.325953
286.533,0.330855
286.533,0.330855
286.667,0.334582
286.667,0.334582
286.8,0.337474
286.8,0.337474
286.933,0.340758
286.933,0.340758
287.067,0.3399
287.067,0.3399
287.2,0.337439
287.2,0.337439
287.333,0.335793
287.333,0.335793
287.467,0.336926
287.467,0.336926
287.6,0.337568
287.6,0.337568
287.733,0.337721
287.733,0.337721
287.867,0.328767
287.867,0.328767
288,0.319609
288,0.319609
288.133,0.311865
288.133,0.311865
288.267,0.299564
288.267,0.299564
288.4,0.291617
288.4,0.291617
288.533,0.280206
288.533,0.280206
288.667,0.274359
288.667,0.274359
288.8,0.2695
288.8,0.2695
288.933,0.263821
288.933,0.263821
289.067,0.260443
289.067,0.260443
289.2,0.261725
289.2,0.261725
289.333,0.261893
289.333,0.261893
289.467,0.264115
289.467,0.264115
289.6,0.265083
289.6,0.265083
289.733,0.27093
289.733,0.27093
289.867,0.275331
289.867,0.275331
290,0.277341
290,0.277341
290.133,0.276252
290.133,0.276252
290.267,0.274422
290.267,0.274422
290.4,0.274547
290.4,0.274547
290.533,0.271698
290.533,0.271698
290.667,0.273548
290.667,0.273548
290.8,0.275511
290.8,0.275511
290.933,0.278325
290.933,0.278325
291.067,0.280159
291.067,0.280159
291.2,0.279442
291.2,0.279442
291.333,0.272815
291.333,0.272815
291.467,0.273583
291.467,0.273583
291.6,0.272717
291.6,0.272717
291.733,0.27093
291.733,0.27093
291.867,0.269825
291.867,0.269825
292,0.269143
292,0.269143
292.133,0.267325
292.133,0.267325
292.267,0.26408
292.267,0.26408
292.4,0.262708
292.4,0.262708
292.533,0.258355
292.533,0.258355
292.667,0.24951
292.667,0.24951
292.8,0.247888
292.8,0.247888
292.933,0.246779
292.933,0.246779
293.067,0.245113
293.067,0.245113
293.2,0.243095
293.2,0.243095
293.333,0.237288
293.333,0.237288
293.467,0.234294
293.467,0.234294
293.6,0.235407
293.6,0.235407
293.733,0.237033
293.733,0.237033
293.867,0.241681
293.867,0.241681
294,0.247845
294,0.247845
294.133,0.253194
294.133,0.253194
294.267,0.264025
294.267,0.264025
294.4,0.26995
294.4,0.26995
294.533,0.273156
294.533,0.273156
294.667,0.272035
294.667,0.272035
294.8,0.268888
294.8,0.268888
294.933,0.27392
294.933,0.27392
295.067,0.282192
295.067,0.282192
295.2,0.290931
295.2,0.290931
295.333,0.297832
295.333,0.297832
295.467,0.302805
295.467,0.302805
295.6,0.305344
295.6,0.305344
295.733,0.310976
295.733,0.310976
295.867,0.315055
295.867,0.315055
296,0.313307
296,0.313307
296.133,0.310106
296.133,0.310106
296.267,0.300399
296.267,0.300399
296.4,0.303169
296.4,0.303169
296.533,0.30835
296.533,0.30835
296.667,0.31529
296.667,0.31529
296.8,0.313233
296.8,0.313233
296.933,0.312661
296.933,0.312661
297.067,0.315043
297.067,0.315043
297.2,0.316387
297.2,0.316387
297.333,0.316909
297.333,0.316909
297.467,0.301614
297.467,0.301614
297.6,0.288435
297.6,0.288435
297.733,0.278434
297.733,0.278434
297.867,0.269167
297.867,0.269167
298,0.268481
298,0.268481
298.133,0.27169
298.133,0.27169
298.267,0.27664
298.267,0.27664
298.4,0.270569
298.4,0.270569
298.533,0.26082
298.533,0.26082
298.667,0.25571
298.667,0.25571
298.8,0.253519
298.8,0.253519
298.933,0.251842
298.933,0.251842
299.067,0.248601
299.067,0.248601
299.2,0.249542
299.2,0.249542
299.333,0.249444
299.333,0.249444
299.467,0.247363
299.467,0.247363
299.6,0.250008
299.6,0.250008
299.733,0.249224
299.733,0.249224
299.867,0.24797
299.867,0.24797
300,0.252696
300,0.252696
300.133,0.262309
300.133,0.262309
300.267,0.262838
300.267,0.262838
300.4,0.260055
300.4,0.260055
300.533,0.258327
300.533,0.258327
300.667,0.256909
300.667,0.256909
300.8,0.262869
300.8,0.262869
300.933,0.269555
300.933,0.269555
301.067,0.277811
301.067,0.277811
301.2,0.279575
301.2,0.279575
301.333,0.277466
301.333,0.277466
301.467,0.286111
301.467,0.286111
301.6,0.292761
301.6,0.292761
301.733,0.296457
301.733,0.296457
301.867,0.302793
301.867,0.302793
302,0.310274
302,0.310274
302.133,0.312861
302.133,0.312861
302.267,0.312092
302.267,0.312092
302.4,0.308981
302.4,0.308981
302.533,0.305047
302.533,0.305047
302.667,0.305372
302.667,0.305372
302.8,0.30438
302.8,0.30438
302.933,0.305646
302.933,0.305646
303.067,0.302903
303.067,0.302903
303.2,0.297526
303.2,0.297526
303.333,0.293431
303.333,0.293431
303.467,0.286895
303.467,0.286895
303.6,0.288917
303.6,0.288917
303.733,0.295583
303.733,0.295583
303.867,0.302691
303.867,0.302691
304,0.310733
304,0.310733
304.133,0.320251
304.133,0.320251
304.267,0.329057
304.267,0.329057
304.4,0.334073
304.4,0.334073
304.533,0.338681
304.533,0.338681
304.667,0.33789
304.667,0.33789
304.8,0.339234
304.8,0.339234
304.933,0.338975
304.933,0.338975
305.067,0.338787
305.067,0.338787
305.2,0.333391
305.2,0.333391
305.333,0.327148
305.333,0.327148
305.467,0.322426
305.467,0.322426
305.6,0.323182
305.6,0.323182
305.733,0.325498
305.733,0.325498
305.867,0.330589
305.867,0.330589
306,0.331208
306,0.331208
306.133,0.328481
306.133,0.328481
306.267,0.3175
306.267,0.3175
306.4,0.309945
306.4,0.309945
306.533,0.304545
306.533,0.304545
306.667,0.295203
306.667,0.295203
306.8,0.292687
306.8,0.292687
306.933,0.288556
306.933,0.288556
307.067,0.281942
307.067,0.281942
307.2,0.275448
307.2,0.275448
307.333,0.270805
307.333,0.270805
307.467,0.263245
307.467,0.263245
307.6,0.258026
307.6,0.258026
307.733,0.249976
307.733,0.249976
307.867,0.240752
307.867,0.240752
308,0.230802
308,0.230802
308.133,0.225857
308.133,0.225857
308.267,0.221856
308.267,0.221856
308.4,0.224164
308.4,0.224164
308.533,0.226178
308.533,0.226178
308.667,0.240152
308.667,0.240152
308.8,0.247018
308.8,0.247018
308.933,0.252022
308.933,0.252022
309.067,0.248625
309.067,0.248625
309.2,0.245098
309.2,0.245098
309.333,0.240912
309.333,0.240912
309.467,0.241947
309.467,0.241947
309.6,0.249534
309.6,0.249534
309.733,0.254275
309.733,0.254275
309.867,0.263183
309.867,0.263183
310,0.260126
310,0.260126
310.133,0.255733
310.133,0.255733
310.267,0.247472
310.267,0.247472
310.4,0.243534
310.4,0.243534
310.533,0.23902
310.533,0.23902
310.667,0.227005
310.667,0.227005
310.8,0.224301
310.8,0.224301
310.933,0.217843
310.933,0.217843
311.067,0.205636
311.067,0.205636
311.2,0.196458
311.2,0.196458
311.333,0.191023
311.333,0.191023
311.467,0.177915
311.467,0.177915
311.6,0.17032
311.6,0.17032
311.733,0.16733
311.733,0.16733
311.867,0.166907
311.867,0.166907
312,0.162095
312,0.162095
312.133,0.161542
312.133,0.161542
312.267,0.164681
312.267,0.164681
312.4,0.166456
312.4,0.166456
312.533,0.172816
312.533,0.172816
312.667,0.170532
312.667,0.170532
312.8,0.168228
312.8,0.168228
312.933,0.159019
312.933,0.159019
313.067,0.153348
313.067,0.153348
313.2,0.15791
313.2,0.15791
313.333,0.160672
313.333,0.160672
313.467,0.167064
313.467,0.167064
313.6,0.169768
313.6,0.169768
313.733,0.174596
313.733,0.174596
313.867,0.177394
313.867,0.177394
314,0.183327
314,0.183327
314.133,0.189628
314.133,0.189628
314.267,0.20205
314.267,0.20205
314.4,0.21932
314.4,0.21932
314.533,0.231131
314.533,0.231131
314.667,0.238263
314.667,0.238263
314.8,0.241896
314.8,0.241896
314.933,0.240771
314.933,0.240771
315.067,0.239028
315.067,0.239028
315.2,0.23719
315.2,0.23719
315.333,0.23737
315.333,0.23737
315.467,0.232977
315.467,0.232977
315.6,0.229372
315.6,0.229372
315.733,0.221922
315.733,0.221922
315.867,0.213481
315.867,0.213481
316,0.205726
316,0.205726
316.133,0.203841
316.133,0.203841
316.267,0.20234
316.267,0.20234
316.4,0.20091
316.4,0.20091
316.533,0.19279
316.533,0.19279
316.667,0.180082
316.667,0.180082
316.8,0.17052
316.8,0.17052
316.933,0.159532
316.933,0.159532
317.067,0.147086
317.067,0.147086
317.2,0.140628
317.2,0.140628
317.333,0.130404
317.333,0.130404
317.467,0.120317
317.467,0.120317
317.6,0.1146
317.6,0.1146
317.733,0.108874
317.733,0.108874
317.867,0.0988698
317.867,0.0988698
318,0.0863691
318,0.0863691
318.133,0.0751967
318.133,0.0751967
318.267,0.063946
318.267,0.063946
318.4,0.0571352
318.4,0.0571352
318.533,0.0484278
318.533,0.0484278
318.667,0.0351198
318.667,0.0351198
318.8,0.0239004
318.8,0.0239004
318.933,0.0148285
318.933,0.0148285
319.067,0.0105767
319.067,0.0105767
319.2,0.00813531
319.2,0.00813531
319.333,0.00420481
319.333,0.00420481
319.467,0.0010659
319.467,0.0010659
319.6,0.00137548
319.6,0.00137548
319.733,0.00107374
319.733,0.00107374
319.867,0.000983604
319.867,0.000983604
320,0.000889554
320,0.000889554
320.133,0.000795504
320.133,0.000795504
320.267,0.000728886
320.267,0.000728886
320.4,0.000705373
320.4,0.000705373
320.533,0.000693617
320.533,0.000693617
320.667,0.00071713
320.667,0.00071713
320.8,0.000815098
320.8,0.000815098
320.933,0.000897392
320.933,0.000897392
321.067,0.000948335
321.067,0.000948335
321.2,0.000987523
321.2,0.000987523
321.333,0.00163803
321.333,0.00163803
321.467,0.0015675
321.467,0.0015675
321.6,0.00158709
321.6,0.00158709
321.733,0.00155966
321.733,0.00155966
321.867,0.0015675
321.867,0.0015675
322,0.00159101
322,0.00159101
322.133,0.00155966
322.133,0.00155966
322.267,0.00209261
322.267,0.00209261
322.4,0.00200248
322.4,0.00200248
322.533,0.00215531
322.533,0.00215531
322.667,0.00216706
322.667,0.00216706
322.8,0.00240219
322.8,0.00240219
322.933,0.00239827
322.933,0.00239827
323.067,0.00237868
323.067,0.00237868
323.2,0.0025511
323.2,0.0025511
323.333,0.00242962
323.333,0.00242962
323.467,0.00256678
323.467,0.00256678
323.6,0.00271961
323.6,0.00271961
323.733,0.00277055
323.733,0.00277055
323.867,0.00349552
323.867,0.00349552
324,0.00324472
324,0.00324472
324.133,0.00329174
324.133,0.00329174
324.267,0.00311148
324.267,0.00311148
324.4,0.0029273
324.4,0.0029273
324.533,0.00308405
324.533,0.00308405
324.667,0.00307229
324.667,0.00307229
324.8,0.00302527
324.8,0.00302527
324.933,0.00270785
324.933,0.00270785
325.067,0.00268042
325.067,0.00268042
325.2,0.00262164
325.2,0.00262164
325.333,0.00265691
325.333,0.00265691
325.467,0.00290771
325.467,0.00290771
325.6,0.00260204
325.6,0.00260204
325.733,0.00250799
325.733,0.00250799
325.867,0.00251583
325.867,0.00251583
326,0.00241394
326,0.00241394
326.133,0.00250799
326.133,0.00250799
326.267,0.00217098
326.267,0.00217098
326.4,0.00196721
326.4,0.00196721
326.533,0.00186924
326.533,0.00186924
326.667,0.001881
326.667,0.001881
326.8,0.00183397
326.8,0.00183397
326.933,0.00184965
326.933,0.00184965
327.067,0.0018183
327.067,0.0018183
327.2,0.00208477
327.2,0.00208477
327.333,0.00196721
327.333,0.00196721
327.467,0.00190451
327.467,0.00190451
327.6,0.00188883
327.6,0.00188883
327.733,0.00976942
327.733,0.00976942
327.867,0.0259421
327.867,0.0259421
328,0.0352648
328,0.0352648
328.133,0.0381372
328.133,0.0381372
328.267,0.0405825
328.267,0.0405825
328.4,0.0543059
328.4,0.0543059
328.533,0.0720931
328.533,0.0720931
328.667,0.0892768
328.667,0.0892768
328.8,0.0964637
328.8,0.0964637
328.933,0.0976903
328.933,0.0976903
329.067,0.0974081
329.067,0.0974081
329.2,0.0993871
329.2,0.0993871
329.333,0.100684
329.333,0.100684
329.467,0.101049
329.467,0.101049
329.6,0.103063
329.6,0.103063
329.733,0.0969849
329.733,0.0969849
329.867,0.0912165
329.867,0.0912165
330,0.0839825
330,0.0839825
330.133,0.0783121
330.133,0.0783121
330.267,0.0727671
330.267,0.0727671
330.4,0.0726221
330.4,0.0726221
330.533,0.0746011
330.533,0.0746011
330.667,0.0662973
330.667,0.0662973
330.8,0.0528364
330.8,0.0528364
330.933,0.0451478
330.933,0.0451478
331.067,0.0439761
331.067,0.0439761
331.2,0.0522015
331.2,0.0522015
331.333,0.0558029
331.333,0.0558029
331.467,0.0592435
331.467,0.0592435
331.6,0.0682762
331.6,0.0682762
331.733,0.0717326
331.733,0.0717326
331.867,0.0755886
331.867,0.0755886
332,0.0787118
332,0.0787118
332.133,0.0810905
332.133,0.0810905
332.267,0.0818703
332.267,0.0818703
332.4,0.0827129
332.4,0.0827129
332.533,0.0815137
332.533,0.0815137
332.667,0.0827207
332.667,0.0827207
332.8,0.0855735
332.8,0.0855735
332.933,0.0850994
332.933,0.0850994
333.067,0.0852169
333.067,0.0852169
333.2,0.0806555
333.2,0.0806555
333.333,0.0764233
333.333,0.0764233
333.467,0.0720931
333.467,0.0720931
333.6,0.0665716
333.6,0.0665716
333.733,0.0639421
333.733,0.0639421
333.867,0.0555677
333.867,0.0555677
334,0.0411507
334,0.0411507
334.133,0.0299196
334.133,0.0299196
334.267,0.0203461
334.267,0.0203461
334.4,0.0139586
334.4,0.0139586
334.533,0.0113056
334.533,0.0113056
334.667,0.0108902
334.667,0.0108902
334.8,0.00953038
334.8,0.00953038
334.933,0.00657173
334.933,0.00657173
335.067,0.00726143
335.067,0.00726143
335.2,0.00793937
335.2,0.00793937
335.333,0.00889554
335.333,0.00889554
335.467,0.00906013
335.467,0.00906013
335.6,0.00891122
335.6,0.00891122
335.733,0.00922472
335.733,0.00922472
335.867,0.0093266
335.867,0.0093266
336,0.00997711
336,0.00997711
336.133,0.0103141
336.133,0.0103141
336.267,0.0108118
336.267,0.0108118
336.4,0.0109803
336.4,0.0109803
336.533,0.0137783
336.533,0.0137783
336.667,0.0195271
336.667,0.0195271
336.8,0.0228384
336.8,0.0228384
336.933,0.0247077
336.933,0.0247077
337.067,0.0262987
337.067,0.0262987
337.2,0.0323061
337.2,0.0323061
337.333,0.0355195
337.333,0.0355195
337.467,0.0430435
337.467,0.0430435
337.6,0.0530088
337.6,0.0530088
337.733,0.0615007
337.733,0.0615007
337.867,0.0770033
337.867,0.0770033
338,0.092255
338,0.092255
338.133,0.0973611
338.133,0.0973611
338.267,0.103659
338.267,0.103659
338.4,0.103173
338.4,0.103173
338.533,0.1009
338.533,0.1009
338.667,0.0971809
338.667,0.0971809
338.8,0.091146
338.8,0.091146
338.933,0.0879953
338.933,0.0879953
339.067,0.0869294
339.067,0.0869294
339.2,0.0830224
339.2,0.0830224
339.333,0.0794642
339.333,0.0794642
339.467,0.0747069
339.467,0.0747069
339.6,0.0697301
339.6,0.0697301
339.733,0.0675944
339.733,0.0675944
339.867,0.0616065
339.867,0.0616065
340,0.0572842
340,0.0572842
340.133,0.0538866
340.133,0.0538866
340.267,0.0465194
340.267,0.0465194
340.4,0.0482123
340.4,0.0482123
340.533,0.0421892
340.533,0.0421892
340.667,0.0370635
340.667,0.0370635
340.8,0.0348807
340.8,0.0348807
340.933,0.0264946
340.933,0.0264946
341.067,0.0207223
341.067,0.0207223
341.2,0.0120227
341.2,0.0120227
341.333,0.00511788
341.333,0.00511788
341.467,0.00108157
341.467,0.00108157
341.6,0.00116778
341.6,0.00116778
341.733,0.00126967
341.733,0.00126967
341.867,0.00140683
341.867,0.00140683
342,0.0015048
342,0.0015048
342.133,0.00174384
342.133,0.00174384
342.267,0.00270785
342.267,0.00270785
342.4,0.00275096
342.4,0.00275096
342.533,0.00276271
342.533,0.00276271
342.667,0.00284501
342.667,0.00284501
342.8,0.00271177
342.8,0.00271177
342.933,0.00265299
342.933,0.00265299
343.067,0.00270785
343.067,0.00270785
343.2,0.00270001
343.2,0.00270001
343.333,0.00249624
343.333,0.00249624
343.467,0.00248056
343.467,0.00248056
343.6,0.0024257
343.6,0.0024257
343.733,0.00244138
343.733,0.00244138
343.867,0.00297824
343.867,0.00297824
344,0.00265299
344,0.00265299
344.133,0.00266474
344.133,0.00266474
344.267,0.00257853
344.267,0.00257853
344.4,0.00253934
344.4,0.00253934
344.533,0.00235908
344.533,0.00235908
344.667,0.00245313
344.667,0.00245313
344.8,0.00257069
344.8,0.00257069
344.933,0.00262164
344.933,0.00262164
345.067,0.00263339
345.067,0.00263339
345.2,0.00258245
345.2,0.00258245
345.333,0.00251975
345.333,0.00251975
345.467,0.00253151
345.467,0.00253151
345.6,0.00295865
345.6,0.00295865
345.733,0.0028646
345.733,0.0028646
345.867,0.00285676
345.867,0.00285676
346,0.00284892
346,0.00284892
346.133,0.00287636
346.133,0.00287636
346.267,0.00258245
346.267,0.00258245
346.4,0.00239827
346.4,0.00239827
346.533,0.00237084
346.533,0.00237084
346.667,0.00239043
346.667,0.00239043
346.8,0.00246097
346.8,0.00246097
346.933,0.00251975
346.933,0.00251975
347.067,0.00250799
347.067,0.00250799
347.2,0.00245313
347.2,0.00245313
347.333,0.00256286
347.333,0.00256286
347.467,0.00248056
347.467,0.00248056
347.6,0.00244921
347.6,0.00244921
347.733,0.00246489
347.733,0.00246489
347.867,0.00253543
347.867,0.00253543
348,0.00256678
348,0.00256678
348.133,0.00234733
348.133,0.00234733
348.267,0.00221017
348.267,0.00221017
348.4,0.00220233
348.4,0.00220233
348.533,0.00228071
348.533,0.00228071
348.667,0.00216315
348.667,0.00216315
348.8,0.00208085
348.8,0.00208085
348.933,0.00198288
348.933,0.00198288
349.067,0.00199072
349.067,0.00199072
349.2,0.00202599
349.2,0.00202599
349.333,0.00204558
349.333,0.00204558
349.467,0.00201815
349.467,0.00201815
349.6,0.00231206
349.6,0.00231206
349.733,0.00231598
349.733,0.00231598
349.867,0.00222976
349.867,0.00222976
350,0.00227287
350,0.00227287
350.133,0.00229246
350.133,0.00229246
350.267,0.00240611
350.267,0.00240611
350.4,0.00247273
350.4,0.00247273
350.533,0.0157612
350.533,0.0157612
350.667,0.0353941
350.667,0.0353941
350.8,0.046198
350.8,0.046198
350.933,0.0516529
350.933,0.0516529
351.067,0.054302
351.067,0.054302
351.2,0.0553796
351.2,0.0553796
351.333,0.0561046
351.333,0.0561046
351.467,0.0568688
351.467,0.0568688
351.6,0.0574448
351.6,0.0574448
351.733,0.0581384
351.733,0.0581384
351.867,0.0587302
351.867,0.0587302
352,0.0592984
352,0.0592984
352.133,0.0601331
352.133,0.0601331
352.267,0.0603212
352.267,0.0603212
352.4,0.0609325
352.4,0.0609325
352.533,0.0631113
352.533,0.0631113
352.667,0.0771718
352.667,0.0771718
352.8,0.0881482
352.8,0.0881482
352.933,0.0952332
352.933,0.0952332
353.067,0.100688
353.067,0.100688
353.2,0.102969
353.2,0.102969
353.333,0.10559
353.333,0.10559
353.467,0.108059
353.467,0.108059
353.6,0.108486
353.6,0.108486
353.733,0.108541
353.733,0.108541
353.867,0.110077
353.867,0.110077
354,0.111414
354,0.111414
354.133,0.112903
354.133,0.112903
354.267,0.112491
354.267,0.112491
354.4,0.111621
354.4,0.111621
354.533,0.111437
354.533,0.111437
354.667,0.111845
354.667,0.111845
354.8,0.112327
354.8,0.112327
354.933,0.112515
354.933,0.112515
355.067,0.112476
355.067,0.112476
355.2,0.116359
355.2,0.116359
355.333,0.12616
355.333,0.12616
355.467,0.137434
355.467,0.137434
355.6,0.143324
355.6,0.143324
355.733,0.145162
355.733,0.145162
355.867,0.145409
355.867,0.145409
356,0.145695
356,0.145695
356.133,0.147309
356.133,0.147309
356.267,0.148462
356.267,0.148462
356.4,0.147901
356.4,0.147901
356.533,0.147964
356.533,0.147964
356.667,0.151256
356.667,0.151256
356.8,0.15787
356.8,0.15787
356.933,0.168275
356.933,0.168275
357.067,0.179909
357.067,0.179909
357.2,0.186865
357.2,0.186865
357.333,0.190827
357.333,0.190827
357.467,0.194613
357.467,0.194613
357.6,0.194616
357.6,0.194616
357.733,0.1952
357.733,0.1952
357.867,0.194871
357.867,0.194871
358,0.196611
358,0.196611
358.133,0.197458
358.133,0.197458
358.267,0.198688
358.267,0.198688
358.4,0.198359
358.4,0.198359
358.533,0.198014
358.533,0.198014
358.667,0.197869
358.667,0.197869
358.8,0.198375
358.8,0.198375
358.933,0.197168
358.933,0.197168
359.067,0.20361
359.067,0.20361
359.2,0.210476
359.2,0.210476
359.333,0.217431
359.333,0.217431
359.467,0.22414
359.467,0.22414
359.6,0.226993
359.6,0.226993
359.733,0.232515
359.733,0.232515
359.867,0.232742
359.867,0.232742
360,0.232099
360,0.232099
360.133,0.232714
360.133,0.232714
360.267,0.234254
360.267,0.234254
360.4,0.23525
360.4,0.23525
360.533,0.23641
360.533,0.23641
360.667,0.237844
360.667,0.237844
360.8,0.239255
360.8,0.239255
360.933,0.239843
360.933,0.239843
361.067,0.247625
361.067,0.247625
361.2,0.258316
361.2,0.258316
361.333,0.267462
361.333,0.267462
361.467,0.274825
361.467,0.274825
361.6,0.279496
361.6,0.279496
361.733,0.281456
361.733,0.281456
361.867,0.282412
361.867,0.282412
362,0.285484
362,0.285484
362.133,0.290402
362.133,0.290402
362.267,0.297193
362.267,0.297193
362.4,0.302292
362.4,0.302292
362.533,0.30596
362.533,0.30596
362.667,0.310529
362.667,0.310529
362.8,0.312559
362.8,0.312559
362.933,0.31493
362.933,0.31493
363.067,0.316536
363.067,0.316536
363.2,0.31772
363.2,0.31772
363.333,0.318119
363.333,0.318119
363.467,0.31576
363.467,0.31576
363.6,0.315435
363.6,0.315435
363.733,0.314001
363.733,0.314001
363.867,0.311618
363.867,0.311618
364,0.309451
364,0.309451
364.133,0.305728
364.133,0.305728
364.267,0.30259
364.267,0.30259
364.4,0.299082
364.4,0.299082
364.533,0.296253
364.533,0.296253
364.667,0.288568
364.667,0.288568
364.8,0.286581
364.8,0.286581
364.933,0.284457
364.933,0.284457
365.067,0.281444
365.067,0.281444
365.2,0.284673
365.2,0.284673
365.333,0.287734
365.333,0.287734
365.467,0.291946
365.467,0.291946
365.6,0.2957
365.6,0.2957
365.733,0.300442
365.733,0.300442
365.867,0.306716
365.867,0.306716
366,0.311818
366,0.311818
366.133,0.317022
366.133,0.317022
366.267,0.323347
366.267,0.323347
366.4,0.325299
366.4,0.325299
366.533,0.328214
366.533,0.328214
366.667,0.330107
366.667,0.330107
366.8,0.334265
366.8,0.334265
366.933,0.335636
366.933,0.335636
367.067,0.337368
367.067,0.337368
367.2,0.337263
367.2,0.337263
367.333,0.337094
367.333,0.337094
367.467,0.337047
367.467,0.337047
367.6,0.336291
367.6,0.336291
367.733,0.334535
367.733,0.334535
367.867,0.335358
367.867,0.335358
368,0.33794
368,0.33794
368.133,0.344034
368.133,0.344034
368.267,0.350206
368.267,0.350206
368.4,0.354909
368.4,0.354909
368.533,0.359419
368.533,0.359419
368.667,0.3642
368.667,0.3642
368.8,0.368691
368.8,0.368691
368.933,0.370027
368.933,0.370027
369.067,0.375831
369.067,0.375831
369.2,0.37904
369.2,0.37904
369.333,0.382305
369.333,0.382305
369.467,0.383245
369.467,0.383245
369.6,0.378135
369.6,0.378135
369.733,0.380279
369.733,0.380279
369.867,0.380968
369.867,0.380968
370,0.381631
370,0.381631
370.133,0.383668
370.133,0.383668
370.267,0.388285
370.267,0.388285
370.4,0.391231
370.4,0.391231
370.533,0.395726
370.533,0.395726
370.667,0.400225
370.667,0.400225
370.8,0.404449
370.8,0.404449
370.933,0.411358
370.933,0.411358
371.067,0.421272
371.067,0.421272
371.2,0.428103
371.2,0.428103
371.333,0.429122
371.333,0.429122
371.467,0.438107
371.467,0.438107
371.6,0.443809
371.6,0.443809
371.733,0.450385
371.733,0.450385
371.867,0.455138
371.867,0.455138
372,0.457642
372,0.457642
372.133,0.456373
372.133,0.456373
372.267,0.455781
372.267,0.455781
372.4,0.455319
372.4,0.455319
372.533,0.455546
372.533,0.455546
372.667,0.452967
372.667,0.452967
372.8,0.452121
372.8,0.452121
372.933,0.444938
372.933,0.444938
373.067,0.442751
373.067,0.442751
373.2,0.440909
373.2,0.440909
373.333,0.438476
373.333,0.438476
373.467,0.43627
373.467,0.43627
373.6,0.434847
373.6,0.434847
373.733,0.435619
373.733,0.435619
373.867,0.439687
373.867,0.439687
374,0.443433
374,0.443433
374.133,0.447783
374.133,0.447783
374.267,0.451537
374.267,0.451537
374.4,0.454801
374.4,0.454801
374.533,0.455609
374.533,0.455609
374.667,0.452924
374.667,0.452924
374.8,0.455773
374.8,0.455773
374.933,0.456459
374.933,0.456459
375.067,0.458077
375.067,0.458077
375.2,0.459253
375.2,0.459253
375.333,0.460656
375.333,0.460656
375.467,0.462031
375.467,0.462031
375.6,0.461718
375.6,0.461718
375.733,0.461561
375.733,0.461561
375.867,0.45986
375.867,0.45986
376,0.459139
376,0.459139
376.133,0.459178
376.133,0.459178
376.267,0.459131
376.267,0.459131
376.4,0.462098
376.4,0.462098
376.533,0.463689
376.533,0.463689
376.667,0.465637
376.667,0.465637
376.8,0.463807
376.8,0.463807
376.933,0.462948
376.933,0.462948
377.067,0.461549
377.067,0.461549
377.2,0.461369
377.2,0.461369
377.333,0.461804
377.333,0.461804
377.467,0.464061
377.467,0.464061
377.6,0.464531
377.6,0.464531
377.733,0.465037
377.733,0.465037
377.867,0.465836
377.867,0.465836
378,0.456055
378,0.456055
378.133,0.458571
378.133,0.458571
378.267,0.460758
378.267,0.460758
378.4,0.461679
378.4,0.461679
378.533,0.462556
378.533,0.462556
378.667,0.46452
378.667,0.46452
378.8,0.465805
378.8,0.465805
378.933,0.468411
378.933,0.468411
379.067,0.470069
379.067,0.470069
379.2,0.471585
379.2,0.471585
379.333,0.471722
379.333,0.471722
379.467,0.47124
379.467,0.47124
379.6,0.46336
379.6,0.46336
379.733,0.464449
379.733,0.464449
379.867,0.466973
379.867,0.466973
380,0.468011
380,0.468011
380.133,0.470225
380.133,0.470225
380.267,0.471405
380.267,0.471405
380.4,0.472863
380.4,0.472863
380.533,0.473889
380.533,0.473889
380.667,0.474226
380.667,0.474226
380.8,0.475022
380.8,0.475022
380.933,0.476715
380.933,0.476715
381.067,0.47793
381.067,0.47793
381.2,0.478239
381.2,0.478239
381.333,0.482001
381.333,0.482001
381.467,0.482393
381.467,0.482393
381.6,0.482413
381.6,0.482413
381.733,0.482812
381.733,0.482812
381.867,0.482985
381.867,0.482985
382,0.483526
382,0.483526
382.133,0.483749
382.133,0.483749
382.267,0.483698
382.267,0.483698
382.4,0.483686
166