0,0.0484552
0,0.0484552
0,0.0484552
0,0.0484552
0,0.0484552
0.333333,0.0693578
0.333333,0.0693578
0.333333,0.0693578
0.333333,0.0693578
0.333333,0.0693578
0.666667,0.0835828
0.666667,0.0835828
0.666667,0.0835828
0.666667,0.0835828
0.666667,0.0835828
1,0.0877445
1,0.0877445
1,0.0877445
1,0.0877445
1,0.0877445
1.33333,0.0910363
1.33333,0.0910363
1.33333,0.0910363
1.33333,0.0910363
1.33333,0.0910363
1.66667,0.0957427
1.66667,0.0957427
1.66667,0.0957427
1.66667,0.0957427
1.66667,0.0957427
2,0.0998417
2,0.0998417
2,0.0998417
2,0.0998417
2,0.0998417
2.33333,0.10061
2.33333,0.10061
2.33333,0.10061
2.33333,0.10061
2.33333,0.10061
2.66667,0.101911
2.66667,0.101911
2.66667,0.101911
2.66667,0.101911
2.66667,0.101911
3,0.102028
3,0.102028
3,0.102028
3,0.102028
3,0.102028
3.33333,0.102146
3.33333,0.102146
3.33333,0.102146
3.33333,0.102146
3.33333,0.102146
3.66667,0.10197
3.66667,0.10197
3.66667,0.10197
3.66667,0.10197
3.66667,0.10197
4,0.101025
4,0.101025
4,0.101025
4,0.101025
4,0.101025
4.33333,0.101691
4.33333,0.101691
4.33333,0.101691
4.33333,0.101691
4.33333,0.101691
4.66667,0.100959
4.66667,0.100959
4.66667,0.100959
4.66667,0.100959
4.66667,0.100959
5,0.103949
5,0.103949
5,0.103949
5,0.103949
5,0.103949
5.33333,0.109674
5.33333,0.109674
5.33333,0.109674
5.33333,0.109674
5.33333,0.109674
5.66667,0.125118
5.66667,0.125118
5.66667,0.125118
5.66667,0.125118
5.66667,0.125118
6,0.140518
6,0.140518
6,0.140518
6,0.140518
6,0.140518
6.33333,0.140342
6.33333,0.140342
6.33333,0.140342
6.33333,0.140342
6.33333,0.140342
6.66667,0.142615
6.66667,0.142615
6.66667,0.142615
6.66667,0.142615
6.66667,0.142615
7,0.142356
7,0.142356
7,0.142356
7,0.142356
7,0.142356
7.33333,0.156091
7.33333,0.156091
7.33333,0.156091
7.33333,0.156091
7.33333,0.156091
7.66667,0.1709
7.66667,0.1709
7.66667,0.1709
7.66667,0.1709
7.66667,0.1709
8,0.173683
8,0.173683
8,0.173683
8,0.173683
8,0.173683
8.33333,0.174145
8.33333,0.174145
8.33333,0.174145
8.33333,0.174145
8.33333,0.174145
8.66667,0.175473
8.66667,0.175473
8.66667,0.175473
8.66667,0.175473
8.66667,0.175473
9,0.178173
9,0.178173
9,0.178173
9,0.178173
9,0.178173
9.33333,0.179686
9.33333,0.179686
9.33333,0.179686
9.33333,0.179686
9.33333,0.179686
9.66667,0.178655
9.66667,0.178655
9.66667,0.178655
9.66667,0.178655
9.66667,0.178655
10,0.180082
10,0.180082
10,0.180082
10,0.180082
10,0.180082
10.3333,0.176496
10.3333,0.176496
10.3333,0.176496
10.3333,0.176496
10.3333,0.176496
10.6667,0.173835
10.6667,0.173835
10.6667,0.173835
10.6667,0.173835
10.6667,0.173835
11,0.172589
11,0.172589
11,0.172589
11,0.172589
11,0.172589
11.3333,0.169489
11.3333,0.169489
11.3333,0.169489
11.3333,0.169489
11.3333,0.169489
11.6667,0.167573
11.6667,0.167573
11.6667,0.167573
11.6667,0.167573
11.6667,0.167573
12,0.165978
12,0.165978
12,0.165978
12,0.165978
12,0.165978
12.3333,0.163361
12.3333,0.163361
12.3333,0.163361
12.3333,0.163361
12.3333,0.163361
12.6667,0.161868
12.6667,0.161868
12.6667,0.161868
12.6667,0.161868
12.6667,0.161868
13,0.160433
13,0.160433
13,0.160433
13,0.160433
13,0.160433
13.3333,0.161323
13.3333,0.161323
13.3333,0.161323
13.3333,0.161323
13.3333,0.161323
13.6667,0.160719
13.6667,0.160719
13.6667,0.160719
13.6667,0.160719
13.6667,0.160719
14,0.16166
14,0.16166
14,0.16166
14,0.16166
14,0.16166
14.3333,0.161131
14.3333,0.161131
14.3333,0.161131
14.3333,0.161131
14.3333,0.161131
14.6667,0.159316
14.6667,0.159316
14.6667,0.159316
14.6667,0.159316
14.6667,0.159316
15,0.159559
15,0.159559
15,0.159559
15,0.159559
15,0.159559
15.3333,0.159861
15.3333,0.159861
15.3333,0.159861
15.3333,0.159861
15.3333,0.159861
15.6667,0.161327
15.6667,0.161327
15.6667,0.161327
15.6667,0.161327
15.6667,0.161327
16,0.159497
16,0.159497
16,0.159497
16,0.159497
16,0.159497
16.3333,0.16048
16.3333,0.16048
16.3333,0.16048
16.3333,0.16048
16.3333,0.16048
16.6667,0.15961
16.6667,0.15961
16.6667,0.15961
16.6667,0.15961
16.6667,0.15961
17,0.159971
17,0.159971
17,0.159971
17,0.159971
17,0.159971
17.3333,0.16057
17.3333,0.16057
17.3333,0.16057
17.3333,0.16057
17.3333,0.16057
17.6667,0.160872
17.6667,0.160872
17.6667,0.160872
17.6667,0.160872
17.6667,0.160872
18,0.159889
18,0.159889
18,0.159889
18,0.159889
18,0.159889
18.3333,0.160433
18.3333,0.160433
18.3333,0.160433
18.3333,0.160433
18.3333,0.160433
18.6667,0.161123
18.6667,0.161123
18.6667,0.161123
18.6667,0.161123
18.6667,0.161123
19,0.162761
19,0.162761
19,0.162761
19,0.162761
19,0.162761
19.3333,0.158646
19.3333,0.158646
19.3333,0.158646
19.3333,0.158646
19.3333,0.158646
19.6667,0.156871
19.6667,0.156871
19.6667,0.156871
19.6667,0.156871
19.6667,0.156871
20,0.156942
20,0.156942
20,0.156942
20,0.156942
20,0.156942
20.3333,0.157961
20.3333,0.157961
20.3333,0.157961
20.3333,0.157961
20.3333,0.157961
20.6667,0.158121
20.6667,0.158121
20.6667,0.158121
20.6667,0.158121
20.6667,0.158121
21,0.159403
21,0.159403
21,0.159403
21,0.159403
21,0.159403
21.3333,0.157475
21.3333,0.157475
21.3333,0.157475
21.3333,0.157475
21.3333,0.157475
21.6667,0.158113
21.6667,0.158113
21.6667,0.158113
21.6667,0.158113
21.6667,0.158113
22,0.158106
22,0.158106
22,0.158106
22,0.158106
22,0.158106
22.3333,0.158203
22.3333,0.158203
22.3333,0.158203
22.3333,0.158203
22.3333,0.158203
22.6667,0.159195
22.6667,0.159195
22.6667,0.159195
22.6667,0.159195
22.6667,0.159195
23,0.163329
23,0.163329
23,0.163329
23,0.163329
23,0.163329
23.3333,0.164238
23.3333,0.164238
23.3333,0.164238
23.3333,0.164238
23.3333,0.164238
23.6667,0.163862
23.6667,0.163862
23.6667,0.163862
23.6667,0.163862
23.6667,0.163862
24,0.164325
24,0.164325
24,0.164325
24,0.164325
24,0.164325
24.3333,0.164446
24.3333,0.164446
24.3333,0.164446
24.3333,0.164446
24.3333,0.164446
24.6667,0.163411
24.6667,0.163411
24.6667,0.163411
24.6667,0.163411
24.6667,0.163411
25,0.163094
25,0.163094
25,0.163094
25,0.163094
25,0.163094
25.3333,0.162596
25.3333,0.162596
25.3333,0.162596
25.3333,0.162596
25.3333,0.162596
25.6667,0.166601
25.6667,0.166601
25.6667,0.166601
25.6667,0.166601
25.6667,0.166601
26,0.16804
26,0.16804
26,0.16804
26,0.16804
26,0.16804
26.3333,0.16862
26.3333,0.16862
26.3333,0.16862
26.3333,0.16862
26.3333,0.16862
26.6667,0.17063
26.6667,0.17063
26.6667,0.17063
26.6667,0.17063
26.6667,0.17063
27,0.17103
27,0.17103
27,0.17103
27,0.17103
27,0.17103
27.3333,0.176645
27.3333,0.176645
27.3333,0.176645
27.3333,0.176645
27.3333,0.176645
27.6667,0.183718
27.6667,0.183718
27.6667,0.183718
27.6667,0.183718
27.6667,0.183718
28,0.186313
28,0.186313
28,0.186313
28,0.186313
28,0.186313
28.3333,0.19607
28.3333,0.19607
28.3333,0.19607
28.3333,0.19607
28.3333,0.19607
28.6667,0.202344
28.6667,0.202344
28.6667,0.202344
28.6667,0.202344
28.6667,0.202344
29,0.207055
29,0.207055
29,0.207055
29,0.207055
29,0.207055
29.3333,0.207901
29.3333,0.207901
29.3333,0.207901
29.3333,0.207901
29.3333,0.207901
29.6667,0.201627
29.6667,0.201627
29.6667,0.201627
29.6667,0.201627
29.6667,0.201627
30,0.206424
30,0.206424
30,0.206424
30,0.206424
30,0.206424
30.3333,0.20861
30.3333,0.20861
30.3333,0.20861
30.3333,0.20861
30.3333,0.20861
30.6667,0.208602
30.6667,0.208602
30.6667,0.208602
30.6667,0.208602
30.6667,0.208602
31,0.209265
31,0.209265
31,0.209265
31,0.209265
31,0.209265
31.3333,0.203434
31.3333,0.203434
31.3333,0.203434
31.3333,0.203434
31.3333,0.203434
31.6667,0.207489
31.6667,0.207489
31.6667,0.207489
31.6667,0.207489
31.6667,0.207489
32,0.208379
32,0.208379
32,0.208379
32,0.208379
32,0.208379
32.3333,0.208841
32.3333,0.208841
32.3333,0.208841
32.3333,0.208841
32.3333,0.208841
32.6667,0.209715
32.6667,0.209715
32.6667,0.209715
32.6667,0.209715
32.6667,0.209715
33,0.203935
33,0.203935
33,0.203935
33,0.203935
33,0.203935
33.3333,0.212357
33.3333,0.212357
33.3333,0.212357
33.3333,0.212357
33.3333,0.212357
33.6667,0.236038
33.6667,0.236038
33.6667,0.236038
33.6667,0.236038
33.6667,0.236038
34,0.252477
34,0.252477
34,0.252477
34,0.252477
34,0.252477
34.3333,0.259558
34.3333,0.259558
34.3333,0.259558
34.3333,0.259558
34.3333,0.259558
34.6667,0.264288
34.6667,0.264288
34.6667,0.264288
34.6667,0.264288
34.6667,0.264288
35,0.272258
35,0.272258
35,0.272258
35,0.272258
35,0.272258
35.3333,0.275299
35.3333,0.275299
35.3333,0.275299
35.3333,0.275299
35.3333,0.275299
35.6667,0.2803
35.6667,0.2803
35.6667,0.2803
35.6667,0.2803
35.6667,0.2803
36,0.283223
36,0.283223
36,0.283223
36,0.283223
36,0.283223
36.3333,0.28394
36.3333,0.28394
36.3333,0.28394
36.3333,0.28394
36.3333,0.28394
36.6667,0.285817
36.6667,0.285817
36.6667,0.285817
36.6667,0.285817
36.6667,0.285817
37,0.284983
37,0.284983
37,0.284983
37,0.284983
37,0.284983
37.3333,0.283478
37.3333,0.283478
37.3333,0.283478
37.3333,0.283478
37.3333,0.283478
37.6667,0.279081
37.6667,0.279081
37.6667,0.279081
37.6667,0.279081
37.6667,0.279081
38,0.275237
38,0.275237
38,0.275237
38,0.275237
38,0.275237
38.3333,0.288333
38.3333,0.288333
38.3333,0.288333
38.3333,0.288333
38.3333,0.288333
38.6667,0.302997
38.6667,0.302997
38.6667,0.302997
38.6667,0.302997
38.6667,0.302997
39,0.314287
39,0.314287
39,0.314287
39,0.314287
39,0.314287
39.3333,0.323755
39.3333,0.323755
39.3333,0.323755
39.3333,0.323755
39.3333,0.323755
39.6667,0.326439
39.6667,0.326439
39.6667,0.326439
39.6667,0.326439
39.6667,0.326439
40,0.334359
40,0.334359
40,0.334359
40,0.334359
40,0.334359
40.3333,0.342725
40.3333,0.342725
40.3333,0.342725
40.3333,0.342725
40.3333,0.342725
40.6667,0.35485
40.6667,0.35485
40.6667,0.35485
40.6667,0.35485
40.6667,0.35485
41,0.363804
41,0.363804
41,0.363804
41,0.363804
41,0.363804
41.3333,0.371254
41.3333,0.371254
41.3333,0.371254
41.3333,0.371254
41.3333,0.371254
41.6667,0.381803
41.6667,0.381803
41.6667,0.381803
41.6667,0.381803
41.6667,0.381803
42,0.390146
42,0.390146
42,0.390146
42,0.390146
42,0.390146
42.3333,0.394633
42.3333,0.394633
42.3333,0.394633
42.3333,0.394633
42.3333,0.394633
42.6667,0.396099
42.6667,0.396099
42.6667,0.396099
42.6667,0.396099
42.6667,0.396099
43,0.396016
43,0.396016
43,0.396016
43,0.396016
43,0.396016
43.3333,0.403309
43.3333,0.403309
43.3333,0.403309
43.3333,0.403309
43.3333,0.403309
43.6667,0.410269
43.6667,0.410269
43.6667,0.410269
43.6667,0.410269
43.6667,0.410269
44,0.414364
44,0.414364
44,0.414364
44,0.414364
44,0.414364
44.3333,0.419043
44.3333,0.419043
44.3333,0.419043
44.3333,0.419043
44.3333,0.419043
44.6667,0.418102
44.6667,0.418102
44.6667,0.418102
44.6667,0.418102
44.6667,0.418102
45,0.42041
45,0.42041
45,0.42041
45,0.42041
45,0.42041
45.3333,0.424235
45.3333,0.424235
45.3333,0.424235
45.3333,0.424235
45.3333,0.424235
45.6667,0.427088
45.6667,0.427088
45.6667,0.427088
45.6667,0.427088
45.6667,0.427088
46,0.429627
46,0.429627
46,0.429627
46,0.429627
46,0.429627
46.3333,0.426688
46.3333,0.426688
46.3333,0.426688
46.3333,0.426688
46.3333,0.426688
46.6667,0.428456
46.6667,0.428456
46.6667,0.428456
46.6667,0.428456
46.6667,0.428456
47,0.427507
47,0.427507
47,0.427507
47,0.427507
47,0.427507
47.3333,0.428491
47.3333,0.428491
47.3333,0.428491
47.3333,0.428491
47.3333,0.428491
47.6667,0.429427
47.6667,0.429427
47.6667,0.429427
47.6667,0.429427
47.6667,0.429427
48,0.418157
48,0.418157
48,0.418157
48,0.418157
48,0.418157
48.3333,0.419768
48.3333,0.419768
48.3333,0.419768
48.3333,0.419768
48.3333,0.419768
48.6667,0.418812
48.6667,0.418812
48.6667,0.418812
48.6667,0.418812
48.6667,0.418812
49,0.415488
49,0.415488
49,0.415488
49,0.415488
49,0.415488
49.3333,0.413086
49.3333,0.413086
49.3333,0.413086
49.3333,0.413086
49.3333,0.413086
49.6667,0.403936
49.6667,0.403936
49.6667,0.403936
49.6667,0.403936
49.6667,0.403936
50,0.403924
50,0.403924
50,0.403924
50,0.403924
50,0.403924
50.3333,0.403709
50.3333,0.403709
50.3333,0.403709
50.3333,0.403709
50.3333,0.403709
50.6667,0.402886
50.6667,0.402886
50.6667,0.402886
50.6667,0.402886
50.6667,0.402886
51,0.399739
51,0.399739
51,0.399739
51,0.399739
51,0.399739
51.3333,0.385463
51.3333,0.385463
51.3333,0.385463
51.3333,0.385463
51.3333,0.385463
51.6667,0.387638
51.6667,0.387638
51.6667,0.387638
51.6667,0.387638
51.6667,0.387638
52,0.389652
52,0.389652
52,0.389652
52,0.389652
52,0.389652
52.3333,0.390503
52.3333,0.390503
52.3333,0.390503
52.3333,0.390503
52.3333,0.390503
52.6667,0.396048
52.6667,0.396048
52.6667,0.396048
52.6667,0.396048
52.6667,0.396048
53,0.406268
53,0.406268
53,0.406268
53,0.406268
53,0.406268
53.3333,0.417193
53.3333,0.417193
53.3333,0.417193
53.3333,0.417193
53.3333,0.417193
53.6667,0.42208
53.6667,0.42208
53.6667,0.42208
53.6667,0.42208
53.6667,0.42208
54,0.427151
54,0.427151
54,0.427151
54,0.427151
54,0.427151
54.3333,0.4342
54.3333,0.4342
54.3333,0.4342
54.3333,0.4342
54.3333,0.4342
54.6667,0.436904
54.6667,0.436904
54.6667,0.436904
54.6667,0.436904
54.6667,0.436904
55,0.439883
55,0.439883
55,0.439883
55,0.439883
55,0.439883
55.3333,0.443139
55.3333,0.443139
55.3333,0.443139
55.3333,0.443139
55.3333,0.443139
55.6667,0.440956
55.6667,0.440956
55.6667,0.440956
55.6667,0.440956
55.6667,0.440956
56,0.442845
56,0.442845
56,0.442845
56,0.442845
56,0.442845
56.3333,0.441489
56.3333,0.441489
56.3333,0.441489
56.3333,0.441489
56.3333,0.441489
56.6667,0.443065
56.6667,0.443065
56.6667,0.443065
56.6667,0.443065
56.6667,0.443065
57,0.444593
57,0.444593
57,0.444593
57,0.444593
57,0.444593
57.3333,0.445114
57.3333,0.445114
57.3333,0.445114
57.3333,0.445114
57.3333,0.445114
57.6667,0.445757
57.6667,0.445757
57.6667,0.445757
57.6667,0.445757
57.6667,0.445757
58,0.442939
58,0.442939
58,0.442939
58,0.442939
58,0.442939
58.3333,0.445189
58.3333,0.445189
58.3333,0.445189
58.3333,0.445189
58.3333,0.445189
58.6667,0.443817
58.6667,0.443817
58.6667,0.443817
58.6667,0.443817
58.6667,0.443817
59,0.443982
59,0.443982
59,0.443982
59,0.443982
59,0.443982
59.3333,0.445091
59.3333,0.445091
59.3333,0.445091
59.3333,0.445091
59.3333,0.445091
59.6667,0.448465
59.6667,0.448465
59.6667,0.448465
59.6667,0.448465
59.6667,0.448465
60,0.450334
60,0.450334
60,0.450334
60,0.450334
60,0.450334
60.3333,0.443825
60.3333,0.443825
60.3333,0.443825
60.3333,0.443825
60.3333,0.443825
60.6667,0.44591
60.6667,0.44591
60.6667,0.44591
60.6667,0.44591
60.6667,0.44591
61,0.442112
61,0.442112
61,0.442112
61,0.442112
61,0.442112
61.3333,0.438354
61.3333,0.438354
61.3333,0.438354
61.3333,0.438354
61.3333,0.438354
61.6667,0.437433
61.6667,0.437433
61.6667,0.437433
61.6667,0.437433
61.6667,0.437433
62,0.432617
62,0.432617
62,0.432617
62,0.432617
62,0.432617
62.3333,0.435219
62.3333,0.435219
62.3333,0.435219
62.3333,0.435219
62.3333,0.435219
62.6667,0.441509
62.6667,0.441509
62.6667,0.441509
62.6667,0.441509
62.6667,0.441509
63,0.442622
63,0.442622
63,0.442622
63,0.442622
63,0.442622
63.3333,0.442904
63.3333,0.442904
63.3333,0.442904
63.3333,0.442904
63.3333,0.442904
63.6667,0.439491
63.6667,0.439491
63.6667,0.439491
63.6667,0.439491
63.6667,0.439491
64,0.441003
64,0.441003
64,0.441003
64,0.441003
64,0.441003
64.3333,0.443402
64.3333,0.443402
64.3333,0.443402
64.3333,0.443402
64.3333,0.443402
64.6667,0.444436
64.6667,0.444436
64.6667,0.444436
64.6667,0.444436
64.6667,0.444436
65,0.445867
65,0.445867
65,0.445867
65,0.445867
65,0.445867
65.3333,0.444511
65.3333,0.444511
65.3333,0.444511
65.3333,0.444511
65.3333,0.444511
65.6667,0.444985
65.6667,0.444985
65.6667,0.444985
65.6667,0.444985
65.6667,0.444985
66,0.444417
66,0.444417
66,0.444417
66,0.444417
66,0.444417
66.3333,0.4454
66.3333,0.4454
66.3333,0.4454
66.3333,0.4454
66.3333,0.4454
66.6667,0.442159
66.6667,0.442159
66.6667,0.442159
66.6667,0.442159
66.6667,0.442159
67,0.43518
67,0.43518
67,0.43518
67,0.43518
67,0.43518
67.3333,0.437429
67.3333,0.437429
67.3333,0.437429
67.3333,0.437429
67.3333,0.437429
67.6667,0.438209
67.6667,0.438209
67.6667,0.438209
67.6667,0.438209
67.6667,0.438209
68,0.43806
68,0.43806
68,0.43806
68,0.43806
68,0.43806
68.3333,0.438409
68.3333,0.438409
68.3333,0.438409
68.3333,0.438409
68.3333,0.438409
68.6667,0.438985
68.6667,0.438985
68.6667,0.438985
68.6667,0.438985
68.6667,0.438985
69,0.434294
69,0.434294
69,0.434294
69,0.434294
69,0.434294
69.3333,0.43681
69.3333,0.43681
69.3333,0.43681
69.3333,0.43681
69.3333,0.43681
69.6667,0.43913
69.6667,0.43913
69.6667,0.43913
69.6667,0.43913
69.6667,0.43913
70,0.43779
70,0.43779
70,0.43779
70,0.43779
70,0.43779
70.3333,0.439036
70.3333,0.439036
70.3333,0.439036
70.3333,0.439036
70.3333,0.439036
70.6667,0.432496
70.6667,0.432496
70.6667,0.432496
70.6667,0.432496
70.6667,0.432496
71,0.434126
71,0.434126
71,0.434126
71,0.434126
71,0.434126
71.3333,0.43605
71.3333,0.43605
71.3333,0.43605
71.3333,0.43605
71.3333,0.43605
71.6667,0.437672
71.6667,0.437672
71.6667,0.437672
71.6667,0.437672
71.6667,0.437672
72,0.438264
72,0.438264
72,0.438264
72,0.438264
72,0.438264
72.3333,0.434216
72.3333,0.434216
72.3333,0.434216
72.3333,0.434216
72.3333,0.434216
72.6667,0.437222
72.6667,0.437222
72.6667,0.437222
72.6667,0.437222
72.6667,0.437222
73,0.438084
73,0.438084
73,0.438084
73,0.438084
73,0.438084
73.3333,0.439001
73.3333,0.439001
73.3333,0.439001
73.3333,0.439001
73.3333,0.439001
73.6667,0.440208
73.6667,0.440208
73.6667,0.440208
73.6667,0.440208
73.6667,0.440208
74,0.434569
74,0.434569
74,0.434569
74,0.434569
74,0.434569
74.3333,0.437237
74.3333,0.437237
74.3333,0.437237
74.3333,0.437237
74.3333,0.437237
74.6667,0.435827
74.6667,0.435827
74.6667,0.435827
74.6667,0.435827
74.6667,0.435827
75,0.436328
75,0.436328
75,0.436328
75,0.436328
75,0.436328
75.3333,0.440713
75.3333,0.440713
75.3333,0.440713
75.3333,0.440713
75.3333,0.440713
75.6667,0.438429
75.6667,0.438429
75.6667,0.438429
75.6667,0.438429
75.6667,0.438429
76,0.438903
76,0.438903
76,0.438903
76,0.438903
76,0.438903
76.3333,0.439745
76.3333,0.439745
76.3333,0.439745
76.3333,0.439745
76.3333,0.439745
76.6667,0.441685
76.6667,0.441685
76.6667,0.441685
76.6667,0.441685
76.6667,0.441685
77,0.440419
77,0.440419
77,0.440419
77,0.440419
77,0.440419
77.3333,0.438746
77.3333,0.438746
77.3333,0.438746
77.3333,0.438746
77.3333,0.438746
77.6667,0.441732
77.6667,0.441732
77.6667,0.441732
77.6667,0.441732
77.6667,0.441732
78,0.440635
78,0.440635
78,0.440635
78,0.440635
78,0.440635
78.3333,0.438719
78.3333,0.438719
78.3333,0.438719
78.3333,0.438719
78.3333,0.438719
78.6667,0.436418
78.6667,0.436418
78.6667,0.436418
78.6667,0.436418
78.6667,0.436418
79,0.42873
79,0.42873
79,0.42873
79,0.42873
79,0.42873
79.3333,0.429525
79.3333,0.429525
79.3333,0.429525
79.3333,0.429525
79.3333,0.429525
79.6667,0.430505
79.6667,0.430505
79.6667,0.430505
79.6667,0.430505
79.6667,0.430505
80,0.431496
80,0.431496
80,0.431496
80,0.431496
80,0.431496
80.3333,0.431359
80.3333,0.431359
80.3333,0.431359
80.3333,0.431359
80.3333,0.431359
80.6667,0.427362
80.6667,0.427362
80.6667,0.427362
80.6667,0.427362
80.6667,0.427362
81,0.429443
81,0.429443
81,0.429443
81,0.429443
81,0.429443
81.3333,0.431003
81.3333,0.431003
81.3333,0.431003
81.3333,0.431003
81.3333,0.431003
81.6667,0.431998
81.6667,0.431998
81.6667,0.431998
81.6667,0.431998
81.6667,0.431998
82,0.434055
82,0.434055
82,0.434055
82,0.434055
82,0.434055
82.3333,0.431371
82.3333,0.431371
82.3333,0.431371
82.3333,0.431371
82.3333,0.431371
82.6667,0.435517
82.6667,0.435517
82.6667,0.435517
82.6667,0.435517
82.6667,0.435517
83,0.437633
83,0.437633
83,0.437633
83,0.437633
83,0.437633
83.3333,0.437237
83.3333,0.437237
83.3333,0.437237
83.3333,0.437237
83.3333,0.437237
83.6667,0.43674
83.6667,0.43674
83.6667,0.43674
83.6667,0.43674
83.6667,0.43674
84,0.430724
84,0.430724
84,0.430724
84,0.430724
84,0.430724
84.3333,0.433617
84.3333,0.433617
84.3333,0.433617
84.3333,0.433617
84.3333,0.433617
84.6667,0.434753
84.6667,0.434753
84.6667,0.434753
84.6667,0.434753
84.6667,0.434753
85,0.435086
85,0.435086
85,0.435086
85,0.435086
85,0.435086
85.3333,0.435885
85.3333,0.435885
85.3333,0.435885
85.3333,0.435885
85.3333,0.435885
85.6667,0.431504
85.6667,0.431504
85.6667,0.431504
85.6667,0.431504
85.6667,0.431504
86,0.435376
86,0.435376
86,0.435376
86,0.435376
86,0.435376
86.3333,0.437018
86.3333,0.437018
86.3333,0.437018
86.3333,0.437018
86.3333,0.437018
86.6667,0.440227
86.6667,0.440227
86.6667,0.440227
86.6667,0.440227
86.6667,0.440227
87,0.439177
87,0.439177
87,0.439177
87,0.439177
87,0.439177
87.3333,0.433444
87.3333,0.433444
87.3333,0.433444
87.3333,0.433444
87.3333,0.433444
87.6667,0.432386
87.6667,0.432386
87.6667,0.432386
87.6667,0.432386
87.6667,0.432386
88,0.432739
88,0.432739
88,0.432739
88,0.432739
88,0.432739
88.3333,0.433158
88.3333,0.433158
88.3333,0.433158
88.3333,0.433158
88.3333,0.433158
88.6667,0.432954
88.6667,0.432954
88.6667,0.432954
88.6667,0.432954
88.6667,0.432954
89,0.429106
89,0.429106
89,0.429106
89,0.429106
89,0.429106
89.3333,0.43192
89.3333,0.43192
89.3333,0.43192
89.3333,0.43192
89.3333,0.43192
89.6667,0.433342
89.6667,0.433342
89.6667,0.433342
89.6667,0.433342
89.6667,0.433342
90,0.436187
90,0.436187
90,0.436187
90,0.436187
90,0.436187
90.3333,0.437813
90.3333,0.437813
90.3333,0.437813
90.3333,0.437813
90.3333,0.437813
90.6667,0.432731
90.6667,0.432731
90.6667,0.432731
90.6667,0.432731
90.6667,0.432731
91,0.432927
91,0.432927
91,0.432927
91,0.432927
91,0.432927
91.3333,0.429537
91.3333,0.429537
91.3333,0.429537
91.3333,0.429537
91.3333,0.429537
91.6667,0.426002
91.6667,0.426002
91.6667,0.426002
91.6667,0.426002
91.6667,0.426002
92,0.423432
92,0.423432
92,0.423432
92,0.423432
92,0.423432
92.3333,0.415316
92.3333,0.415316
92.3333,0.415316
92.3333,0.415316
92.3333,0.415316
92.6667,0.417644
92.6667,0.417644
92.6667,0.417644
92.6667,0.417644
92.6667,0.417644
93,0.419313
93,0.419313
93,0.419313
93,0.419313
93,0.419313
93.3333,0.421096
93.3333,0.421096
93.3333,0.421096
93.3333,0.421096
93.3333,0.421096
93.6667,0.422217
93.6667,0.422217
93.6667,0.422217
93.6667,0.422217
93.6667,0.422217
94,0.417369
94,0.417369
94,0.417369
94,0.417369
94,0.417369
94.3333,0.419066
94.3333,0.419066
94.3333,0.419066
94.3333,0.419066
94.3333,0.419066
94.6667,0.421386
94.6667,0.421386
94.6667,0.421386
94.6667,0.421386
94.6667,0.421386
95,0.42409
95,0.42409
95,0.42409
95,0.42409
95,0.42409
95.3333,0.43016
95.3333,0.43016
95.3333,0.43016
95.3333,0.43016
95.3333,0.43016
95.6667,0.430885
95.6667,0.430885
95.6667,0.430885
95.6667,0.430885
95.6667,0.430885
96,0.439036
96,0.439036
96,0.439036
96,0.439036
96,0.439036
96.3333,0.443723
96.3333,0.443723
96.3333,0.443723
96.3333,0.443723
96.3333,0.443723
96.6667,0.441732
96.6667,0.441732
96.6667,0.441732
96.6667,0.441732
96.6667,0.441732
97,0.440937
97,0.440937
97,0.440937
97,0.440937
97,0.440937
97.3333,0.429329
97.3333,0.429329
97.3333,0.429329
97.3333,0.429329
97.3333,0.429329
97.6667,0.423886
97.6667,0.423886
97.6667,0.423886
97.6667,0.423886
97.6667,0.423886
98,0.411346
98,0.411346
98,0.411346
98,0.411346
98,0.411346
98.3333,0.398795
98.3333,0.398795
98.3333,0.398795
98.3333,0.398795
98.3333,0.398795
98.6667,0.385173
98.6667,0.385173
98.6667,0.385173
98.6667,0.385173
98.6667,0.385173
99,0.369349
99,0.369349
99,0.369349
99,0.369349
99,0.369349
99.3333,0.362762
99.3333,0.362762
99.3333,0.362762
99.3333,0.362762
99.3333,0.362762
99.6667,0.355093
99.6667,0.355093
99.6667,0.355093
99.6667,0.355093
99.6667,0.355093
100,0.350167
100,0.350167
100,0.350167
100,0.350167
100,0.350167
100.333,0.343944
100.333,0.343944
100.333,0.343944
100.333,0.343944
100.333,0.343944
100.667,0.335323
100.667,0.335323
100.667,0.335323
100.667,0.335323
100.667,0.335323
101,0.325224
101,0.325224
101,0.325224
101,0.325224
101,0.325224
101.333,0.320047
101.333,0.320047
101.333,0.320047
101.333,0.320047
101.333,0.320047
101.667,0.311183
101.667,0.311183
101.667,0.311183
101.667,0.311183
101.667,0.311183
102,0.302821
102,0.302821
102,0.302821
102,0.302821
102,0.302821
102.333,0.292554
102.333,0.292554
102.333,0.292554
102.333,0.292554
102.333,0.292554
102.667,0.289411
102.667,0.289411
102.667,0.289411
102.667,0.289411
102.667,0.289411
103,0.289183
103,0.289183
103,0.289183
103,0.289183
103,0.289183
103.333,0.289842
103.333,0.289842
103.333,0.289842
103.333,0.289842
103.333,0.289842
103.667,0.295054
103.667,0.295054
103.667,0.295054
103.667,0.295054
103.667,0.295054
104,0.307664
104,0.307664
104,0.307664
104,0.307664
104,0.307664
104.333,0.313217
104.333,0.313217
104.333,0.313217
104.333,0.313217
104.333,0.313217
104.667,0.310701
104.667,0.310701
104.667,0.310701
104.667,0.310701
104.667,0.310701
105,0.321552
105,0.321552
105,0.321552
105,0.321552
105,0.321552
105.333,0.335805
105.333,0.335805
105.333,0.335805
105.333,0.335805
105.333,0.335805
105.667,0.334229
105.667,0.334229
105.667,0.334229
105.667,0.334229
105.667,0.334229
106,0.325428
106,0.325428
106,0.325428
106,0.325428
106,0.325428
106.333,0.33113
106.333,0.33113
106.333,0.33113
106.333,0.33113
106.333,0.33113
106.667,0.339876
106.667,0.339876
106.667,0.339876
106.667,0.339876
106.667,0.339876
107,0.354689
107,0.354689
107,0.354689
107,0.354689
107,0.354689
107.333,0.364705
107.333,0.364705
107.333,0.364705
107.333,0.364705
107.333,0.364705
107.667,0.353271
107.667,0.353271
107.667,0.353271
107.667,0.353271
107.667,0.353271
108,0.344026
108,0.344026
108,0.344026
108,0.344026
108,0.344026
108.333,0.349219
108.333,0.349219
108.333,0.349219
108.333,0.349219
108.333,0.349219
108.667,0.366935
108.667,0.366935
108.667,0.366935
108.667,0.366935
108.667,0.366935
109,0.371744
109,0.371744
109,0.371744
109,0.371744
109,0.371744
109.333,0.374624
109.333,0.374624
109.333,0.374624
109.333,0.374624
109.333,0.374624
109.667,0.381074
109.667,0.381074
109.667,0.381074
109.667,0.381074
109.667,0.381074
110,0.373084
110,0.373084
110,0.373084
110,0.373084
110,0.373084
110.333,0.363299
110.333,0.363299
110.333,0.363299
110.333,0.363299
110.333,0.363299
110.667,0.361802
110.667,0.361802
110.667,0.361802
110.667,0.361802
110.667,0.361802
111,0.354536
111,0.354536
111,0.354536
111,0.354536
111,0.354536
111.333,0.34809
111.333,0.34809
111.333,0.34809
111.333,0.34809
111.333,0.34809
111.667,0.338517
111.667,0.338517
111.667,0.338517
111.667,0.338517
111.667,0.338517
112,0.34028
112,0.34028
112,0.34028
112,0.34028
112,0.34028
112.333,0.34251
112.333,0.34251
112.333,0.34251
112.333,0.34251
112.333,0.34251
112.667,0.349712
112.667,0.349712
112.667,0.349712
112.667,0.349712
112.667,0.349712
113,0.36275
113,0.36275
113,0.36275
113,0.36275
113,0.36275
113.333,0.373323
113.333,0.373323
113.333,0.373323
113.333,0.373323
113.333,0.373323
113.667,0.366708
113.667,0.366708
113.667,0.366708
113.667,0.366708
113.667,0.366708
114,0.337725
114,0.337725
114,0.337725
114,0.337725
114,0.337725
114.333,0.325107
114.333,0.325107
114.333,0.325107
114.333,0.325107
114.333,0.325107
114.667,0.310983
114.667,0.310983
114.667,0.310983
114.667,0.310983
114.667,0.310983
115,0.288059
115,0.288059
115,0.288059
115,0.288059
115,0.288059
115.333,0.268273
115.333,0.268273
115.333,0.268273
115.333,0.268273
115.333,0.268273
115.667,0.266255
115.667,0.266255
115.667,0.266255
115.667,0.266255
115.667,0.266255
116,0.247856
116,0.247856
116,0.247856
116,0.247856
116,0.247856
116.333,0.221734
116.333,0.221734
116.333,0.221734
116.333,0.221734
116.333,0.221734
116.667,0.210558
116.667,0.210558
116.667,0.210558
116.667,0.210558
116.667,0.210558
117,0.209664
117,0.209664
117,0.209664
117,0.209664
117,0.209664
117.333,0.202148
117.333,0.202148
117.333,0.202148
117.333,0.202148
117.333,0.202148
117.667,0.201952
117.667,0.201952
117.667,0.201952
117.667,0.201952
117.667,0.201952
118,0.224215
118,0.224215
118,0.224215
118,0.224215
118,0.224215
118.333,0.221891
118.333,0.221891
118.333,0.221891
118.333,0.221891
118.333,0.221891
118.667,0.20687
118.667,0.20687
118.667,0.20687
118.667,0.20687
118.667,0.20687
119,0.193946
119,0.193946
119,0.193946
119,0.193946
119,0.193946
119.333,0.179862
119.333,0.179862
119.333,0.179862
119.333,0.179862
119.333,0.179862
119.667,0.16793
119.667,0.16793
119.667,0.16793
119.667,0.16793
119.667,0.16793
120,0.180752
120,0.180752
120,0.180752
120,0.180752
120,0.180752
120.333,0.193954
120.333,0.193954
120.333,0.193954
120.333,0.193954
120.333,0.193954
120.667,0.198179
120.667,0.198179
120.667,0.198179
120.667,0.198179
120.667,0.198179
121,0.19366
121,0.19366
121,0.19366
121,0.19366
121,0.19366
121.333,0.190647
121.333,0.190647
121.333,0.190647
121.333,0.190647
121.333,0.190647
121.667,0.204268
121.667,0.204268
121.667,0.204268
121.667,0.204268
121.667,0.204268
122,0.214175
122,0.214175
122,0.214175
122,0.214175
122,0.214175
122.333,0.199096
122.333,0.199096
122.333,0.199096
122.333,0.199096
122.333,0.199096
122.667,0.185678
122.667,0.185678
122.667,0.185678
122.667,0.185678
122.667,0.185678
123,0.155993
123,0.155993
123,0.155993
123,0.155993
123,0.155993
123.333,0.129283
123.333,0.129283
123.333,0.129283
123.333,0.129283
123.333,0.129283
123.667,0.114349
123.667,0.114349
123.667,0.114349
123.667,0.114349
123.667,0.114349
124,0.123546
124,0.123546
124,0.123546
124,0.123546
124,0.123546
124.333,0.132073
124.333,0.132073
124.333,0.132073
124.333,0.132073
124.333,0.132073
124.667,0.161143
124.667,0.161143
124.667,0.161143
124.667,0.161143
124.667,0.161143
125,0.163572
125,0.163572
125,0.163572
125,0.163572
125,0.163572
125.333,0.171265
125.333,0.171265
125.333,0.171265
125.333,0.171265
125.333,0.171265
125.667,0.185517
125.667,0.185517
125.667,0.185517
125.667,0.185517
125.667,0.185517
126,0.197845
126,0.197845
126,0.197845
126,0.197845
126,0.197845
126.333,0.185529
126.333,0.185529
126.333,0.185529
126.333,0.185529
126.333,0.185529
126.667,0.204339
126.667,0.204339
126.667,0.204339
126.667,0.204339
126.667,0.204339
127,0.225763
127,0.225763
127,0.225763
127,0.225763
127,0.225763
127.333,0.194793
127.333,0.194793
127.333,0.194793
127.333,0.194793
127.333,0.194793
127.667,0.168
127.667,0.168
127.667,0.168
127.667,0.168
127.667,0.168
128,0.157239
128,0.157239
128,0.157239
128,0.157239
128,0.157239
128.333,0.144645
128.333,0.144645
128.333,0.144645
128.333,0.144645
128.333,0.144645
128.667,0.122657
128.667,0.122657
128.667,0.122657
128.667,0.122657
128.667,0.122657
129,0.111269
129,0.111269
129,0.111269
129,0.111269
129,0.111269
129.333,0.106844
129.333,0.106844
129.333,0.106844
129.333,0.106844
129.333,0.106844
129.667,0.0900566
129.667,0.0900566
129.667,0.0900566
129.667,0.0900566
129.667,0.0900566
130,0.0609952
130,0.0609952
130,0.0609952
130,0.0609952
130,0.0609952
130.333,0.0416327
130.333,0.0416327
130.333,0.0416327
130.333,0.0416327
130.333,0.0416327
130.667,0.0294454
130.667,0.0294454
130.667,0.0294454
130.667,0.0294454
130.667,0.0294454
131,0.0101456
131,0.0101456
131,0.0101456
131,0.0101456
131,0.0101456
131.333,0.00199464
131.333,0.00199464
131.333,0.00199464
131.333,0.00199464
131.333,0.00199464
131.667,0.000948335
131.667,0.000948335
131.667,0.000948335
131.667,0.000948335
131.667,0.000948335
132,0.0011717
132,0.0011717
132,0.0011717
132,0.0011717
132,0.0011717
132.333,0.00142642
132.333,0.00142642
132.333,0.00142642
132.333,0.00142642
132.333,0.00142642
132.667,0.00116387
132.667,0.00116387
132.667,0.00116387
132.667,0.00116387
132.667,0.00116387
133,0.000905229
133,0.000905229
133,0.000905229
133,0.000905229
133,0.000905229
133.333,0.00447912
133.333,0.00447912
133.333,0.00447912
133.333,0.00447912
133.333,0.00447912
133.667,0.0532949
133.667,0.0532949
133.667,0.0532949
133.667,0.0532949
133.667,0.0532949
134,0.113616
134,0.113616
134,0.113616
134,0.113616
134,0.113616
134.333,0.163572
134.333,0.163572
134.333,0.163572
134.333,0.163572
134.333,0.163572
134.667,0.209257
134.667,0.209257
134.667,0.209257
134.667,0.209257
134.667,0.209257
135,0.228717
135,0.228717
135,0.228717
135,0.228717
135,0.228717
135.333,0.208967
135.333,0.208967
135.333,0.208967
135.333,0.208967
135.333,0.208967
135.667,0.17507
135.667,0.17507
135.667,0.17507
135.667,0.17507
135.667,0.17507
136,0.135244
136,0.135244
136,0.135244
136,0.135244
136,0.135244
136.333,0.0860987
136.333,0.0860987
136.333,0.0860987
136.333,0.0860987
136.333,0.0860987
136.667,0.060956
136.667,0.060956
136.667,0.060956
136.667,0.060956
136.667,0.060956
137,0.0466252
137,0.0466252
137,0.0466252
137,0.0466252
137,0.0466252
137.333,0.0336777
137.333,0.0336777
137.333,0.0336777
137.333,0.0336777
137.333,0.0336777
137.667,0.0274586
137.667,0.0274586
137.667,0.0274586
137.667,0.0274586
137.667,0.0274586
138,0.0226621
138,0.0226621
138,0.0226621
138,0.0226621
138,0.0226621
138.333,0.00567826
138.333,0.00567826
138.333,0.00567826
138.333,0.00567826
138.333,0.00567826
138.667,0.00561947
138.667,0.00561947
138.667,0.00561947
138.667,0.00561947
138.667,0.00561947
139,0.00525503
139,0.00525503
139,0.00525503
139,0.00525503
139,0.00525503
139.333,0.00457317
139.333,0.00457317
139.333,0.00457317
139.333,0.00457317
139.333,0.00457317
139.667,0.00449088
139.667,0.00449088
139.667,0.00449088
139.667,0.00449088
139.667,0.00449088
140,0.00608972
140,0.00608972
140,0.00608972
140,0.00608972
140,0.00608972
140.333,0.0172621
140.333,0.0172621
140.333,0.0172621
140.333,0.0172621
140.333,0.0172621
140.667,0.0308091
140.667,0.0308091
140.667,0.0308091
140.667,0.0308091
140.667,0.0308091
141,0.05025
141,0.05025
141,0.05025
141,0.05025
141,0.05025
141.333,0.0726574
141.333,0.0726574
141.333,0.0726574
141.333,0.0726574
141.333,0.0726574
141.667,0.116633
141.667,0.116633
141.667,0.116633
141.667,0.116633
141.667,0.116633
142,0.153352
142,0.153352
142,0.153352
142,0.153352
142,0.153352
142.333,0.170932
142.333,0.170932
142.333,0.170932
142.333,0.170932
142.333,0.170932
142.667,0.184224
142.667,0.184224
142.667,0.184224
142.667,0.184224
142.667,0.184224
143,0.191152
143,0.191152
143,0.191152
143,0.191152
143,0.191152
143.333,0.192779
143.333,0.192779
143.333,0.192779
143.333,0.192779
143.333,0.192779
143.667,0.209907
143.667,0.209907
143.667,0.209907
143.667,0.209907
143.667,0.209907
144,0.206541
144,0.206541
144,0.206541
144,0.206541
144,0.206541
144.333,0.19408
144.333,0.19408
144.333,0.19408
144.333,0.19408
144.333,0.19408
144.667,0.165786
144.667,0.165786
144.667,0.165786
144.667,0.165786
144.667,0.165786
145,0.129146
145,0.129146
145,0.129146
145,0.129146
145,0.129146
145.333,0.10001
145.333,0.10001
145.333,0.10001
145.333,0.10001
145.333,0.10001
145.667,0.0669987
145.667,0.0669987
145.667,0.0669987
145.667,0.0669987
145.667,0.0669987
146,0.0330467
146,0.0330467
146,0.0330467
146,0.0330467
146,0.0330467
146.333,0.013504
146.333,0.013504
146.333,0.013504
146.333,0.013504
146.333,0.013504
146.667,0.00923255
146.667,0.00923255
146.667,0.00923255
146.667,0.00923255
146.667,0.00923255
147,0.0020064
147,0.0020064
147,0.0020064
147,0.0020064
147,0.0020064
147.333,0.00101104
147.333,0.00101104
147.333,0.00101104
147.333,0.00101104
147.333,0.00101104
147.667,0.00120697
147.667,0.00120697
147.667,0.00120697
147.667,0.00120697
147.667,0.00120697
148,0.00135588
148,0.00135588
148,0.00135588
148,0.00135588
148,0.00135588
148.333,0.00128143
148.333,0.00128143
148.333,0.00128143
148.333,0.00128143
148.333,0.00128143
148.667,0.00153615
148.667,0.00153615
148.667,0.00153615
148.667,0.00153615
148.667,0.00153615
149,0.0018183
149,0.0018183
149,0.0018183
149,0.0018183
149,0.0018183
149.333,0.00182221
149.333,0.00182221
149.333,0.00182221
149.333,0.00182221
149.333,0.00182221
149.667,0.0015479
149.667,0.0015479
149.667,0.0015479
149.667,0.0015479
149.667,0.0015479
150,0.00149696
150,0.00149696
150,0.00149696
150,0.00149696
150,0.00149696
150.333,0.00161452
150.333,0.00161452
150.333,0.00161452
150.333,0.00161452
150.333,0.00161452
150.667,0.00188883
150.667,0.00188883
150.667,0.00188883
150.667,0.00188883
150.667,0.00188883
151,0.00477303
151,0.00477303
151,0.00477303
151,0.00477303
151,0.00477303
151.333,0.0300881
151.333,0.0300881
151.333,0.0300881
151.333,0.0300881
151.333,0.0300881
151.667,0.0475382
151.667,0.0475382
151.667,0.0475382
151.667,0.0475382
151.667,0.0475382
152,0.0582874
152,0.0582874
152,0.0582874
152,0.0582874
152,0.0582874
152.333,0.0656546
152.333,0.0656546
152.333,0.0656546
152.333,0.0656546
152.333,0.0656546
152.667,0.0655566
152.667,0.0655566
152.667,0.0655566
152.667,0.0655566
152.667,0.0655566
153,0.0633896
153,0.0633896
153,0.0633896
153,0.0633896
153,0.0633896
153.333,0.0699926
153.333,0.0699926
153.333,0.0699926
153.333,0.0699926
153.333,0.0699926
153.667,0.0648512
153.667,0.0648512
153.667,0.0648512
153.667,0.0648512
153.667,0.0648512
154,0.0442347
154,0.0442347
154,0.0442347
154,0.0442347
154,0.0442347
154.333,0.0366206
154.333,0.0366206
154.333,0.0366206
154.333,0.0366206
154.333,0.0366206
154.667,0.0318476
154.667,0.0318476
154.667,0.0318476
154.667,0.0318476
154.667,0.0318476
155,0.0260244
155,0.0260244
155,0.0260244
155,0.0260244
155,0.0260244
155.333,0.0219371
155.333,0.0219371
155.333,0.0219371
155.333,0.0219371
155.333,0.0219371
155.667,0.0166468
155.667,0.0166468
155.667,0.0166468
155.667,0.0166468
155.667,0.0166468
156,0.013167
156,0.013167
156,0.013167
156,0.013167
156,0.013167
156.333,0.00813923
156.333,0.00813923
156.333,0.00813923
156.333,0.00813923
156.333,0.00813923
156.667,0.00619945
156.667,0.00619945
156.667,0.00619945
156.667,0.00619945
156.667,0.00619945
157,0.00417346
157,0.00417346
157,0.00417346
157,0.00417346
157,0.00417346
157.333,0.00586244
157.333,0.00586244
157.333,0.00586244
157.333,0.00586244
157.333,0.00586244
157.667,0.00638755
157.667,0.00638755
157.667,0.00638755
157.667,0.00638755
157.667,0.00638755
158,0.00652862
158,0.00652862
158,0.00652862
158,0.00652862
158,0.00652862
158.333,0.00651687
158.333,0.00651687
158.333,0.00651687
158.333,0.00651687
158.333,0.00651687
158.667,0.00503558
158.667,0.00503558
158.667,0.00503558
158.667,0.00503558
158.667,0.00503558
159,0.0358526
159,0.0358526
159,0.0358526
159,0.0358526
159,0.0358526
159.333,0.0591495
159.333,0.0591495
159.333,0.0591495
159.333,0.0591495
159.333,0.0591495
159.667,0.0626136
159.667,0.0626136
159.667,0.0626136
159.667,0.0626136
159.667,0.0626136
160,0.0649766
160,0.0649766
160,0.0649766
160,0.0649766
160,0.0649766
160.333,0.0661679
160.333,0.0661679
160.333,0.0661679
160.333,0.0661679
160.333,0.0661679
160.667,0.0626724
160.667,0.0626724
160.667,0.0626724
160.667,0.0626724
160.667,0.0626724
161,0.045575
161,0.045575
161,0.045575
161,0.045575
161,0.045575
161.333,0.0196995
161.333,0.0196995
161.333,0.0196995
161.333,0.0196995
161.333,0.0196995
161.667,0.000634836
161.667,0.000634836
161.667,0.000634836
161.667,0.000634836
161.667,0.000634836
162,0.0014225
162,0.0014225
162,0.0014225
162,0.0014225
162,0.0014225
162.333,0.0325295
162.333,0.0325295
162.333,0.0325295
162.333,0.0325295
162.333,0.0325295
162.667,0.0404453
162.667,0.0404453
162.667,0.0404453
162.667,0.0404453
162.667,0.0404453
163,0.0447638
163,0.0447638
163,0.0447638
163,0.0447638
163,0.0447638
163.333,0.0474755
163.333,0.0474755
163.333,0.0474755
163.333,0.0474755
163.333,0.0474755
163.667,0.0488902
163.667,0.0488902
163.667,0.0488902
163.667,0.0488902
163.667,0.0488902
164,0.0413976
164,0.0413976
164,0.0413976
164,0.0413976
164,0.0413976
164.333,0.0209849
164.333,0.0209849
164.333,0.0209849
164.333,0.0209849
164.333,0.0209849
164.667,0.0093462
164.667,0.0093462
164.667,0.0093462
164.667,0.0093462
164.667,0.0093462
165,0.00239043
165,0.00239043
165,0.00239043
165,0.00239043
165,0.00239043
165.333,0.00622688
165.333,0.00622688
165.333,0.00622688
165.333,0.00622688
165.333,0.00622688
165.667,0.00804518
165.667,0.00804518
165.667,0.00804518
165.667,0.00804518
165.667,0.00804518
166,0.0092639
166,0.0092639
166,0.0092639
166,0.0092639
166,0.0092639
166.333,0.0100516
166.333,0.0100516
166.333,0.0100516
166.333,0.0100516
166.333,0.0100516
166.667,0.0110861
166.667,0.0110861
166.667,0.0110861
166.667,0.0110861
166.667,0.0110861
167,0.00968321
167,0.00968321
167,0.00968321
167,0.00968321
167,0.00968321
167.333,0.02961
167.333,0.02961
167.333,0.02961
167.333,0.02961
167.333,0.02961
167.667,0.0533772
167.667,0.0533772
167.667,0.0533772
167.667,0.0533772
167.667,0.0533772
168,0.0592279
168,0.0592279
168,0.0592279
168,0.0592279
168,0.0592279
168.333,0.0643261
168.333,0.0643261
168.333,0.0643261
168.333,0.0643261
168.333,0.0643261
168.667,0.0677864
168.667,0.0677864
168.667,0.0677864
168.667,0.0677864
168.667,0.0677864
169,0.0709214
169,0.0709214
169,0.0709214
169,0.0709214
169,0.0709214
169.333,0.0719442
169.333,0.0719442
169.333,0.0719442
169.333,0.0719442
169.333,0.0719442
169.667,0.0711173
169.667,0.0711173
169.667,0.0711173
169.667,0.0711173
169.667,0.0711173
170,0.0543608
170,0.0543608
170,0.0543608
170,0.0543608
170,0.0543608
170.333,0.0315851
170.333,0.0315851
170.333,0.0315851
170.333,0.0315851
170.333,0.0315851
170.667,0.0111371
170.667,0.0111371
170.667,0.0111371
170.667,0.0111371
170.667,0.0111371
171,0.00246881
171,0.00246881
171,0.00246881
171,0.00246881
171,0.00246881
171.333,0.00253934
171.333,0.00253934
171.333,0.00253934
171.333,0.00253934
171.333,0.00253934
171.667,0.00193978
171.667,0.00193978
171.667,0.00193978
171.667,0.00193978
171.667,0.00193978
172,0.00184573
172,0.00184573
172,0.00184573
172,0.00184573
172,0.00184573
172.333,0.00204558
172.333,0.00204558
172.333,0.00204558
172.333,0.00204558
172.333,0.00204558
172.667,0.00194761
172.667,0.00194761
172.667,0.00194761
172.667,0.00194761
172.667,0.00194761
173,0.00184181
173,0.00184181
173,0.00184181
173,0.00184181
173,0.00184181
173.333,0.00174776
173.333,0.00174776
173.333,0.00174776
173.333,0.00174776
173.333,0.00174776
173.667,0.00180654
173.667,0.00180654
173.667,0.00180654
173.667,0.00180654
173.667,0.00180654
174,0.00233557
174,0.00233557
174,0.00233557
174,0.00233557
174,0.00233557
174.333,0.00199856
174.333,0.00199856
174.333,0.00199856
174.333,0.00199856
174.333,0.00199856
174.667,0.00187708
174.667,0.00187708
174.667,0.00187708
174.667,0.00187708
174.667,0.00187708
175,0.0150754
175,0.0150754
175,0.0150754
175,0.0150754
175,0.0150754
175.333,0.0346691
175.333,0.0346691
175.333,0.0346691
175.333,0.0346691
175.333,0.0346691
175.667,0.0401867
175.667,0.0401867
175.667,0.0401867
175.667,0.0401867
175.667,0.0401867
176,0.0717404
176,0.0717404
176,0.0717404
176,0.0717404
176,0.0717404
176.333,0.110716
176.333,0.110716
176.333,0.110716
176.333,0.110716
176.333,0.110716
176.667,0.138002
176.667,0.138002
176.667,0.138002
176.667,0.138002
176.667,0.138002
177,0.145307
177,0.145307
177,0.145307
177,0.145307
177,0.145307
177.333,0.142842
177.333,0.142842
177.333,0.142842
177.333,0.142842
177.333,0.142842
177.667,0.128644
177.667,0.128644
177.667,0.128644
177.667,0.128644
177.667,0.128644
178,0.120023
178,0.120023
178,0.120023
178,0.120023
178,0.120023
178.333,0.126861
178.333,0.126861
178.333,0.126861
178.333,0.126861
178.333,0.126861
178.667,0.111774
178.667,0.111774
178.667,0.111774
178.667,0.111774
178.667,0.111774
179,0.104709
179,0.104709
179,0.104709
179,0.104709
179,0.104709
179.333,0.0826149
179.333,0.0826149
179.333,0.0826149
179.333,0.0826149
179.333,0.0826149
179.667,0.0554933
179.667,0.0554933
179.667,0.0554933
179.667,0.0554933
179.667,0.0554933
180,0.0376003
180,0.0376003
180,0.0376003
180,0.0376003
180,0.0376003
180.333,0.034869
180.333,0.034869
180.333,0.034869
180.333,0.034869
180.333,0.034869
180.667,0.0348494
180.667,0.0348494
180.667,0.0348494
180.667,0.0348494
180.667,0.0348494
181,0.036362
181,0.036362
181,0.036362
181,0.036362
181,0.036362
181.333,0.0362405
181.333,0.0362405
181.333,0.0362405
181.333,0.0362405
181.333,0.0362405
181.667,0.0366951
181.667,0.0366951
181.667,0.0366951
181.667,0.0366951
181.667,0.0366951
182,0.0549251
182,0.0549251
182,0.0549251
182,0.0549251
182,0.0549251
182.333,0.0732256
182.333,0.0732256
182.333,0.0732256
182.333,0.0732256
182.333,0.0732256
182.667,0.0785277
182.667,0.0785277
182.667,0.0785277
182.667,0.0785277
182.667,0.0785277
183,0.0814393
183,0.0814393
183,0.0814393
183,0.0814393
183,0.0814393
183.333,0.0876701
183.333,0.0876701
183.333,0.0876701
183.333,0.0876701
183.333,0.0876701
183.667,0.0894649
183.667,0.0894649
183.667,0.0894649
183.667,0.0894649
183.667,0.0894649
184,0.0918514
184,0.0918514
184,0.0918514
184,0.0918514
184,0.0918514
184.333,0.0935129
184.333,0.0935129
184.333,0.0935129
184.333,0.0935129
184.333,0.0935129
184.667,0.0944417
184.667,0.0944417
184.667,0.0944417
184.667,0.0944417
184.667,0.0944417
185,0.0948727
185,0.0948727
185,0.0948727
185,0.0948727
185,0.0948727
185.333,0.0969771
185.333,0.0969771
185.333,0.0969771
185.333,0.0969771
185.333,0.0969771
185.667,0.0964912
185.667,0.0964912
185.667,0.0964912
185.667,0.0964912
185.667,0.0964912
186,0.0968909
186,0.0968909
186,0.0968909
186,0.0968909
186,0.0968909
186.333,0.0981527
186.333,0.0981527
186.333,0.0981527
186.333,0.0981527
186.333,0.0981527
186.667,0.0981801
186.667,0.0981801
186.667,0.0981801
186.667,0.0981801
186.667,0.0981801
187,0.0991833
187,0.0991833
187,0.0991833
187,0.0991833
187,0.0991833
187.333,0.0987052
187.333,0.0987052
187.333,0.0987052
187.333,0.0987052
187.333,0.0987052
187.667,0.0985877
187.667,0.0985877
187.667,0.0985877
187.667,0.0985877
187.667,0.0985877
188,0.099536
188,0.099536
188,0.099536
188,0.099536
188,0.099536
188.333,0.100241
188.333,0.100241
188.333,0.100241
188.333,0.100241
188.333,0.100241
188.667,0.0998182
188.667,0.0998182
188.667,0.0998182
188.667,0.0998182
188.667,0.0998182
189,0.0996653
189,0.0996653
189,0.0996653
189,0.0996653
189,0.0996653
189.333,0.101695
189.333,0.101695
189.333,0.101695
189.333,0.101695
189.333,0.101695
189.667,0.10311
189.667,0.10311
189.667,0.10311
189.667,0.10311
189.667,0.10311
190,0.102573
190,0.102573
190,0.102573
190,0.102573
190,0.102573
190.333,0.102663
190.333,0.102663
190.333,0.102663
190.333,0.102663
190.333,0.102663
190.667,0.100853
190.667,0.100853
190.667,0.100853
190.667,0.100853
190.667,0.100853
191,0.102005
191,0.102005
191,0.102005
191,0.102005
191,0.102005
191.333,0.103851
191.333,0.103851
191.333,0.103851
191.333,0.103851
191.333,0.103851
191.667,0.104505
191.667,0.104505
191.667,0.104505
191.667,0.104505
191.667,0.104505
192,0.106821
192,0.106821
192,0.106821
192,0.106821
192,0.106821
192.333,0.10706
192.333,0.10706
192.333,0.10706
192.333,0.10706
192.333,0.10706
192.667,0.110414
192.667,0.110414
192.667,0.110414
192.667,0.110414
192.667,0.110414
193,0.107671
193,0.107671
193,0.107671
193,0.107671
193,0.107671
193.333,0.10686
193.333,0.10686
193.333,0.10686
193.333,0.10686
193.333,0.10686
193.667,0.105669
193.667,0.105669
193.667,0.105669
193.667,0.105669
193.667,0.105669
194,0.106715
194,0.106715
194,0.106715
194,0.106715
194,0.106715
194.333,0.106362
194.333,0.106362
194.333,0.106362
194.333,0.106362
194.333,0.106362
194.667,0.104689
194.667,0.104689
194.667,0.104689
194.667,0.104689
194.667,0.104689
195,0.105798
195,0.105798
195,0.105798
195,0.105798
195,0.105798
195.333,0.109121
195.333,0.109121
195.333,0.109121
195.333,0.109121
195.333,0.109121
195.667,0.110105
195.667,0.110105
195.667,0.110105
195.667,0.110105
195.667,0.110105
196,0.111955
196,0.111955
196,0.111955
196,0.111955
196,0.111955
196.333,0.119294
196.333,0.119294
196.333,0.119294
196.333,0.119294
196.333,0.119294
196.667,0.131975
196.667,0.131975
196.667,0.131975
196.667,0.131975
196.667,0.131975
197,0.139684
197,0.139684
197,0.139684
197,0.139684
197,0.139684
197.333,0.146835
197.333,0.146835
197.333,0.146835
197.333,0.146835
197.333,0.146835
197.667,0.158247
197.667,0.158247
197.667,0.158247
197.667,0.158247
197.667,0.158247
198,0.169297
198,0.169297
198,0.169297
198,0.169297
198,0.169297
198.333,0.178377
198.333,0.178377
198.333,0.178377
198.333,0.178377
198.333,0.178377
198.667,0.18578
198.667,0.18578
198.667,0.18578
198.667,0.18578
198.667,0.18578
199,0.192912
199,0.192912
199,0.192912
199,0.192912
199,0.192912
199.333,0.217431
199.333,0.217431
199.333,0.217431
199.333,0.217431
199.333,0.217431
199.667,0.247457
199.667,0.247457
199.667,0.247457
199.667,0.247457
199.667,0.247457
200,0.271553
200,0.271553
200,0.271553
200,0.271553
200,0.271553
200.333,0.282192
200.333,0.282192
200.333,0.282192
200.333,0.282192
200.333,0.282192
200.667,0.29264
200.667,0.29264
200.667,0.29264
200.667,0.29264
200.667,0.29264
201,0.308033
201,0.308033
201,0.308033
201,0.308033
201,0.308033
201.333,0.316744
201.333,0.316744
201.333,0.316744
201.333,0.316744
201.333,0.316744
201.667,0.321842
201.667,0.321842
201.667,0.321842
201.667,0.321842
201.667,0.321842
202,0.317786
202,0.317786
202,0.317786
202,0.317786
202,0.317786
202.333,0.31009
202.333,0.31009
202.333,0.31009
202.333,0.31009
202.333,0.31009
202.667,0.31172
202.667,0.31172
202.667,0.31172
202.667,0.31172
202.667,0.31172
203,0.313276
203,0.313276
203,0.313276
203,0.313276
203,0.313276
203.333,0.313656
203.333,0.313656
203.333,0.313656
203.333,0.313656
203.333,0.313656
203.667,0.31239
203.667,0.31239
203.667,0.31239
203.667,0.31239
203.667,0.31239
204,0.322352
204,0.322352
204,0.322352
204,0.322352
204,0.322352
204.333,0.338348
204.333,0.338348
204.333,0.338348
204.333,0.338348
204.333,0.338348
204.667,0.348623
204.667,0.348623
204.667,0.348623
204.667,0.348623
204.667,0.348623
205,0.35389
205,0.35389
205,0.35389
205,0.35389
205,0.35389
205.333,0.355351
205.333,0.355351
205.333,0.355351
205.333,0.355351
205.333,0.355351
205.667,0.352914
205.667,0.352914
205.667,0.352914
205.667,0.352914
205.667,0.352914
206,0.361092
206,0.361092
206,0.361092
206,0.361092
206,0.361092
206.333,0.364643
206.333,0.364643
206.333,0.364643
206.333,0.364643
206.333,0.364643
206.667,0.368812
206.667,0.368812
206.667,0.368812
206.667,0.368812
206.667,0.368812
207,0.364568
207,0.364568
207,0.364568
207,0.364568
207,0.364568
207.333,0.354301
207.333,0.354301
207.333,0.354301
207.333,0.354301
207.333,0.354301
207.667,0.34905
207.667,0.34905
207.667,0.34905
207.667,0.34905
207.667,0.34905
208,0.348302
208,0.348302
208,0.348302
208,0.348302
208,0.348302
208.333,0.347933
208.333,0.347933
208.333,0.347933
208.333,0.347933
208.333,0.347933
208.667,0.351625
208.667,0.351625
208.667,0.351625
208.667,0.351625
208.667,0.351625
209,0.352773
209,0.352773
209,0.352773
209,0.352773
209,0.352773
209.333,0.355108
209.333,0.355108
209.333,0.355108
209.333,0.355108
209.333,0.355108
209.667,0.361147
209.667,0.361147
209.667,0.361147
209.667,0.361147
209.667,0.361147
210,0.364553
210,0.364553
210,0.364553
210,0.364553
210,0.364553
210.333,0.36784
210.333,0.36784
210.333,0.36784
210.333,0.36784
210.333,0.36784
210.667,0.368275
210.667,0.368275
210.667,0.368275
210.667,0.368275
210.667,0.368275
211,0.36987
211,0.36987
211,0.36987
211,0.36987
211,0.36987
211.333,0.370086
211.333,0.370086
211.333,0.370086
211.333,0.370086
211.333,0.370086
211.667,0.371595
211.667,0.371595
211.667,0.371595
211.667,0.371595
211.667,0.371595
212,0.376991
212,0.376991
212,0.376991
212,0.376991
212,0.376991
212.333,0.378292
212.333,0.378292
212.333,0.378292
212.333,0.378292
212.333,0.378292
212.667,0.385957
212.667,0.385957
212.667,0.385957
212.667,0.385957
212.667,0.385957
213,0.3966
213,0.3966
213,0.3966
213,0.3966
213,0.3966
213.333,0.401953
213.333,0.401953
213.333,0.401953
213.333,0.401953
213.333,0.401953
213.667,0.408638
213.667,0.408638
213.667,0.408638
213.667,0.408638
213.667,0.408638
214,0.407827
214,0.407827
214,0.407827
214,0.407827
214,0.407827
214.333,0.411241
214.333,0.411241
214.333,0.411241
214.333,0.411241
214.333,0.411241
214.667,0.411511
214.667,0.411511
214.667,0.411511
214.667,0.411511
214.667,0.411511
215,0.414305
215,0.414305
215,0.414305
215,0.414305
215,0.414305
215.333,0.416225
215.333,0.416225
215.333,0.416225
215.333,0.416225
215.333,0.416225
215.667,0.411374
215.667,0.411374
215.667,0.411374
215.667,0.411374
215.667,0.411374
216,0.413459
216,0.413459
216,0.413459
216,0.413459
216,0.413459
216.333,0.413423
216.333,0.413423
216.333,0.413423
216.333,0.413423
216.333,0.413423
216.667,0.413905
216.667,0.413905
216.667,0.413905
216.667,0.413905
216.667,0.413905
217,0.413956
217,0.413956
217,0.413956
217,0.413956
217,0.413956
217.333,0.412737
217.333,0.412737
217.333,0.412737
217.333,0.412737
217.333,0.412737
217.667,0.414959
217.667,0.414959
217.667,0.414959
217.667,0.414959
217.667,0.414959
218,0.417569
218,0.417569
218,0.417569
218,0.417569
218,0.417569
218.333,0.420246
218.333,0.420246
218.333,0.420246
218.333,0.420246
218.333,0.420246
218.667,0.419764
218.667,0.419764
218.667,0.419764
218.667,0.419764
218.667,0.419764
219,0.407596
219,0.407596
219,0.407596
219,0.407596
219,0.407596
219.333,0.407819
219.333,0.407819
219.333,0.407819
219.333,0.407819
219.333,0.407819
219.667,0.409712
219.667,0.409712
219.667,0.409712
219.667,0.409712
219.667,0.409712
220,0.408748
220,0.408748
220,0.408748
220,0.408748
220,0.408748
220.333,0.40883
220.333,0.40883
220.333,0.40883
220.333,0.40883
220.333,0.40883
220.667,0.400546
220.667,0.400546
220.667,0.400546
220.667,0.400546
220.667,0.400546
221,0.400809
221,0.400809
221,0.400809
221,0.400809
221,0.400809
221.333,0.400413
221.333,0.400413
221.333,0.400413
221.333,0.400413
221.333,0.400413
221.667,0.400636
221.667,0.400636
221.667,0.400636
221.667,0.400636
221.667,0.400636
222,0.4028
222,0.4028
222,0.4028
222,0.4028
222,0.4028
222.333,0.400578
222.333,0.400578
222.333,0.400578
222.333,0.400578
222.333,0.400578
222.667,0.404226
222.667,0.404226
222.667,0.404226
222.667,0.404226
222.667,0.404226
223,0.403901
223,0.403901
223,0.403901
223,0.403901
223,0.403901
223.333,0.403019
223.333,0.403019
223.333,0.403019
223.333,0.403019
223.333,0.403019
223.667,0.40325
223.667,0.40325
223.667,0.40325
223.667,0.40325
223.667,0.40325
224,0.401467
224,0.401467
224,0.401467
224,0.401467
224,0.401467
224.333,0.404246
224.333,0.404246
224.333,0.404246
224.333,0.404246
224.333,0.404246
224.667,0.406961
224.667,0.406961
224.667,0.406961
224.667,0.406961
224.667,0.406961
225,0.41119
225,0.41119
225,0.41119
225,0.41119
225,0.41119
225.333,0.412761
225.333,0.412761
225.333,0.412761
225.333,0.412761
225.333,0.412761
225.667,0.407812
225.667,0.407812
225.667,0.407812
225.667,0.407812
225.667,0.407812
226,0.409661
226,0.409661
226,0.409661
226,0.409661
226,0.409661
226.333,0.410073
226.333,0.410073
226.333,0.410073
226.333,0.410073
226.333,0.410073
226.667,0.41088
226.667,0.41088
226.667,0.41088
226.667,0.41088
226.667,0.41088
227,0.413082
227,0.413082
227,0.413082
227,0.413082
227,0.413082
227.333,0.409857
227.333,0.409857
227.333,0.409857
227.333,0.409857
227.333,0.409857
227.667,0.4124
227.667,0.4124
227.667,0.4124
227.667,0.4124
227.667,0.4124
228,0.414136
228,0.414136
228,0.414136
228,0.414136
228,0.414136
228.333,0.414799
228.333,0.414799
228.333,0.414799
228.333,0.414799
228.333,0.414799
228.667,0.415406
228.667,0.415406
228.667,0.415406
228.667,0.415406
228.667,0.415406
229,0.41773
229,0.41773
229,0.41773
229,0.41773
229,0.41773
229.333,0.419584
229.333,0.419584
229.333,0.419584
229.333,0.419584
229.333,0.419584
229.667,0.419599
229.667,0.419599
229.667,0.419599
229.667,0.419599
229.667,0.419599
230,0.420469
230,0.420469
230,0.420469
230,0.420469
230,0.420469
230.333,0.420787
230.333,0.420787
230.333,0.420787
230.333,0.420787
230.333,0.420787
230.667,0.416178
230.667,0.416178
230.667,0.416178
230.667,0.416178
230.667,0.416178
231,0.418988
231,0.418988
231,0.418988
231,0.418988
231,0.418988
231.333,0.415379
231.333,0.415379
231.333,0.415379
231.333,0.415379
231.333,0.415379
231.667,0.412589
231.667,0.412589
231.667,0.412589
231.667,0.412589
231.667,0.412589
232,0.41251
232,0.41251
232,0.41251
232,0.41251
232,0.41251
232.333,0.409375
232.333,0.409375
232.333,0.409375
232.333,0.409375
232.333,0.409375
232.667,0.410688
232.667,0.410688
232.667,0.410688
232.667,0.410688
232.667,0.410688
233,0.411969
233,0.411969
233,0.411969
233,0.411969
233,0.411969
233.333,0.41311
233.333,0.41311
233.333,0.41311
233.333,0.41311
233.333,0.41311
233.667,0.413506
233.667,0.413506
233.667,0.413506
233.667,0.413506
233.667,0.413506
234,0.409955
234,0.409955
234,0.409955
234,0.409955
234,0.409955
234.333,0.411605
234.333,0.411605
234.333,0.411605
234.333,0.411605
234.333,0.411605
234.667,0.411875
234.667,0.411875
234.667,0.411875
234.667,0.411875
234.667,0.411875
235,0.411981
235,0.411981
235,0.411981
235,0.411981
235,0.411981
235.333,0.412271
235.333,0.412271
235.333,0.412271
235.333,0.412271
235.333,0.412271
235.667,0.408482
235.667,0.408482
235.667,0.408482
235.667,0.408482
235.667,0.408482
236,0.410155
236,0.410155
236,0.410155
236,0.410155
236,0.410155
236.333,0.412663
236.333,0.412663
236.333,0.412663
236.333,0.412663
236.333,0.412663
236.667,0.416989
236.667,0.416989
236.667,0.416989
236.667,0.416989
236.667,0.416989
237,0.41929
237,0.41929
237,0.41929
237,0.41929
237,0.41929
237.333,0.417522
237.333,0.417522
237.333,0.417522
237.333,0.417522
237.333,0.417522
237.667,0.416503
237.667,0.416503
237.667,0.416503
237.667,0.416503
237.667,0.416503
238,0.41329
238,0.41329
238,0.41329
238,0.41329
238,0.41329
238.333,0.415006
238.333,0.415006
238.333,0.415006
238.333,0.415006
238.333,0.415006
238.667,0.41695
238.667,0.41695
238.667,0.41695
238.667,0.41695
238.667,0.41695
239,0.419286
239,0.419286
239,0.419286
239,0.419286
239,0.419286
239.333,0.41965
239.333,0.41965
239.333,0.41965
239.333,0.41965
239.333,0.41965
239.667,0.414587
239.667,0.414587
239.667,0.414587
239.667,0.414587
239.667,0.414587
240,0.412906
240,0.412906
240,0.412906
240,0.412906
240,0.412906
240.333,0.413165
240.333,0.413165
240.333,0.413165
240.333,0.413165
240.333,0.413165
240.667,0.414113
240.667,0.414113
240.667,0.414113
240.667,0.414113
240.667,0.414113
241,0.415179
241,0.415179
241,0.415179
241,0.415179
241,0.415179
241.333,0.4157
241.333,0.4157
241.333,0.4157
241.333,0.4157
241.333,0.4157
241.667,0.41597
241.667,0.41597
241.667,0.41597
241.667,0.41597
241.667,0.41597
242,0.415602
242,0.415602
242,0.415602
242,0.415602
242,0.415602
242.333,0.415516
242.333,0.415516
242.333,0.415516
242.333,0.415516
242.333,0.415516
242.667,0.415633
242.667,0.415633
242.667,0.415633
242.667,0.415633
242.667,0.415633
243,0.411589
243,0.411589
243,0.411589
243,0.411589
243,0.411589
243.333,0.413682
243.333,0.413682
243.333,0.413682
243.333,0.413682
243.333,0.413682
243.667,0.415238
243.667,0.415238
243.667,0.415238
243.667,0.415238
243.667,0.415238
244,0.415912
244,0.415912
244,0.415912
244,0.415912
244,0.415912
244.333,0.415747
244.333,0.415747
244.333,0.415747
244.333,0.415747
244.333,0.415747
244.667,0.411311
244.667,0.411311
244.667,0.411311
244.667,0.411311
244.667,0.411311
245,0.409885
245,0.409885
245,0.409885
245,0.409885
245,0.409885
245.333,0.415892
245.333,0.415892
245.333,0.415892
245.333,0.415892
245.333,0.415892
245.667,0.419427
245.667,0.419427
245.667,0.419427
245.667,0.419427
245.667,0.419427
246,0.421351
246,0.421351
246,0.421351
246,0.421351
246,0.421351
246.333,0.417742
246.333,0.417742
246.333,0.417742
246.333,0.417742
246.333,0.417742
246.667,0.41485
246.667,0.41485
246.667,0.41485
246.667,0.41485
246.667,0.41485
247,0.41717
247,0.41717
247,0.41717
247,0.41717
247,0.41717
247.333,0.419054
247.333,0.419054
247.333,0.419054
247.333,0.419054
247.333,0.419054
247.667,0.420148
247.667,0.420148
247.667,0.420148
247.667,0.420148
247.667,0.420148
248,0.417471
248,0.417471
248,0.417471
248,0.417471
248,0.417471
248.333,0.418968
248.333,0.418968
248.333,0.418968
248.333,0.418968
248.333,0.418968
248.667,0.418945
248.667,0.418945
248.667,0.418945
248.667,0.418945
248.667,0.418945
249,0.419
249,0.419
249,0.419
249,0.419
249,0.419
249.333,0.418149
249.333,0.418149
249.333,0.418149
249.333,0.418149
249.333,0.418149
249.667,0.414325
249.667,0.414325
249.667,0.414325
249.667,0.414325
249.667,0.414325
250,0.414117
250,0.414117
250,0.414117
250,0.414117
250,0.414117
250.333,0.414066
250.333,0.414066
250.333,0.414066
250.333,0.414066
250.333,0.414066
250.667,0.413984
250.667,0.413984
250.667,0.413984
250.667,0.413984
250.667,0.413984
251,0.411597
251,0.411597
251,0.411597
251,0.411597
251,0.411597
251.333,0.401624
251.333,0.401624
251.333,0.401624
251.333,0.401624
251.333,0.401624
251.667,0.403764
251.667,0.403764
251.667,0.403764
251.667,0.403764
251.667,0.403764
252,0.413411
252,0.413411
252,0.413411
252,0.413411
252,0.413411
252.333,0.421202
252.333,0.421202
252.333,0.421202
252.333,0.421202
252.333,0.421202
252.667,0.426571
252.667,0.426571
252.667,0.426571
252.667,0.426571
252.667,0.426571
253,0.426132
253,0.426132
253,0.426132
253,0.426132
253,0.426132
253.333,0.431602
253.333,0.431602
253.333,0.431602
253.333,0.431602
253.333,0.431602
253.667,0.433374
253.667,0.433374
253.667,0.433374
253.667,0.433374
253.667,0.433374
254,0.434067
254,0.434067
254,0.434067
254,0.434067
254,0.434067
254.333,0.434957
254.333,0.434957
254.333,0.434957
254.333,0.434957
254.333,0.434957
254.667,0.441932
254.667,0.441932
254.667,0.441932
254.667,0.441932
254.667,0.441932
255,0.44375
255,0.44375
255,0.44375
255,0.44375
255,0.44375
255.333,0.444812
255.333,0.444812
255.333,0.444812
255.333,0.444812
255.333,0.444812
255.667,0.446262
255.667,0.446262
255.667,0.446262
255.667,0.446262
255.667,0.446262
256,0.446305
256,0.446305
256,0.446305
256,0.446305
256,0.446305
256.333,0.442034
256.333,0.442034
256.333,0.442034
256.333,0.442034
256.333,0.442034
256.667,0.443163
256.667,0.443163
256.667,0.443163
256.667,0.443163
256.667,0.443163
257,0.444836
257,0.444836
257,0.444836
257,0.444836
257,0.444836
257.333,0.445349
257.333,0.445349
257.333,0.445349
257.333,0.445349
257.333,0.445349
257.667,0.442606
257.667,0.442606
257.667,0.442606
257.667,0.442606
257.667,0.442606
258,0.441956
258,0.441956
258,0.441956
258,0.441956
258,0.441956
258.333,0.443903
258.333,0.443903
258.333,0.443903
258.333,0.443903
258.333,0.443903
258.667,0.44446
258.667,0.44446
258.667,0.44446
258.667,0.44446
258.667,0.44446
259,0.445596
259,0.445596
259,0.445596
259,0.445596
259,0.445596
259.333,0.44301
259.333,0.44301
259.333,0.44301
259.333,0.44301
259.333,0.44301
259.667,0.431951
259.667,0.431951
259.667,0.431951
259.667,0.431951
259.667,0.431951
260,0.434197
260,0.434197
260,0.434197
260,0.434197
260,0.434197
260.333,0.440615
260.333,0.440615
260.333,0.440615
260.333,0.440615
260.333,0.440615
260.667,0.443484
260.667,0.443484
260.667,0.443484
260.667,0.443484
260.667,0.443484
261,0.442073
261,0.442073
261,0.442073
261,0.442073
261,0.442073
261.333,0.438915
261.333,0.438915
261.333,0.438915
261.333,0.438915
261.333,0.438915
261.667,0.440894
261.667,0.440894
261.667,0.440894
261.667,0.440894
261.667,0.440894
262,0.439459
262,0.439459
262,0.439459
262,0.439459
262,0.439459
262.333,0.441799
262.333,0.441799
262.333,0.441799
262.333,0.441799
262.333,0.441799
262.667,0.440631
262.667,0.440631
262.667,0.440631
262.667,0.440631
262.667,0.440631
263,0.439146
263,0.439146
263,0.439146
263,0.439146
263,0.439146
263.333,0.440655
263.333,0.440655
263.333,0.440655
263.333,0.440655
263.333,0.440655
263.667,0.44145
263.667,0.44145
263.667,0.44145
263.667,0.44145
263.667,0.44145
264,0.438789
264,0.438789
264,0.438789
264,0.438789
264,0.438789
264.333,0.441493
264.333,0.441493
264.333,0.441493
264.333,0.441493
264.333,0.441493
264.667,0.438292
264.667,0.438292
264.667,0.438292
264.667,0.438292
264.667,0.438292
265,0.439467
265,0.439467
265,0.439467
265,0.439467
265,0.439467
265.333,0.43536
265.333,0.43536
265.333,0.43536
265.333,0.43536
265.333,0.43536
265.667,0.432351
265.667,0.432351
265.667,0.432351
265.667,0.432351
265.667,0.432351
266,0.438891
266,0.438891
266,0.438891
266,0.438891
266,0.438891
266.333,0.437735
266.333,0.437735
266.333,0.437735
266.333,0.437735
266.333,0.437735
266.667,0.438848
266.667,0.438848
266.667,0.438848
266.667,0.438848
266.667,0.438848
267,0.439079
267,0.439079
267,0.439079
267,0.439079
267,0.439079
267.333,0.439091
267.333,0.439091
267.333,0.439091
267.333,0.439091
267.333,0.439091
267.667,0.438809
267.667,0.438809
267.667,0.438809
267.667,0.438809
267.667,0.438809
268,0.435509
268,0.435509
268,0.435509
268,0.435509
268,0.435509
268.333,0.429114
268.333,0.429114
268.333,0.429114
268.333,0.429114
268.333,0.429114
268.667,0.43067
268.667,0.43067
268.667,0.43067
268.667,0.43067
268.667,0.43067
269,0.433773
269,0.433773
269,0.433773
269,0.433773
269,0.433773
269.333,0.434146
269.333,0.434146
269.333,0.434146
269.333,0.434146
269.333,0.434146
269.667,0.434914
269.667,0.434914
269.667,0.434914
269.667,0.434914
269.667,0.434914
270,0.437183
270,0.437183
270,0.437183
270,0.437183
270,0.437183
270.333,0.437853
270.333,0.437853
270.333,0.437853
270.333,0.437853
270.333,0.437853
270.667,0.438241
270.667,0.438241
270.667,0.438241
270.667,0.438241
270.667,0.438241
271,0.435392
271,0.435392
271,0.435392
271,0.435392
271,0.435392
271.333,0.432899
271.333,0.432899
271.333,0.432899
271.333,0.432899
271.333,0.432899
271.667,0.432029
271.667,0.432029
271.667,0.432029
271.667,0.432029
271.667,0.432029
272,0.433997
272,0.433997
272,0.433997
272,0.433997
272,0.433997
272.333,0.437049
272.333,0.437049
272.333,0.437049
272.333,0.437049
272.333,0.437049
272.667,0.439354
272.667,0.439354
272.667,0.439354
272.667,0.439354
272.667,0.439354
273,0.435494
273,0.435494
273,0.435494
273,0.435494
273,0.435494
273.333,0.437543
273.333,0.437543
273.333,0.437543
273.333,0.437543
273.333,0.437543
273.667,0.438233
273.667,0.438233
273.667,0.438233
273.667,0.438233
273.667,0.438233
274,0.439181
274,0.439181
274,0.439181
274,0.439181
274,0.439181
274.333,0.438127
274.333,0.438127
274.333,0.438127
274.333,0.438127
274.333,0.438127
274.667,0.435113
274.667,0.435113
274.667,0.435113
274.667,0.435113
274.667,0.435113
275,0.438958
275,0.438958
275,0.438958
275,0.438958
275,0.438958
275.333,0.440122
275.333,0.440122
275.333,0.440122
275.333,0.440122
275.333,0.440122
275.667,0.439761
275.667,0.439761
275.667,0.439761
275.667,0.439761
275.667,0.439761
276,0.441862
276,0.441862
276,0.441862
276,0.441862
276,0.441862
276.333,0.442959
276.333,0.442959
276.333,0.442959
276.333,0.442959
276.333,0.442959
276.667,0.449386
276.667,0.449386
276.667,0.449386
276.667,0.449386
276.667,0.449386
277,0.453069
277,0.453069
277,0.453069
277,0.453069
277,0.453069
277.333,0.451717
277.333,0.451717
277.333,0.451717
277.333,0.451717
277.333,0.451717
277.667,0.45524
277.667,0.45524
277.667,0.45524
277.667,0.45524
277.667,0.45524
278,0.465088
278,0.465088
278,0.465088
278,0.465088
278,0.465088
278.333,0.474011
278.333,0.474011
278.333,0.474011
278.333,0.474011
278.333,0.474011
278.667,0.467533
278.667,0.467533
278.667,0.467533
278.667,0.467533
278.667,0.467533
279,0.462545
279,0.462545
279,0.462545
279,0.462545
279,0.462545
279.333,0.458446
279.333,0.458446
279.333,0.458446
279.333,0.458446
279.333,0.458446
279.667,0.448147
279.667,0.448147
279.667,0.448147
279.667,0.448147
279.667,0.448147
280,0.445494
280,0.445494
280,0.445494
280,0.445494
280,0.445494
280.333,0.448915
280.333,0.448915
280.333,0.448915
280.333,0.448915
280.333,0.448915
280.667,0.446497
280.667,0.446497
280.667,0.446497
280.667,0.446497
280.667,0.446497
281,0.442684
281,0.442684
281,0.442684
281,0.442684
281,0.442684
281.333,0.432555
281.333,0.432555
281.333,0.432555
281.333,0.432555
281.333,0.432555
281.667,0.414756
281.667,0.414756
281.667,0.414756
281.667,0.414756
281.667,0.414756
282,0.406573
282,0.406573
282,0.406573
282,0.406573
282,0.406573
282.333,0.405684
282.333,0.405684
282.333,0.405684
282.333,0.405684
282.333,0.405684
282.667,0.391314
282.667,0.391314
282.667,0.391314
282.667,0.391314
282.667,0.391314
283,0.370662
283,0.370662
283,0.370662
283,0.370662
283,0.370662
283.333,0.364513
283.333,0.364513
283.333,0.364513
283.333,0.364513
283.333,0.364513
283.667,0.363271
283.667,0.363271
283.667,0.363271
283.667,0.363271
283.667,0.363271
284,0.366269
284,0.366269
284,0.366269
284,0.366269
284,0.366269
284.333,0.356084
284.333,0.356084
284.333,0.356084
284.333,0.356084
284.333,0.356084
284.667,0.350755
284.667,0.350755
284.667,0.350755
284.667,0.350755
284.667,0.350755
285,0.345104
285,0.345104
285,0.345104
285,0.345104
285,0.345104
285.333,0.343842
285.333,0.343842
285.333,0.343842
285.333,0.343842
285.333,0.343842
285.667,0.337447
285.667,0.337447
285.667,0.337447
285.667,0.337447
285.667,0.337447
286,0.325828
286,0.325828
286,0.325828
286,0.325828
286,0.325828
286.333,0.324201
286.333,0.324201
286.333,0.324201
286.333,0.324201
286.333,0.324201
286.667,0.334582
286.667,0.334582
286.667,0.334582
286.667,0.334582
286.667,0.334582
287,0.341397
287,0.341397
287,0.341397
287,0.341397
287,0.341397
287.333,0.335793
287.333,0.335793
287.333,0.335793
287.333,0.335793
287.333,0.335793
287.667,0.338395
287.667,0.338395
287.667,0.338395
287.667,0.338395
287.667,0.338395
288,0.319609
288,0.319609
288,0.319609
288,0.319609
288,0.319609
288.333,0.296347
288.333,0.296347
288.333,0.296347
288.333,0.296347
288.333,0.296347
288.667,0.274359
288.667,0.274359
288.667,0.274359
288.667,0.274359
288.667,0.274359
289,0.263085
289,0.263085
289,0.263085
289,0.263085
289,0.263085
289.333,0.261893
289.333,0.261893
289.333,0.261893
289.333,0.261893
289.333,0.261893
289.667,0.268677
289.667,0.268677
289.667,0.268677
289.667,0.268677
289.667,0.268677
290,0.277341
290,0.277341
290,0.277341
290,0.277341
290,0.277341
290.333,0.274116
290.333,0.274116
290.333,0.274116
290.333,0.274116
290.333,0.274116
290.667,0.273548
290.667,0.273548
290.667,0.273548
290.667,0.273548
290.667,0.273548
291,0.279465
291,0.279465
291,0.279465
291,0.279465
291,0.279465
291.333,0.272815
291.333,0.272815
291.333,0.272815
291.333,0.272815
291.333,0.272815
291.667,0.271224
291.667,0.271224
291.667,0.271224
291.667,0.271224
291.667,0.271224
292,0.269143
292,0.269143
292,0.269143
292,0.269143
292,0.269143
292.333,0.265064
292.333,0.265064
292.333,0.265064
292.333,0.265064
292.333,0.265064
292.667,0.24951
292.667,0.24951
292.667,0.24951
292.667,0.24951
292.667,0.24951
293,0.24525
293,0.24525
293,0.24525
293,0.24525
293,0.24525
293.333,0.237288
293.333,0.237288
293.333,0.237288
293.333,0.237288
293.333,0.237288
293.667,0.23632
293.667,0.23632
293.667,0.23632
293.667,0.23632
293.667,0.23632
294,0.247845
294,0.247845
294,0.247845
294,0.247845
294,0.247845
294.333,0.266572
294.333,0.266572
294.333,0.266572
294.333,0.266572
294.333,0.266572
294.667,0.272035
294.667,0.272035
294.667,0.272035
294.667,0.272035
294.667,0.272035
295,0.278003
295,0.278003
295,0.278003
295,0.278003
295,0.278003
295.333,0.297832
295.333,0.297832
295.333,0.297832
295.333,0.297832
295.333,0.297832
295.667,0.309275
295.667,0.309275
295.667,0.309275
295.667,0.309275
295.667,0.309275
296,0.313307
296,0.313307
296,0.313307
296,0.313307
296,0.313307
296.333,0.301684
296.333,0.301684
296.333,0.301684
296.333,0.301684
296.333,0.301684
296.667,0.31529
296.667,0.31529
296.667,0.31529
296.667,0.31529
296.667,0.31529
297,0.31426
297,0.31426
297,0.31426
297,0.31426
297,0.31426
297.333,0.316909
297.333,0.316909
297.333,0.316909
297.333,0.316909
297.333,0.316909
297.667,0.279199
297.667,0.279199
297.667,0.279199
297.667,0.279199
297.667,0.279199
298,0.268481
298,0.268481
298,0.268481
298,0.268481
298,0.268481
298.333,0.274833
298.333,0.274833
298.333,0.274833
298.333,0.274833
298.333,0.274833
298.667,0.25571
298.667,0.25571
298.667,0.25571
298.667,0.25571
298.667,0.25571
299,0.250843
299,0.250843
299,0.250843
299,0.250843
299,0.250843
299.333,0.249444
299.333,0.249444
299.333,0.249444
299.333,0.249444
299.333,0.249444
299.667,0.25018
299.667,0.25018
299.667,0.25018
299.667,0.25018
299.667,0.25018
300,0.252696
300,0.252696
300,0.252696
300,0.252696
300,0.252696
300.333,0.261713
300.333,0.261713
300.333,0.261713
300.333,0.261713
300.333,0.261713
300.667,0.256909
300.667,0.256909
300.667,0.256909
300.667,0.256909
300.667,0.256909
301,0.274555
301,0.274555
301,0.274555
301,0.274555
301,0.274555
301.333,0.277466
301.333,0.277466
301.333,0.277466
301.333,0.277466
301.333,0.277466
301.667,0.295367
301.667,0.295367
301.667,0.295367
301.667,0.295367
301.667,0.295367
302,0.310274
302,0.310274
302,0.310274
302,0.310274
302,0.310274
302.333,0.311093
302.333,0.311093
302.333,0.311093
302.333,0.311093
302.333,0.311093
302.667,0.305372
302.667,0.305372
302.667,0.305372
302.667,0.305372
302.667,0.305372
303,0.305627
303,0.305627
303,0.305627
303,0.305627
303,0.305627
303.333,0.293431
303.333,0.293431
303.333,0.293431
303.333,0.293431
303.333,0.293431
303.667,0.29333
303.667,0.29333
303.667,0.29333
303.667,0.29333
303.667,0.29333
304,0.310733
304,0.310733
304,0.310733
304,0.310733
304,0.310733
304.333,0.330985
304.333,0.330985
304.333,0.330985
304.333,0.330985
304.333,0.330985
304.667,0.33789
304.667,0.33789
304.667,0.33789
304.667,0.33789
304.667,0.33789
305,0.339673
305,0.339673
305,0.339673
305,0.339673
305,0.339673
305.333,0.327148
305.333,0.327148
305.333,0.327148
305.333,0.327148
305.333,0.327148
305.667,0.325557
305.667,0.325557
305.667,0.325557
305.667,0.325557
305.667,0.325557
306,0.331208
306,0.331208
306,0.331208
306,0.331208
306,0.331208
306.333,0.31529
306.333,0.31529
306.333,0.31529
306.333,0.31529
306.333,0.31529
306.667,0.295203
306.667,0.295203
306.667,0.295203
306.667,0.295203
306.667,0.295203
307,0.285704
307,0.285704
307,0.285704
307,0.285704
307,0.285704
307.333,0.270805
307.333,0.270805
307.333,0.270805
307.333,0.270805
307.333,0.270805
307.667,0.253417
307.667,0.253417
307.667,0.253417
307.667,0.253417
307.667,0.253417
308,0.230802
308,0.230802
308,0.230802
308,0.230802
308,0.230802
308.333,0.223576
308.333,0.223576
308.333,0.223576
308.333,0.223576
308.333,0.223576
308.667,0.240152
308.667,0.240152
308.667,0.240152
308.667,0.240152
308.667,0.240152
309,0.250815
309,0.250815
309,0.250815
309,0.250815
309,0.250815
309.333,0.240912
309.333,0.240912
309.333,0.240912
309.333,0.240912
309.333,0.240912
309.667,0.254996
309.667,0.254996
309.667,0.254996
309.667,0.254996
309.667,0.254996
310,0.260126
310,0.260126
310,0.260126
310,0.260126
310,0.260126
310.333,0.246791
310.333,0.246791
310.333,0.246791
310.333,0.246791
310.333,0.246791
310.667,0.227005
310.667,0.227005
310.667,0.227005
310.667,0.227005
310.667,0.227005
311,0.211683
311,0.211683
311,0.211683
311,0.211683
311,0.211683
311.333,0.191023
311.333,0.191023
311.333,0.191023
311.333,0.191023
311.333,0.191023
311.667,0.168749
311.667,0.168749
311.667,0.168749
311.667,0.168749
311.667,0.168749
312,0.162095
312,0.162095
312,0.162095
312,0.162095
312,0.162095
312.333,0.164509
312.333,0.164509
312.333,0.164509
312.333,0.164509
312.333,0.164509
312.667,0.170532
312.667,0.170532
312.667,0.170532
312.667,0.170532
312.667,0.170532
313,0.155257
313,0.155257
313,0.155257
313,0.155257
313,0.155257
313.333,0.160672
313.333,0.160672
313.333,0.160672
313.333,0.160672
313.333,0.160672
313.667,0.17313
313.667,0.17313
313.667,0.17313
313.667,0.17313
313.667,0.17313
314,0.183327
314,0.183327
314,0.183327
314,0.183327
314,0.183327
314.333,0.208626
314.333,0.208626
314.333,0.208626
314.333,0.208626
314.333,0.208626
314.667,0.238263
314.667,0.238263
314.667,0.238263
314.667,0.238263
314.667,0.238263
315,0.239937
315,0.239937
315,0.239937
315,0.239937
315,0.239937
315.333,0.23737
315.333,0.23737
315.333,0.23737
315.333,0.23737
315.333,0.23737
315.667,0.22501
315.667,0.22501
315.667,0.22501
315.667,0.22501
315.667,0.22501
316,0.205726
316,0.205726
316,0.205726
316,0.205726
316,0.205726
316.333,0.201858
316.333,0.201858
316.333,0.201858
316.333,0.201858
316.333,0.201858
316.667,0.180082
316.667,0.180082
316.667,0.180082
316.667,0.180082
316.667,0.180082
317,0.152627
317,0.152627
317,0.152627
317,0.152627
317,0.152627
317.333,0.130404
317.333,0.130404
317.333,0.130404
317.333,0.130404
317.333,0.130404
317.667,0.111014
317.667,0.111014
317.667,0.111014
317.667,0.111014
317.667,0.111014
318,0.0863691
318,0.0863691
318,0.0863691
318,0.0863691
318,0.0863691
318.333,0.0617319
318.333,0.0617319
318.333,0.0617319
318.333,0.0617319
318.333,0.0617319
318.667,0.0351198
318.667,0.0351198
318.667,0.0351198
318.667,0.0351198
318.667,0.0351198
319,0.0115211
319,0.0115211
319,0.0115211
319,0.0115211
319,0.0115211
319.333,0.00420481
319.333,0.00420481
319.333,0.00420481
319.333,0.00420481
319.333,0.00420481
319.667,0.00143818
319.667,0.00143818
319.667,0.00143818
319.667,0.00143818
319.667,0.00143818
320,0.000889554
320,0.000889554
320,0.000889554
320,0.000889554
320,0.000889554
320.333,0.000768073
320.333,0.000768073
320.333,0.000768073
320.333,0.000768073
320.333,0.000768073
320.667,0.00071713
320.667,0.00071713
320.667,0.00071713
320.667,0.00071713
320.667,0.00071713
321,0.00090131
321,0.00090131
321,0.00090131
321,0.00090131
321,0.00090131
321.333,0.00163803
321.333,0.00163803
321.333,0.00163803
321.333,0.00163803
321.333,0.00163803
321.667,0.00156358
321.667,0.00156358
321.667,0.00156358
321.667,0.00156358
321.667,0.00156358
322,0.00159101
322,0.00159101
322,0.00159101
322,0.00159101
322,0.00159101
322.333,0.00208477
322.333,0.00208477
322.333,0.00208477
322.333,0.00208477
322.333,0.00208477
322.667,0.00216706
322.667,0.00216706
322.667,0.00216706
322.667,0.00216706
322.667,0.00216706
323,0.00243354
323,0.00243354
323,0.00243354
323,0.00243354
323,0.00243354
323.333,0.00242962
323.333,0.00242962
323.333,0.00242962
323.333,0.00242962
323.333,0.00242962
323.667,0.00274704
323.667,0.00274704
323.667,0.00274704
323.667,0.00274704
323.667,0.00274704
324,0.00324472
324,0.00324472
324,0.00324472
324,0.00324472
324,0.00324472
324.333,0.00301743
324.333,0.00301743
324.333,0.00301743
324.333,0.00301743
324.333,0.00301743
324.667,0.00307229
324.667,0.00307229
324.667,0.00307229
324.667,0.00307229
324.667,0.00307229
325,0.00262556
325,0.00262556
325,0.00262556
325,0.00262556
325,0.00262556
325.333,0.00265691
325.333,0.00265691
325.333,0.00265691
325.333,0.00265691
325.333,0.00265691
325.667,0.00254326
325.667,0.00254326
325.667,0.00254326
325.667,0.00254326
325.667,0.00254326
326,0.00241394
326,0.00241394
326,0.00241394
326,0.00241394
326,0.00241394
326.333,0.00220625
326.333,0.00220625
326.333,0.00220625
326.333,0.00220625
326.333,0.00220625
326.667,0.001881
326.667,0.001881
326.667,0.001881
326.667,0.001881
326.667,0.001881
327,0.00183397
327,0.00183397
327,0.00183397
327,0.00183397
327,0.00183397
327.333,0.00196721
327.333,0.00196721
327.333,0.00196721
327.333,0.00196721
327.333,0.00196721
327.667,0.00191235
327.667,0.00191235
327.667,0.00191235
327.667,0.00191235
327.667,0.00191235
328,0.0352648
328,0.0352648
328,0.0352648
328,0.0352648
328,0.0352648
328.333,0.044995
328.333,0.044995
328.333,0.044995
328.333,0.044995
328.333,0.044995
328.667,0.0892768
328.667,0.0892768
328.667,0.0892768
328.667,0.0892768
328.667,0.0892768
329,0.0979058
329,0.0979058
329,0.0979058
329,0.0979058
329,0.0979058
329.333,0.100684
329.333,0.100684
329.333,0.100684
329.333,0.100684
329.333,0.100684
329.667,0.1007
329.667,0.1007
329.667,0.1007
329.667,0.1007
329.667,0.1007
330,0.0839825
330,0.0839825
330,0.0839825
330,0.0839825
330,0.0839825
330.333,0.0720892
330.333,0.0720892
330.333,0.0720892
330.333,0.0720892
330.333,0.0720892
330.667,0.0662973
330.667,0.0662973
330.667,0.0662973
330.667,0.0662973
330.667,0.0662973
331,0.0420716
331,0.0420716
331,0.0420716
331,0.0420716
331,0.0420716
331.333,0.0558029
331.333,0.0558029
331.333,0.0558029
331.333,0.0558029
331.333,0.0558029
331.667,0.069009
331.667,0.069009
331.667,0.069009
331.667,0.069009
331.667,0.069009
332,0.0787118
332,0.0787118
332,0.0787118
332,0.0787118
332,0.0787118
332.333,0.0821525
332.333,0.0821525
332.333,0.0821525
332.333,0.0821525
332.333,0.0821525
332.667,0.0827207
332.667,0.0827207
332.667,0.0827207
332.667,0.0827207
332.667,0.0827207
333,0.0866434
333,0.0866434
333,0.0866434
333,0.0866434
333,0.0866434
333.333,0.0764233
333.333,0.0764233
333.333,0.0764233
333.333,0.0764233
333.333,0.0764233
333.667,0.0658858
333.667,0.0658858
333.667,0.0658858
333.667,0.0658858
333.667,0.0658858
334,0.0411507
334,0.0411507
334,0.0411507
334,0.0411507
334,0.0411507
334.333,0.0163882
334.333,0.0163882
334.333,0.0163882
334.333,0.0163882
334.333,0.0163882
334.667,0.0108902
334.667,0.0108902
334.667,0.0108902
334.667,0.0108902
334.667,0.0108902
335,0.00709292
335,0.00709292
335,0.00709292
335,0.00709292
335,0.00709292
335.333,0.00889554
335.333,0.00889554
335.333,0.00889554
335.333,0.00889554
335.333,0.00889554
335.667,0.00906405
335.667,0.00906405
335.667,0.00906405
335.667,0.00906405
335.667,0.00906405
336,0.00997711
336,0.00997711
336,0.00997711
336,0.00997711
336,0.00997711
336.333,0.0108471
336.333,0.0108471
336.333,0.0108471
336.333,0.0108471
336.333,0.0108471
336.667,0.0195271
336.667,0.0195271
336.667,0.0195271
336.667,0.0195271
336.667,0.0195271
337,0.0252524
337,0.0252524
337,0.0252524
337,0.0252524
337,0.0252524
337.333,0.0355195
337.333,0.0355195
337.333,0.0355195
337.333,0.0355195
337.333,0.0355195
337.667,0.0560341
337.667,0.0560341
337.667,0.0560341
337.667,0.0560341
337.667,0.0560341
338,0.092255
338,0.092255
338,0.092255
338,0.092255
338,0.092255
338.333,0.103999
338.333,0.103999
338.333,0.103999
338.333,0.103999
338.333,0.103999
338.667,0.0971809
338.667,0.0971809
338.667,0.0971809
338.667,0.0971809
338.667,0.0971809
339,0.0857656
339,0.0857656
339,0.0857656
339,0.0857656
339,0.0857656
339.333,0.0794642
339.333,0.0794642
339.333,0.0794642
339.333,0.0794642
339.333,0.0794642
339.667,0.0682214
339.667,0.0682214
339.667,0.0682214
339.667,0.0682214
339.667,0.0682214
340,0.0572842
340,0.0572842
340,0.0572842
340,0.0572842
340,0.0572842
340.333,0.0474089
340.333,0.0474089
340.333,0.0474089
340.333,0.0474089
340.333,0.0474089
340.667,0.0370635
340.667,0.0370635
340.667,0.0370635
340.667,0.0370635
340.667,0.0370635
341,0.0212396
341,0.0212396
341,0.0212396
341,0.0212396
341,0.0212396
341.333,0.00511788
341.333,0.00511788
341.333,0.00511788
341.333,0.00511788
341.333,0.00511788
341.667,0.00117954
341.667,0.00117954
341.667,0.00117954
341.667,0.00117954
341.667,0.00117954
342,0.0015048
342,0.0015048
342,0.0015048
342,0.0015048
342,0.0015048
342.333,0.00266083
342.333,0.00266083
342.333,0.00266083
342.333,0.00266083
342.333,0.00266083
342.667,0.00284501
342.667,0.00284501
342.667,0.00284501
342.667,0.00284501
342.667,0.00284501
343,0.00267258
343,0.00267258
343,0.00267258
343,0.00267258
343,0.00267258
343.333,0.00249624
343.333,0.00249624
343.333,0.00249624
343.333,0.00249624
343.333,0.00249624
343.667,0.0024257
343.667,0.0024257
343.667,0.0024257
343.667,0.0024257
343.667,0.0024257
344,0.00265299
344,0.00265299
344,0.00265299
344,0.00265299
344,0.00265299
344.333,0.00249232
344.333,0.00249232
344.333,0.00249232
344.333,0.00249232
344.333,0.00249232
344.667,0.00245313
344.667,0.00245313
344.667,0.00245313
344.667,0.00245313
344.667,0.00245313
345,0.00260596
345,0.00260596
345,0.00260596
345,0.00260596
345,0.00260596
345.333,0.00251975
345.333,0.00251975
345.333,0.00251975
345.333,0.00251975
345.333,0.00251975
345.667,0.00288811
345.667,0.00288811
345.667,0.00288811
345.667,0.00288811
345.667,0.00288811
346,0.00284892
346,0.00284892
346,0.00284892
346,0.00284892
346,0.00284892
346.333,0.0024884
346.333,0.0024884
346.333,0.0024884
346.333,0.0024884
346.333,0.0024884
346.667,0.00239043
346.667,0.00239043
346.667,0.00239043
346.667,0.00239043
346.667,0.00239043
347,0.00250799
347,0.00250799
347,0.00250799
347,0.00250799
347,0.00250799
347.333,0.00256286
347.333,0.00256286
347.333,0.00256286
347.333,0.00256286
347.333,0.00256286
347.667,0.00245313
347.667,0.00245313
347.667,0.00245313
347.667,0.00245313
347.667,0.00245313
348,0.00256678
348,0.00256678
348,0.00256678
348,0.00256678
348,0.00256678
348.333,0.0021749
348.333,0.0021749
348.333,0.0021749
348.333,0.0021749
348.333,0.0021749
348.667,0.00216315
348.667,0.00216315
348.667,0.00216315
348.667,0.00216315
348.667,0.00216315
349,0.00201031
349,0.00201031
349,0.00201031
349,0.00201031
349,0.00201031
349.333,0.00204558
349.333,0.00204558
349.333,0.00204558
349.333,0.00204558
349.333,0.00204558
349.667,0.00237084
349.667,0.00237084
349.667,0.00237084
349.667,0.00237084
349.667,0.00237084
350,0.00227287
350,0.00227287
350,0.00227287
350,0.00227287
350,0.00227287
350.333,0.00238259
350.333,0.00238259
350.333,0.00238259
350.333,0.00238259
350.333,0.00238259
350.667,0.0353941
350.667,0.0353941
350.667,0.0353941
350.667,0.0353941
350.667,0.0353941
351,0.0532635
351,0.0532635
351,0.0532635
351,0.0532635
351,0.0532635
351.333,0.0561046
351.333,0.0561046
351.333,0.0561046
351.333,0.0561046
351.333,0.0561046
351.667,0.0578641
351.667,0.0578641
351.667,0.0578641
351.667,0.0578641
351.667,0.0578641
352,0.0592984
352,0.0592984
352,0.0592984
352,0.0592984
352,0.0592984
352.333,0.0607679
352.333,0.0607679
352.333,0.0607679
352.333,0.0607679
352.333,0.0607679
352.667,0.0771718
352.667,0.0771718
352.667,0.0771718
352.667,0.0771718
352.667,0.0771718
353,0.0982859
353,0.0982859
353,0.0982859
353,0.0982859
353,0.0982859
353.333,0.10559
353.333,0.10559
353.333,0.10559
353.333,0.10559
353.333,0.10559
353.667,0.108455
353.667,0.108455
353.667,0.108455
353.667,0.108455
353.667,0.108455
354,0.111414
354,0.111414
354,0.111414
354,0.111414
354,0.111414
354.333,0.111735
354.333,0.111735
354.333,0.111735
354.333,0.111735
354.333,0.111735
354.667,0.111845
354.667,0.111845
354.667,0.111845
354.667,0.111845
354.667,0.111845
355,0.112754
355,0.112754
355,0.112754
355,0.112754
355,0.112754
355.333,0.12616
355.333,0.12616
355.333,0.12616
355.333,0.12616
355.333,0.12616
355.667,0.145679
355.667,0.145679
355.667,0.145679
355.667,0.145679
355.667,0.145679
356,0.145695
356,0.145695
356,0.145695
356,0.145695
356,0.145695
356.333,0.148124
356.333,0.148124
356.333,0.148124
356.333,0.148124
356.333,0.148124
356.667,0.151256
356.667,0.151256
356.667,0.151256
356.667,0.151256
356.667,0.151256
357,0.175066
357,0.175066
357,0.175066
357,0.175066
357,0.175066
357.333,0.190827
357.333,0.190827
357.333,0.190827
357.333,0.190827
357.333,0.190827
357.667,0.195306
357.667,0.195306
357.667,0.195306
357.667,0.195306
357.667,0.195306
358,0.196611
358,0.196611
358,0.196611
358,0.196611
358,0.196611
358.333,0.198857
358.333,0.198857
358.333,0.198857
358.333,0.198857
358.333,0.198857
358.667,0.197869
358.667,0.197869
358.667,0.197869
358.667,0.197869
358.667,0.197869
359,0.199252
359,0.199252
359,0.199252
359,0.199252
359,0.199252
359.333,0.217431
359.333,0.217431
359.333,0.217431
359.333,0.217431
359.333,0.217431
359.667,0.230571
359.667,0.230571
359.667,0.230571
359.667,0.230571
359.667,0.230571
360,0.232099
360,0.232099
360,0.232099
360,0.232099
360,0.232099
360.333,0.234552
360.333,0.234552
360.333,0.234552
360.333,0.234552
360.333,0.234552
360.667,0.237844
360.667,0.237844
360.667,0.237844
360.667,0.237844
360.667,0.237844
361,0.242065
361,0.242065
361,0.242065
361,0.242065
361,0.242065
361.333,0.267462
361.333,0.267462
361.333,0.267462
361.333,0.267462
361.333,0.267462
361.667,0.28075
361.667,0.28075
361.667,0.28075
361.667,0.28075
361.667,0.28075
362,0.285484
362,0.285484
362,0.285484
362,0.285484
362,0.285484
362.333,0.298851
362.333,0.298851
362.333,0.298851
362.333,0.298851
362.333,0.298851
362.667,0.310529
362.667,0.310529
362.667,0.310529
362.667,0.310529
362.667,0.310529
363,0.316913
363,0.316913
363,0.316913
363,0.316913
363,0.316913
363.333,0.318119
363.333,0.318119
363.333,0.318119
363.333,0.318119
363.333,0.318119
363.667,0.313687
363.667,0.313687
363.667,0.313687
363.667,0.313687
363.667,0.313687
364,0.309451
364,0.309451
364,0.309451
364,0.309451
364,0.309451
364.333,0.300552
364.333,0.300552
364.333,0.300552
364.333,0.300552
364.333,0.300552
364.667,0.288568
364.667,0.288568
364.667,0.288568
364.667,0.288568
364.667,0.288568
365,0.282616
365,0.282616
365,0.282616
365,0.282616
365,0.282616
365.333,0.287734
365.333,0.287734
365.333,0.287734
365.333,0.287734
365.333,0.287734
365.667,0.299129
365.667,0.299129
365.667,0.299129
365.667,0.299129
365.667,0.299129
366,0.311818
366,0.311818
366,0.311818
366,0.311818
366,0.311818
366.333,0.324209
366.333,0.324209
366.333,0.324209
366.333,0.324209
366.333,0.324209
366.667,0.330107
366.667,0.330107
366.667,0.330107
366.667,0.330107
366.667,0.330107
367,0.336373
367,0.336373
367,0.336373
367,0.336373
367,0.336373
367.333,0.337094
367.333,0.337094
367.333,0.337094
367.333,0.337094
367.333,0.337094
367.667,0.334774
367.667,0.334774
367.667,0.334774
367.667,0.334774
367.667,0.334774
368,0.33794
368,0.33794
368,0.33794
368,0.33794
368,0.33794
368.333,0.35175
368.333,0.35175
368.333,0.35175
368.333,0.35175
368.333,0.35175
368.667,0.3642
368.667,0.3642
368.667,0.3642
368.667,0.3642
368.667,0.3642
369,0.373625
369,0.373625
369,0.373625
369,0.373625
369,0.373625
369.333,0.382305
369.333,0.382305
369.333,0.382305
369.333,0.382305
369.333,0.382305
369.667,0.378899
369.667,0.378899
369.667,0.378899
369.667,0.378899
369.667,0.378899
370,0.381631
370,0.381631
370,0.381631
370,0.381631
370,0.381631
370.333,0.389006
370.333,0.389006
370.333,0.389006
370.333,0.389006
370.333,0.389006
370.667,0.400225
370.667,0.400225
370.667,0.400225
370.667,0.400225
370.667,0.400225
371,0.416354
371,0.416354
371,0.416354
371,0.416354
371,0.416354
371.333,0.429122
371.333,0.429122
371.333,0.429122
371.333,0.429122
371.333,0.429122
371.667,0.448226
371.667,0.448226
371.667,0.448226
371.667,0.448226
371.667,0.448226
372,0.457642
372,0.457642
372,0.457642
372,0.457642
372,0.457642
372.333,0.455656
372.333,0.455656
372.333,0.455656
372.333,0.455656
372.333,0.455656
372.667,0.452967
372.667,0.452967
372.667,0.452967
372.667,0.452967
372.667,0.452967
373,0.44502
373,0.44502
373,0.44502
373,0.44502
373,0.44502
373.333,0.438476
373.333,0.438476
373.333,0.438476
373.333,0.438476
373.333,0.438476
373.667,0.434565
373.667,0.434565
373.667,0.434565
373.667,0.434565
373.667,0.434565
374,0.443433
374,0.443433
374,0.443433
374,0.443433
374,0.443433
374.333,0.452462
374.333,0.452462
374.333,0.452462
374.333,0.452462
374.333,0.452462
374.667,0.452924
374.667,0.452924
374.667,0.452924
374.667,0.452924
374.667,0.452924
375,0.457419
375,0.457419
375,0.457419
375,0.457419
375,0.457419
375.333,0.460656
375.333,0.460656
375.333,0.460656
375.333,0.460656
375.333,0.460656
375.667,0.461737
375.667,0.461737
375.667,0.461737
375.667,0.461737
375.667,0.461737
376,0.459139
376,0.459139
376,0.459139
376,0.459139
376,0.459139
376.333,0.460209
376.333,0.460209
376.333,0.460209
376.333,0.460209
376.333,0.460209
376.667,0.465637
376.667,0.465637
376.667,0.465637
376.667,0.465637
376.667,0.465637
377,0.462694
377,0.462694
377,0.462694
377,0.462694
377,0.462694
377.333,0.461804
377.333,0.461804
377.333,0.461804
377.333,0.461804
377.333,0.461804
377.667,0.464567
377.667,0.464567
377.667,0.464567
377.667,0.464567
377.667,0.464567
378,0.456055
378,0.456055
378,0.456055
378,0.456055
378,0.456055
378.333,0.461506
378.333,0.461506
378.333,0.461506
378.333,0.461506
378.333,0.461506
378.667,0.46452
378.667,0.46452
378.667,0.46452
378.667,0.46452
378.667,0.46452
379,0.469187
379,0.469187
379,0.469187
379,0.469187
379,0.469187
379.333,0.471722
379.333,0.471722
379.333,0.471722
379.333,0.471722
379.333,0.471722
379.667,0.464061
379.667,0.464061
379.667,0.464061
379.667,0.464061
379.667,0.464061
380,0.468011
380,0.468011
380,0.468011
380,0.468011
380,0.468011
380.333,0.472216
380.333,0.472216
380.333,0.472216
380.333,0.472216
380.333,0.472216
380.667,0.474226
380.667,0.474226
380.667,0.474226
380.667,0.474226
380.667,0.474226
381,0.477471
381,0.477471
381,0.477471
381,0.477471
381,0.477471
381.333,0.482001
381.333,0.482001
381.333,0.482001
381.333,0.482001
381.333,0.482001
381.667,0.482765
381.667,0.482765
381.667,0.482765
381.667,0.482765
381.667,0.482765
382,0.483526
382,0.483526
382,0.483526
382,0.483526
382,0.483526
382.333,0.483678
382.333,0.483678
76