0,0.0484552
0,0.0484552
0,0.0484552
0,0.0484552
0.266667,0.0651452
0.266667,0.0651452
0.266667,0.0651452
0.266667,0.0651452
0.533333,0.0804635
0.533333,0.0804635
0.533333,0.0804635
0.533333,0.0804635
0.8,0.084684
0.8,0.084684
0.8,0.084684
0.8,0.084684
1.06667,0.0888535
1.06667,0.0888535
1.06667,0.0888535
1.06667,0.0888535
1.33333,0.0910363
1.33333,0.0910363
1.33333,0.0910363
1.33333,0.0910363
1.6,0.0932073
1.6,0.0932073
1.6,0.0932073
1.6,0.0932073
1.86667,0.0991206
1.86667,0.0991206
1.86667,0.0991206
1.86667,0.0991206
2.13333,0.100241
2.13333,0.100241
2.13333,0.100241
2.13333,0.100241
2.4,0.100747
2.4,0.100747
2.4,0.100747
2.4,0.100747
2.66667,0.101911
2.66667,0.101911
2.66667,0.101911
2.66667,0.101911
2.93333,0.102471
2.93333,0.102471
2.93333,0.102471
2.93333,0.102471
3.2,0.101903
3.2,0.101903
3.2,0.101903
3.2,0.101903
3.46667,0.101926
3.46667,0.101926
3.46667,0.101926
3.46667,0.101926
3.73333,0.10139
3.73333,0.10139
3.73333,0.10139
3.73333,0.10139
4,0.101025
4,0.101025
4,0.101025
4,0.101025
4.26667,0.101542
4.26667,0.101542
4.26667,0.101542
4.26667,0.101542
4.53333,0.102142
4.53333,0.102142
4.53333,0.102142
4.53333,0.102142
4.8,0.101448
4.8,0.101448
4.8,0.101448
4.8,0.101448
5.06667,0.104419
5.06667,0.104419
5.06667,0.104419
5.06667,0.104419
5.33333,0.109674
5.33333,0.109674
5.33333,0.109674
5.33333,0.109674
5.6,0.119804
5.6,0.119804
5.6,0.119804
5.6,0.119804
5.86667,0.136396
5.86667,0.136396
5.86667,0.136396
5.86667,0.136396
6.13333,0.142866
6.13333,0.142866
6.13333,0.142866
6.13333,0.142866
6.4,0.140902
6.4,0.140902
6.4,0.140902
6.4,0.140902
6.66667,0.142615
6.66667,0.142615
6.66667,0.142615
6.66667,0.142615
6.93333,0.142866
6.93333,0.142866
6.93333,0.142866
6.93333,0.142866
7.2,0.149186
7.2,0.149186
7.2,0.149186
7.2,0.149186
7.46667,0.164861
7.46667,0.164861
7.46667,0.164861
7.46667,0.164861
7.73333,0.171461
7.73333,0.171461
7.73333,0.171461
7.73333,0.171461
8,0.173683
8,0.173683
8,0.173683
8,0.173683
8.26667,0.173973
8.26667,0.173973
8.26667,0.173973
8.26667,0.173973
8.53333,0.174846
8.53333,0.174846
8.53333,0.174846
8.53333,0.174846
8.8,0.176673
8.8,0.176673
8.8,0.176673
8.8,0.176673
9.06667,0.178691
9.06667,0.178691
9.06667,0.178691
9.06667,0.178691
9.33333,0.179686
9.33333,0.179686
9.33333,0.179686
9.33333,0.179686
9.6,0.178166
9.6,0.178166
9.6,0.178166
9.6,0.178166
9.86667,0.180576
9.86667,0.180576
9.86667,0.180576
9.86667,0.180576
10.1333,0.17855
10.1333,0.17855
10.1333,0.17855
10.1333,0.17855
10.4,0.174995
10.4,0.174995
10.4,0.174995
10.4,0.174995
10.6667,0.173835
10.6667,0.173835
10.6667,0.173835
10.6667,0.173835
10.9333,0.172636
10.9333,0.172636
10.9333,0.172636
10.9333,0.172636
11.2,0.171751
11.2,0.171751
11.2,0.171751
11.2,0.171751
11.4667,0.168494
11.4667,0.168494
11.4667,0.168494
11.4667,0.168494
11.7333,0.167393
11.7333,0.167393
11.7333,0.167393
11.7333,0.167393
12,0.165978
12,0.165978
12,0.165978
12,0.165978
12.2667,0.164015
12.2667,0.164015
12.2667,0.164015
12.2667,0.164015
12.5333,0.162287
12.5333,0.162287
12.5333,0.162287
12.5333,0.162287
12.8,0.161256
12.8,0.161256
12.8,0.161256
12.8,0.161256
13.0667,0.160923
13.0667,0.160923
13.0667,0.160923
13.0667,0.160923
13.3333,0.161323
13.3333,0.161323
13.3333,0.161323
13.3333,0.161323
13.6,0.161542
13.6,0.161542
13.6,0.161542
13.6,0.161542
13.8667,0.160982
13.8667,0.160982
13.8667,0.160982
13.8667,0.160982
14.1333,0.161609
14.1333,0.161609
14.1333,0.161609
14.1333,0.161609
14.4,0.161201
14.4,0.161201
14.4,0.161201
14.4,0.161201
14.6667,0.159316
14.6667,0.159316
14.6667,0.159316
14.6667,0.159316
14.9333,0.159673
14.9333,0.159673
14.9333,0.159673
14.9333,0.159673
15.2,0.159524
15.2,0.159524
15.2,0.159524
15.2,0.159524
15.4667,0.160598
15.4667,0.160598
15.4667,0.160598
15.4667,0.160598
15.7333,0.16135
15.7333,0.16135
15.7333,0.16135
15.7333,0.16135
16,0.159497
16,0.159497
16,0.159497
16,0.159497
16.2667,0.159704
16.2667,0.159704
16.2667,0.159704
16.2667,0.159704
16.5333,0.159916
16.5333,0.159916
16.5333,0.159916
16.5333,0.159916
16.8,0.15945
16.8,0.15945
16.8,0.15945
16.8,0.15945
17.0667,0.160147
17.0667,0.160147
17.0667,0.160147
17.0667,0.160147
17.3333,0.16057
17.3333,0.16057
17.3333,0.16057
17.3333,0.16057
17.6,0.160668
17.6,0.160668
17.6,0.160668
17.6,0.160668
17.8667,0.160813
17.8667,0.160813
17.8667,0.160813
17.8667,0.160813
18.1333,0.159987
18.1333,0.159987
18.1333,0.159987
18.1333,0.159987
18.4,0.160241
18.4,0.160241
18.4,0.160241
18.4,0.160241
18.6667,0.161123
18.6667,0.161123
18.6667,0.161123
18.6667,0.161123
18.9333,0.162369
18.9333,0.162369
18.9333,0.162369
18.9333,0.162369
19.2,0.160751
19.2,0.160751
19.2,0.160751
19.2,0.160751
19.4667,0.157071
19.4667,0.157071
19.4667,0.157071
19.4667,0.157071
19.7333,0.15691
19.7333,0.15691
19.7333,0.15691
19.7333,0.15691
20,0.156942
20,0.156942
20,0.156942
20,0.156942
20.2667,0.15771
20.2667,0.15771
20.2667,0.15771
20.2667,0.15771
20.5333,0.158164
20.5333,0.158164
20.5333,0.158164
20.5333,0.158164
20.8,0.158125
20.8,0.158125
20.8,0.158125
20.8,0.158125
21.0667,0.159109
21.0667,0.159109
21.0667,0.159109
21.0667,0.159109
21.3333,0.157475
21.3333,0.157475
21.3333,0.157475
21.3333,0.157475
21.6,0.157788
21.6,0.157788
21.6,0.157788
21.6,0.157788
21.8667,0.158266
21.8667,0.158266
21.8667,0.158266
21.8667,0.158266
22.1333,0.158004
22.1333,0.158004
22.1333,0.158004
22.1333,0.158004
22.4,0.158051
22.4,0.158051
22.4,0.158051
22.4,0.158051
22.6667,0.159195
22.6667,0.159195
22.6667,0.159195
22.6667,0.159195
22.9333,0.161915
22.9333,0.161915
22.9333,0.161915
22.9333,0.161915
23.2,0.164058
23.2,0.164058
23.2,0.164058
23.2,0.164058
23.4667,0.163662
23.4667,0.163662
23.4667,0.163662
23.4667,0.163662
23.7333,0.163886
23.7333,0.163886
23.7333,0.163886
23.7333,0.163886
24,0.164325
24,0.164325
24,0.164325
24,0.164325
24.2667,0.164387
24.2667,0.164387
24.2667,0.164387
24.2667,0.164387
24.5333,0.164007
24.5333,0.164007
24.5333,0.164007
24.5333,0.164007
24.8,0.163314
24.8,0.163314
24.8,0.163314
24.8,0.163314
25.0667,0.162984
25.0667,0.162984
25.0667,0.162984
25.0667,0.162984
25.3333,0.162596
25.3333,0.162596
25.3333,0.162596
25.3333,0.162596
25.6,0.165128
25.6,0.165128
25.6,0.165128
25.6,0.165128
25.8667,0.167773
25.8667,0.167773
25.8667,0.167773
25.8667,0.167773
26.1333,0.168424
26.1333,0.168424
26.1333,0.168424
26.1333,0.168424
26.4,0.169152
26.4,0.169152
26.4,0.169152
26.4,0.169152
26.6667,0.17063
26.6667,0.17063
26.6667,0.17063
26.6667,0.17063
26.9333,0.170649
26.9333,0.170649
26.9333,0.170649
26.9333,0.170649
27.2,0.173502
27.2,0.173502
27.2,0.173502
27.2,0.173502
27.4667,0.179404
27.4667,0.179404
27.4667,0.179404
27.4667,0.179404
27.7333,0.184729
27.7333,0.184729
27.7333,0.184729
27.7333,0.184729
28,0.186313
28,0.186313
28,0.186313
28,0.186313
28.2667,0.194373
28.2667,0.194373
28.2667,0.194373
28.2667,0.194373
28.5333,0.199754
28.5333,0.199754
28.5333,0.199754
28.5333,0.199754
28.8,0.204844
28.8,0.204844
28.8,0.204844
28.8,0.204844
29.0667,0.207725
29.0667,0.207725
29.0667,0.207725
29.0667,0.207725
29.3333,0.207901
29.3333,0.207901
29.3333,0.207901
29.3333,0.207901
29.6,0.201678
29.6,0.201678
29.6,0.201678
29.6,0.201678
29.8667,0.205244
29.8667,0.205244
29.8667,0.205244
29.8667,0.205244
30.1333,0.20814
30.1333,0.20814
30.1333,0.20814
30.1333,0.20814
30.4,0.208575
30.4,0.208575
30.4,0.208575
30.4,0.208575
30.6667,0.208602
30.6667,0.208602
30.6667,0.208602
30.6667,0.208602
30.9333,0.209398
30.9333,0.209398
30.9333,0.209398
30.9333,0.209398
31.2,0.209504
31.2,0.209504
31.2,0.209504
31.2,0.209504
31.4667,0.205091
31.4667,0.205091
31.4667,0.205091
31.4667,0.205091
31.7333,0.206866
31.7333,0.206866
31.7333,0.206866
31.7333,0.206866
32,0.208379
32,0.208379
32,0.208379
32,0.208379
32.2667,0.209367
32.2667,0.209367
32.2667,0.209367
32.2667,0.209367
32.5333,0.209296
32.5333,0.209296
32.5333,0.209296
32.5333,0.209296
32.8,0.210013
32.8,0.210013
32.8,0.210013
32.8,0.210013
33.0667,0.20515
33.0667,0.20515
33.0667,0.20515
33.0667,0.20515
33.3333,0.212357
33.3333,0.212357
33.3333,0.212357
33.3333,0.212357
33.6,0.231476
33.6,0.231476
33.6,0.231476
33.6,0.231476
33.8667,0.248276
33.8667,0.248276
33.8667,0.248276
33.8667,0.248276
34.1333,0.255862
34.1333,0.255862
34.1333,0.255862
34.1333,0.255862
34.4,0.261302
34.4,0.261302
34.4,0.261302
34.4,0.261302
34.6667,0.264288
34.6667,0.264288
34.6667,0.264288
34.6667,0.264288
34.9333,0.27064
34.9333,0.27064
34.9333,0.27064
34.9333,0.27064
35.2,0.274488
35.2,0.274488
35.2,0.274488
35.2,0.274488
35.4667,0.277694
35.4667,0.277694
35.4667,0.277694
35.4667,0.277694
35.7333,0.28088
35.7333,0.28088
35.7333,0.28088
35.7333,0.28088
36,0.283223
36,0.283223
36,0.283223
36,0.283223
36.2667,0.282455
36.2667,0.282455
36.2667,0.282455
36.2667,0.282455
36.5333,0.28521
36.5333,0.28521
36.5333,0.28521
36.5333,0.28521
36.8,0.285829
36.8,0.285829
36.8,0.285829
36.8,0.285829
37.0667,0.28492
37.0667,0.28492
37.0667,0.28492
37.0667,0.28492
37.3333,0.283478
37.3333,0.283478
37.3333,0.283478
37.3333,0.283478
37.6,0.279645
37.6,0.279645
37.6,0.279645
37.6,0.279645
37.8667,0.280574
37.8667,0.280574
37.8667,0.280574
37.8667,0.280574
38.1333,0.279387
38.1333,0.279387
38.1333,0.279387
38.1333,0.279387
38.4,0.291382
38.4,0.291382
38.4,0.291382
38.4,0.291382
38.6667,0.302997
38.6667,0.302997
38.6667,0.302997
38.6667,0.302997
38.9333,0.312281
38.9333,0.312281
38.9333,0.312281
38.9333,0.312281
39.2,0.320337
39.2,0.320337
39.2,0.320337
39.2,0.320337
39.4667,0.32669
39.4667,0.32669
39.4667,0.32669
39.4667,0.32669
39.7333,0.328285
39.7333,0.328285
39.7333,0.328285
39.7333,0.328285
40,0.334359
40,0.334359
40,0.334359
40,0.334359
40.2667,0.341726
40.2667,0.341726
40.2667,0.341726
40.2667,0.341726
40.5333,0.349622
40.5333,0.349622
40.5333,0.349622
40.5333,0.349622
40.8,0.35878
40.8,0.35878
40.8,0.35878
40.8,0.35878
41.0667,0.365039
41.0667,0.365039
41.0667,0.365039
41.0667,0.365039
41.3333,0.371254
41.3333,0.371254
41.3333,0.371254
41.3333,0.371254
41.6,0.380075
41.6,0.380075
41.6,0.380075
41.6,0.380075
41.8667,0.387344
41.8667,0.387344
41.8667,0.387344
41.8667,0.387344
42.1333,0.392219
42.1333,0.392219
42.1333,0.392219
42.1333,0.392219
42.4,0.395127
42.4,0.395127
42.4,0.395127
42.4,0.395127
42.6667,0.396099
42.6667,0.396099
42.6667,0.396099
42.6667,0.396099
42.9333,0.395087
42.9333,0.395087
42.9333,0.395087
42.9333,0.395087
43.2,0.399845
43.2,0.399845
43.2,0.399845
43.2,0.399845
43.4667,0.407165
43.4667,0.407165
43.4667,0.407165
43.4667,0.407165
43.7333,0.410872
43.7333,0.410872
43.7333,0.410872
43.7333,0.410872
44,0.414364
44,0.414364
44,0.414364
44,0.414364
44.2667,0.418721
44.2667,0.418721
44.2667,0.418721
44.2667,0.418721
44.5333,0.421594
44.5333,0.421594
44.5333,0.421594
44.5333,0.421594
44.8,0.419258
44.8,0.419258
44.8,0.419258
44.8,0.419258
45.0667,0.421225
45.0667,0.421225
45.0667,0.421225
45.0667,0.421225
45.3333,0.424235
45.3333,0.424235
45.3333,0.424235
45.3333,0.424235
45.6,0.42641
45.6,0.42641
45.6,0.42641
45.6,0.42641
45.8667,0.428479
45.8667,0.428479
45.8667,0.428479
45.8667,0.428479
46.1333,0.430462
46.1333,0.430462
46.1333,0.430462
46.1333,0.430462
46.4,0.427319
46.4,0.427319
46.4,0.427319
46.4,0.427319
46.6667,0.428456
46.6667,0.428456
46.6667,0.428456
46.6667,0.428456
46.9333,0.427879
46.9333,0.427879
46.9333,0.427879
46.9333,0.427879
47.2,0.427966
47.2,0.427966
47.2,0.427966
47.2,0.427966
47.4667,0.429212
47.4667,0.429212
47.4667,0.429212
47.4667,0.429212
47.7333,0.428922
47.7333,0.428922
47.7333,0.428922
47.7333,0.428922
48,0.418157
48,0.418157
48,0.418157
48,0.418157
48.2667,0.419486
48.2667,0.419486
48.2667,0.419486
48.2667,0.419486
48.5333,0.419411
48.5333,0.419411
48.5333,0.419411
48.5333,0.419411
48.8,0.41755
48.8,0.41755
48.8,0.41755
48.8,0.41755
49.0667,0.414387
49.0667,0.414387
49.0667,0.414387
49.0667,0.414387
49.3333,0.413086
49.3333,0.413086
49.3333,0.413086
49.3333,0.413086
49.6,0.403619
49.6,0.403619
49.6,0.403619
49.6,0.403619
49.8667,0.404367
49.8667,0.404367
49.8667,0.404367
49.8667,0.404367
50.1333,0.403815
50.1333,0.403815
50.1333,0.403815
50.1333,0.403815
50.4,0.403568
50.4,0.403568
50.4,0.403568
50.4,0.403568
50.6667,0.402886
50.6667,0.402886
50.6667,0.402886
50.6667,0.402886
50.9333,0.400362
50.9333,0.400362
50.9333,0.400362
50.9333,0.400362
51.2,0.397948
51.2,0.397948
51.2,0.397948
51.2,0.397948
51.4667,0.386251
51.4667,0.386251
51.4667,0.386251
51.4667,0.386251
51.7333,0.387998
51.7333,0.387998
51.7333,0.387998
51.7333,0.387998
52,0.389652
52,0.389652
52,0.389652
52,0.389652
52.2667,0.390291
52.2667,0.390291
52.2667,0.390291
52.2667,0.390291
52.5333,0.393332
52.5333,0.393332
52.5333,0.393332
52.5333,0.393332
52.8,0.400734
52.8,0.400734
52.8,0.400734
52.8,0.400734
53.0667,0.409238
53.0667,0.409238
53.0667,0.409238
53.0667,0.409238
53.3333,0.417193
53.3333,0.417193
53.3333,0.417193
53.3333,0.417193
53.6,0.421527
53.6,0.421527
53.6,0.421527
53.6,0.421527
53.8667,0.424729
53.8667,0.424729
53.8667,0.424729
53.8667,0.424729
54.1333,0.429913
54.1333,0.429913
54.1333,0.429913
54.1333,0.429913
54.4,0.435607
54.4,0.435607
54.4,0.435607
54.4,0.435607
54.6667,0.436904
54.6667,0.436904
54.6667,0.436904
54.6667,0.436904
54.9333,0.439189
54.9333,0.439189
54.9333,0.439189
54.9333,0.439189
55.2,0.44205
55.2,0.44205
55.2,0.44205
55.2,0.44205
55.4667,0.442183
55.4667,0.442183
55.4667,0.442183
55.4667,0.442183
55.7333,0.44125
55.7333,0.44125
55.7333,0.44125
55.7333,0.44125
56,0.442845
56,0.442845
56,0.442845
56,0.442845
56.2667,0.4408
56.2667,0.4408
56.2667,0.4408
56.2667,0.4408
56.5333,0.443308
56.5333,0.443308
56.5333,0.443308
56.5333,0.443308
56.8,0.443543
56.8,0.443543
56.8,0.443543
56.8,0.443543
57.0667,0.44493
57.0667,0.44493
57.0667,0.44493
57.0667,0.44493
57.3333,0.445114
57.3333,0.445114
57.3333,0.445114
57.3333,0.445114
57.6,0.445964
57.6,0.445964
57.6,0.445964
57.6,0.445964
57.8667,0.445079
57.8667,0.445079
57.8667,0.445079
57.8667,0.445079
58.1333,0.444213
58.1333,0.444213
58.1333,0.444213
58.1333,0.444213
58.4,0.445639
58.4,0.445639
58.4,0.445639
58.4,0.445639
58.6667,0.443817
58.6667,0.443817
58.6667,0.443817
58.6667,0.443817
58.9333,0.444338
58.9333,0.444338
58.9333,0.444338
58.9333,0.444338
59.2,0.445361
59.2,0.445361
59.2,0.445361
59.2,0.445361
59.4667,0.446258
59.4667,0.446258
59.4667,0.446258
59.4667,0.446258
59.7333,0.448982
59.7333,0.448982
59.7333,0.448982
59.7333,0.448982
60,0.450334
60,0.450334
60,0.450334
60,0.450334
60.2667,0.442994
60.2667,0.442994
60.2667,0.442994
60.2667,0.442994
60.5333,0.445424
60.5333,0.445424
60.5333,0.445424
60.5333,0.445424
60.8,0.445369
60.8,0.445369
60.8,0.445369
60.8,0.445369
61.0667,0.440086
61.0667,0.440086
61.0667,0.440086
61.0667,0.440086
61.3333,0.438354
61.3333,0.438354
61.3333,0.438354
61.3333,0.438354
61.6,0.438088
61.6,0.438088
61.6,0.438088
61.6,0.438088
61.8667,0.436736
61.8667,0.436736
61.8667,0.436736
61.8667,0.436736
62.1333,0.43357
62.1333,0.43357
62.1333,0.43357
62.1333,0.43357
62.4,0.436465
62.4,0.436465
62.4,0.436465
62.4,0.436465
62.6667,0.441509
62.6667,0.441509
62.6667,0.441509
62.6667,0.441509
62.9333,0.442508
62.9333,0.442508
62.9333,0.442508
62.9333,0.442508
63.2,0.442963
63.2,0.442963
63.2,0.442963
63.2,0.442963
63.4667,0.443656
63.4667,0.443656
63.4667,0.443656
63.4667,0.443656
63.7333,0.439847
63.7333,0.439847
63.7333,0.439847
63.7333,0.439847
64,0.441003
64,0.441003
64,0.441003
64,0.441003
64.2667,0.442877
64.2667,0.442877
64.2667,0.442877
64.2667,0.442877
64.5333,0.443308
64.5333,0.443308
64.5333,0.443308
64.5333,0.443308
64.8,0.445396
64.8,0.445396
64.8,0.445396
64.8,0.445396
65.0667,0.446443
65.0667,0.446443
65.0667,0.446443
65.0667,0.446443
65.3333,0.444511
65.3333,0.444511
65.3333,0.444511
65.3333,0.444511
65.6,0.44502
65.6,0.44502
65.6,0.44502
65.6,0.44502
65.8667,0.444593
65.8667,0.444593
65.8667,0.444593
65.8667,0.444593
66.1333,0.444593
66.1333,0.444593
66.1333,0.444593
66.1333,0.444593
66.4,0.44482
66.4,0.44482
66.4,0.44482
66.4,0.44482
66.6667,0.442159
66.6667,0.442159
66.6667,0.442159
66.6667,0.442159
66.9333,0.43489
66.9333,0.43489
66.9333,0.43489
66.9333,0.43489
67.2,0.436144
67.2,0.436144
67.2,0.436144
67.2,0.436144
67.4667,0.438237
67.4667,0.438237
67.4667,0.438237
67.4667,0.438237
67.7333,0.437633
67.7333,0.437633
67.7333,0.437633
67.7333,0.437633
68,0.43806
68,0.43806
68,0.43806
68,0.43806
68.2667,0.438264
68.2667,0.438264
68.2667,0.438264
68.2667,0.438264
68.5333,0.438789
68.5333,0.438789
68.5333,0.438789
68.5333,0.438789
68.8,0.439212
68.8,0.439212
68.8,0.439212
68.8,0.439212
69.0667,0.434894
69.0667,0.434894
69.0667,0.434894
69.0667,0.434894
69.3333,0.43681
69.3333,0.43681
69.3333,0.43681
69.3333,0.43681
69.6,0.438954
69.6,0.438954
69.6,0.438954
69.6,0.438954
69.8667,0.439307
69.8667,0.439307
69.8667,0.439307
69.8667,0.439307
70.1333,0.438276
70.1333,0.438276
70.1333,0.438276
70.1333,0.438276
70.4,0.439142
70.4,0.439142
70.4,0.439142
70.4,0.439142
70.6667,0.432496
70.6667,0.432496
70.6667,0.432496
70.6667,0.432496
70.9333,0.434345
70.9333,0.434345
70.9333,0.434345
70.9333,0.434345
71.2,0.435043
71.2,0.435043
71.2,0.435043
71.2,0.435043
71.4667,0.436512
71.4667,0.436512
71.4667,0.436512
71.4667,0.436512
71.7333,0.437833
71.7333,0.437833
71.7333,0.437833
71.7333,0.437833
72,0.438264
72,0.438264
72,0.438264
72,0.438264
72.2667,0.438672
72.2667,0.438672
72.2667,0.438672
72.2667,0.438672
72.5333,0.436301
72.5333,0.436301
72.5333,0.436301
72.5333,0.436301
72.8,0.437571
72.8,0.437571
72.8,0.437571
72.8,0.437571
73.0667,0.438346
73.0667,0.438346
73.0667,0.438346
73.0667,0.438346
73.3333,0.439001
73.3333,0.439001
73.3333,0.439001
73.3333,0.439001
73.6,0.440055
73.6,0.440055
73.6,0.440055
73.6,0.440055
73.8667,0.44067
73.8667,0.44067
73.8667,0.44067
73.8667,0.44067
74.1333,0.435729
74.1333,0.435729
74.1333,0.435729
74.1333,0.435729
74.4,0.436567
74.4,0.436567
74.4,0.436567
74.4,0.436567
74.6667,0.435827
74.6667,0.435827
74.6667,0.435827
74.6667,0.435827
74.9333,0.436136
74.9333,0.436136
74.9333,0.436136
74.9333,0.436136
75.2,0.439361
75.2,0.439361
75.2,0.439361
75.2,0.439361
75.4667,0.44089
75.4667,0.44089
75.4667,0.44089
75.4667,0.44089
75.7333,0.438997
75.7333,0.438997
75.7333,0.438997
75.7333,0.438997
76,0.438903
76,0.438903
76,0.438903
76,0.438903
76.2667,0.439165
76.2667,0.439165
76.2667,0.439165
76.2667,0.439165
76.5333,0.440866
76.5333,0.440866
76.5333,0.440866
76.5333,0.440866
76.8,0.441548
76.8,0.441548
76.8,0.441548
76.8,0.441548
77.0667,0.440964
77.0667,0.440964
77.0667,0.440964
77.0667,0.440964
77.3333,0.438746
77.3333,0.438746
77.3333,0.438746
77.3333,0.438746
77.6,0.442285
77.6,0.442285
77.6,0.442285
77.6,0.442285
77.8667,0.441434
77.8667,0.441434
77.8667,0.441434
77.8667,0.441434
78.1333,0.440431
78.1333,0.440431
78.1333,0.440431
78.1333,0.440431
78.4,0.438378
78.4,0.438378
78.4,0.438378
78.4,0.438378
78.6667,0.436418
78.6667,0.436418
78.6667,0.436418
78.6667,0.436418
78.9333,0.436838
78.9333,0.436838
78.9333,0.436838
78.9333,0.436838
79.2,0.429921
79.2,0.429921
79.2,0.429921
79.2,0.429921
79.4667,0.429153
79.4667,0.429153
79.4667,0.429153
79.4667,0.429153
79.7333,0.431152
79.7333,0.431152
79.7333,0.431152
79.7333,0.431152
80,0.431496
80,0.431496
80,0.431496
80,0.431496
80.2667,0.431395
80.2667,0.431395
80.2667,0.431395
80.2667,0.431395
80.5333,0.431732
80.5333,0.431732
80.5333,0.431732
80.5333,0.431732
80.8,0.428847
80.8,0.428847
80.8,0.428847
80.8,0.428847
81.0667,0.429831
81.0667,0.429831
81.0667,0.429831
81.0667,0.429831
81.3333,0.431003
81.3333,0.431003
81.3333,0.431003
81.3333,0.431003
81.6,0.432002
81.6,0.432002
81.6,0.432002
81.6,0.432002
81.8667,0.432966
81.8667,0.432966
81.8667,0.432966
81.8667,0.432966
82.1333,0.434048
82.1333,0.434048
82.1333,0.434048
82.1333,0.434048
82.4,0.431657
82.4,0.431657
82.4,0.431657
82.4,0.431657
82.6667,0.435517
82.6667,0.435517
82.6667,0.435517
82.6667,0.435517
82.9333,0.437759
82.9333,0.437759
82.9333,0.437759
82.9333,0.437759
83.2,0.437555
83.2,0.437555
83.2,0.437555
83.2,0.437555
83.4667,0.436285
83.4667,0.436285
83.4667,0.436285
83.4667,0.436285
83.7333,0.436317
83.7333,0.436317
83.7333,0.436317
83.7333,0.436317
84,0.430724
84,0.430724
84,0.430724
84,0.430724
84.2667,0.432927
84.2667,0.432927
84.2667,0.432927
84.2667,0.432927
84.5333,0.434032
84.5333,0.434032
84.5333,0.434032
84.5333,0.434032
84.8,0.434537
84.8,0.434537
84.8,0.434537
84.8,0.434537
85.0667,0.435219
85.0667,0.435219
85.0667,0.435219
85.0667,0.435219
85.3333,0.435885
85.3333,0.435885
85.3333,0.435885
85.3333,0.435885
85.6,0.435419
85.6,0.435419
85.6,0.435419
85.6,0.435419
85.8667,0.433667
85.8667,0.433667
85.8667,0.433667
85.8667,0.433667
86.1333,0.435983
86.1333,0.435983
86.1333,0.435983
86.1333,0.435983
86.4,0.437998
86.4,0.437998
86.4,0.437998
86.4,0.437998
86.6667,0.440227
86.6667,0.440227
86.6667,0.440227
86.6667,0.440227
86.9333,0.439361
86.9333,0.439361
86.9333,0.439361
86.9333,0.439361
87.2,0.439628
87.2,0.439628
87.2,0.439628
87.2,0.439628
87.4667,0.433683
87.4667,0.433683
87.4667,0.433683
87.4667,0.433683
87.7333,0.432241
87.7333,0.432241
87.7333,0.432241
87.7333,0.432241
88,0.432739
88,0.432739
88,0.432739
88,0.432739
88.2667,0.43304
88.2667,0.43304
88.2667,0.43304
88.2667,0.43304
88.5333,0.432837
88.5333,0.432837
88.5333,0.432837
88.5333,0.432837
88.8,0.432899
88.8,0.432899
88.8,0.432899
88.8,0.432899
89.0667,0.430039
89.0667,0.430039
89.0667,0.430039
89.0667,0.430039
89.3333,0.43192
89.3333,0.43192
89.3333,0.43192
89.3333,0.43192
89.6,0.43337
89.6,0.43337
89.6,0.43337
89.6,0.43337
89.8667,0.434698
89.8667,0.434698
89.8667,0.434698
89.8667,0.434698
90.1333,0.436716
90.1333,0.436716
90.1333,0.436716
90.1333,0.436716
90.4,0.438049
90.4,0.438049
90.4,0.438049
90.4,0.438049
90.6667,0.432731
90.6667,0.432731
90.6667,0.432731
90.6667,0.432731
90.9333,0.43248
90.9333,0.43248
90.9333,0.43248
90.9333,0.43248
91.2,0.431477
91.2,0.431477
91.2,0.431477
91.2,0.431477
91.4667,0.428487
91.4667,0.428487
91.4667,0.428487
91.4667,0.428487
91.7333,0.425352
91.7333,0.425352
91.7333,0.425352
91.7333,0.425352
92,0.423432
92,0.423432
92,0.423432
92,0.423432
92.2667,0.421323
92.2667,0.421323
92.2667,0.421323
92.2667,0.421323
92.5333,0.416727
92.5333,0.416727
92.5333,0.416727
92.5333,0.416727
92.8,0.418443
92.8,0.418443
92.8,0.418443
92.8,0.418443
93.0667,0.419717
93.0667,0.419717
93.0667,0.419717
93.0667,0.419717
93.3333,0.421096
93.3333,0.421096
93.3333,0.421096
93.3333,0.421096
93.6,0.422189
93.6,0.422189
93.6,0.422189
93.6,0.422189
93.8667,0.422918
93.8667,0.422918
93.8667,0.422918
93.8667,0.422918
94.1333,0.418333
94.1333,0.418333
94.1333,0.418333
94.1333,0.418333
94.4,0.419666
94.4,0.419666
94.4,0.419666
94.4,0.419666
94.6667,0.421386
94.6667,0.421386
94.6667,0.421386
94.6667,0.421386
94.9333,0.423698
94.9333,0.423698
94.9333,0.423698
94.9333,0.423698
95.2,0.427821
95.2,0.427821
95.2,0.427821
95.2,0.427821
95.4667,0.432562
95.4667,0.432562
95.4667,0.432562
95.4667,0.432562
95.7333,0.433816
95.7333,0.433816
95.7333,0.433816
95.7333,0.433816
96,0.439036
96,0.439036
96,0.439036
96,0.439036
96.2667,0.443421
96.2667,0.443421
96.2667,0.443421
96.2667,0.443421
96.5333,0.443727
96.5333,0.443727
96.5333,0.443727
96.5333,0.443727
96.8,0.441603
96.8,0.441603
96.8,0.441603
96.8,0.441603
97.0667,0.440035
97.0667,0.440035
97.0667,0.440035
97.0667,0.440035
97.3333,0.429329
97.3333,0.429329
97.3333,0.429329
97.3333,0.429329
97.6,0.424125
97.6,0.424125
97.6,0.424125
97.6,0.424125
97.8667,0.416554
97.8667,0.416554
97.8667,0.416554
97.8667,0.416554
98.1333,0.406009
98.1333,0.406009
98.1333,0.406009
98.1333,0.406009
98.4,0.394707
98.4,0.394707
98.4,0.394707
98.4,0.394707
98.6667,0.385173
98.6667,0.385173
98.6667,0.385173
98.6667,0.385173
98.9333,0.377645
98.9333,0.377645
98.9333,0.377645
98.9333,0.377645
99.2,0.364807
99.2,0.364807
99.2,0.364807
99.2,0.364807
99.4667,0.359854
99.4667,0.359854
99.4667,0.359854
99.4667,0.359854
99.7333,0.35351
99.7333,0.35351
99.7333,0.35351
99.7333,0.35351
100,0.350167
100,0.350167
100,0.350167
100,0.350167
100.267,0.345747
100.267,0.345747
100.267,0.345747
100.267,0.345747
100.533,0.341726
100.533,0.341726
100.533,0.341726
100.533,0.341726
100.8,0.333218
100.8,0.333218
100.8,0.333218
100.8,0.333218
101.067,0.324241
101.067,0.324241
101.067,0.324241
101.067,0.324241
101.333,0.320047
101.333,0.320047
101.333,0.320047
101.333,0.320047
101.6,0.31317
101.6,0.31317
101.6,0.31317
101.6,0.31317
101.867,0.306301
101.867,0.306301
101.867,0.306301
101.867,0.306301
102.133,0.299141
102.133,0.299141
102.133,0.299141
102.133,0.299141
102.4,0.292526
102.4,0.292526
102.4,0.292526
102.4,0.292526
102.667,0.289411
102.667,0.289411
102.667,0.289411
102.667,0.289411
102.933,0.289364
102.933,0.289364
102.933,0.289364
102.933,0.289364
103.2,0.289779
103.2,0.289779
103.2,0.289779
103.2,0.289779
103.467,0.288937
103.467,0.288937
103.467,0.288937
103.467,0.288937
103.733,0.300007
103.733,0.300007
103.733,0.300007
103.733,0.300007
104,0.307664
104,0.307664
104,0.307664
104,0.307664
104.267,0.312155
104.267,0.312155
104.267,0.312155
104.267,0.312155
104.533,0.311567
104.533,0.311567
104.533,0.311567
104.533,0.311567
104.8,0.31366
104.8,0.31366
104.8,0.31366
104.8,0.31366
105.067,0.323625
105.067,0.323625
105.067,0.323625
105.067,0.323625
105.333,0.335805
105.333,0.335805
105.333,0.335805
105.333,0.335805
105.6,0.336424
105.6,0.336424
105.6,0.336424
105.6,0.336424
105.867,0.331279
105.867,0.331279
105.867,0.331279
105.867,0.331279
106.133,0.325961
106.133,0.325961
106.133,0.325961
106.133,0.325961
106.4,0.333246
106.4,0.333246
106.4,0.333246
106.4,0.333246
106.667,0.339876
106.667,0.339876
106.667,0.339876
106.667,0.339876
106.933,0.35175
106.933,0.35175
106.933,0.35175
106.933,0.35175
107.2,0.364631
107.2,0.364631
107.2,0.364631
107.2,0.364631
107.467,0.361437
107.467,0.361437
107.467,0.361437
107.467,0.361437
107.733,0.351158
107.733,0.351158
107.733,0.351158
107.733,0.351158
108,0.344026
108,0.344026
108,0.344026
108,0.344026
108.267,0.347165
108.267,0.347165
108.267,0.347165
108.267,0.347165
108.533,0.357421
108.533,0.357421
108.533,0.357421
108.533,0.357421
108.8,0.370764
108.8,0.370764
108.8,0.370764
108.8,0.370764
109.067,0.372108
109.067,0.372108
109.067,0.372108
109.067,0.372108
109.333,0.374624
109.333,0.374624
109.333,0.374624
109.333,0.374624
109.6,0.381054
109.6,0.381054
109.6,0.381054
109.6,0.381054
109.867,0.377151
109.867,0.377151
109.867,0.377151
109.867,0.377151
110.133,0.36757
110.133,0.36757
110.133,0.36757
110.133,0.36757
110.4,0.361151
110.4,0.361151
110.4,0.361151
110.4,0.361151
110.667,0.361802
110.667,0.361802
110.667,0.361802
110.667,0.361802
110.933,0.357734
110.933,0.357734
110.933,0.357734
110.933,0.357734
111.2,0.35099
111.2,0.35099
111.2,0.35099
111.2,0.35099
111.467,0.343266
111.467,0.343266
111.467,0.343266
111.467,0.343266
111.733,0.337274
111.733,0.337274
111.733,0.337274
111.733,0.337274
112,0.34028
112,0.34028
112,0.34028
112,0.34028
112.267,0.345613
112.267,0.345613
112.267,0.345613
112.267,0.345613
112.533,0.349266
112.533,0.349266
112.533,0.349266
112.533,0.349266
112.8,0.351797
112.8,0.351797
112.8,0.351797
112.8,0.351797
113.067,0.363969
113.067,0.363969
113.067,0.363969
113.067,0.363969
113.333,0.373323
113.333,0.373323
113.333,0.373323
113.333,0.373323
113.6,0.367676
113.6,0.367676
113.6,0.367676
113.6,0.367676
113.867,0.355375
113.867,0.355375
113.867,0.355375
113.867,0.355375
114.133,0.33555
114.133,0.33555
114.133,0.33555
114.133,0.33555
114.4,0.323653
114.4,0.323653
114.4,0.323653
114.4,0.323653
114.667,0.310983
114.667,0.310983
114.667,0.310983
114.667,0.310983
114.933,0.293651
114.933,0.293651
114.933,0.293651
114.933,0.293651
115.2,0.276165
115.2,0.276165
115.2,0.276165
115.2,0.276165
115.467,0.265561
115.467,0.265561
115.467,0.265561
115.467,0.265561
115.733,0.26631
115.733,0.26631
115.733,0.26631
115.733,0.26631
116,0.247856
116,0.247856
116,0.247856
116,0.247856
116.267,0.229881
116.267,0.229881
116.267,0.229881
116.267,0.229881
116.533,0.21327
116.533,0.21327
116.533,0.21327
116.533,0.21327
116.8,0.211491
116.8,0.211491
116.8,0.211491
116.8,0.211491
117.067,0.208657
117.067,0.208657
117.067,0.208657
117.067,0.208657
117.333,0.202148
117.333,0.202148
117.333,0.202148
117.333,0.202148
117.6,0.200859
117.6,0.200859
117.6,0.200859
117.6,0.200859
117.867,0.214582
117.867,0.214582
117.867,0.214582
117.867,0.214582
118.133,0.226268
118.133,0.226268
118.133,0.226268
118.133,0.226268
118.4,0.216036
118.4,0.216036
118.4,0.216036
118.4,0.216036
118.667,0.20687
118.667,0.20687
118.667,0.20687
118.667,0.20687
118.933,0.198182
118.933,0.198182
118.933,0.198182
118.933,0.198182
119.2,0.182884
119.2,0.182884
119.2,0.182884
119.2,0.182884
119.467,0.176096
119.467,0.176096
119.467,0.176096
119.467,0.176096
119.733,0.167922
119.733,0.167922
119.733,0.167922
119.733,0.167922
120,0.180752
120,0.180752
120,0.180752
120,0.180752
120.267,0.191019
120.267,0.191019
120.267,0.191019
120.267,0.191019
120.533,0.199554
120.533,0.199554
120.533,0.199554
120.533,0.199554
120.8,0.196721
120.8,0.196721
120.8,0.196721
120.8,0.196721
121.067,0.191501
121.067,0.191501
121.067,0.191501
121.067,0.191501
121.333,0.190647
121.333,0.190647
121.333,0.190647
121.333,0.190647
121.6,0.201286
121.6,0.201286
121.6,0.201286
121.6,0.201286
121.867,0.213442
121.867,0.213442
121.867,0.213442
121.867,0.213442
122.133,0.210221
122.133,0.210221
122.133,0.210221
122.133,0.210221
122.4,0.19589
122.4,0.19589
122.4,0.19589
122.4,0.19589
122.667,0.185678
122.667,0.185678
122.667,0.185678
122.667,0.185678
122.933,0.162205
122.933,0.162205
122.933,0.162205
122.933,0.162205
123.2,0.138641
123.2,0.138641
123.2,0.138641
123.2,0.138641
123.467,0.120556
123.467,0.120556
123.467,0.120556
123.467,0.120556
123.733,0.119757
123.733,0.119757
123.733,0.119757
123.733,0.119757
124,0.123546
124,0.123546
124,0.123546
124,0.123546
124.267,0.129753
124.267,0.129753
124.267,0.129753
124.267,0.129753
124.533,0.149633
124.533,0.149633
124.533,0.149633
124.533,0.149633
124.8,0.163333
124.8,0.163333
124.8,0.163333
124.8,0.163333
125.067,0.163588
125.067,0.163588
125.067,0.163588
125.067,0.163588
125.333,0.171265
125.333,0.171265
125.333,0.171265
125.333,0.171265
125.6,0.183244
125.6,0.183244
125.6,0.183244
125.6,0.183244
125.867,0.197426
125.867,0.197426
125.867,0.197426
125.867,0.197426
126.133,0.193868
126.133,0.193868
126.133,0.193868
126.133,0.193868
126.4,0.181583
126.4,0.181583
126.4,0.181583
126.4,0.181583
126.667,0.204339
126.667,0.204339
126.667,0.204339
126.667,0.204339
126.933,0.229109
126.933,0.229109
126.933,0.229109
126.933,0.229109
127.2,0.214673
127.2,0.214673
127.2,0.214673
127.2,0.214673
127.467,0.183495
127.467,0.183495
127.467,0.183495
127.467,0.183495
127.733,0.163059
127.733,0.163059
127.733,0.163059
127.733,0.163059
128,0.157239
128,0.157239
128,0.157239
128,0.157239
128.267,0.149108
128.267,0.149108
128.267,0.149108
128.267,0.149108
128.533,0.129518
128.533,0.129518
128.533,0.129518
128.533,0.129518
128.8,0.114964
128.8,0.114964
128.8,0.114964
128.8,0.114964
129.067,0.110093
129.067,0.110093
129.067,0.110093
129.067,0.110093
129.333,0.106844
129.333,0.106844
129.333,0.106844
129.333,0.106844
129.6,0.0921257
129.6,0.0921257
129.6,0.0921257
129.6,0.0921257
129.867,0.0715993
129.867,0.0715993
129.867,0.0715993
129.867,0.0715993
130.133,0.054639
130.133,0.054639
130.133,0.054639
130.133,0.054639
130.4,0.0386309
130.4,0.0386309
130.4,0.0386309
130.4,0.0386309
130.667,0.0294454
130.667,0.0294454
130.667,0.0294454
130.667,0.0294454
130.933,0.0143661
130.933,0.0143661
130.933,0.0143661
130.933,0.0143661
131.2,0.00183789
131.2,0.00183789
131.2,0.00183789
131.2,0.00183789
131.467,0.00139899
131.467,0.00139899
131.467,0.00139899
131.467,0.00139899
131.733,0.000971848
131.733,0.000971848
131.733,0.000971848
131.733,0.000971848
132,0.0011717
132,0.0011717
132,0.0011717
132,0.0011717
132.267,0.000877798
132.267,0.000877798
132.267,0.000877798
132.267,0.000877798
132.533,0.00141858
132.533,0.00141858
132.533,0.00141858
132.533,0.00141858
132.8,0.000889554
132.8,0.000889554
132.8,0.000889554
132.8,0.000889554
133.067,0.000916985
133.067,0.000916985
133.067,0.000916985
133.067,0.000916985
133.333,0.00447912
133.333,0.00447912
133.333,0.00447912
133.333,0.00447912
133.6,0.0464449
133.6,0.0464449
133.6,0.0464449
133.6,0.0464449
133.867,0.0877053
133.867,0.0877053
133.867,0.0877053
133.867,0.0877053
134.133,0.13118
134.133,0.13118
134.133,0.13118
134.133,0.13118
134.4,0.177966
134.4,0.177966
134.4,0.177966
134.4,0.177966
134.667,0.209257
134.667,0.209257
134.667,0.209257
134.667,0.209257
134.933,0.22503
134.933,0.22503
134.933,0.22503
134.933,0.22503
135.2,0.220382
135.2,0.220382
135.2,0.220382
135.2,0.220382
135.467,0.195772
135.467,0.195772
135.467,0.195772
135.467,0.195772
135.733,0.165739
135.733,0.165739
135.733,0.165739
135.733,0.165739
136,0.135244
136,0.135244
136,0.135244
136,0.135244
136.267,0.0983722
136.267,0.0983722
136.267,0.0983722
136.267,0.0983722
136.533,0.0645142
136.533,0.0645142
136.533,0.0645142
136.533,0.0645142
136.8,0.0528677
136.8,0.0528677
136.8,0.0528677
136.8,0.0528677
137.067,0.0471346
137.067,0.0471346
137.067,0.0471346
137.067,0.0471346
137.333,0.0336777
137.333,0.0336777
137.333,0.0336777
137.333,0.0336777
137.6,0.02749
137.6,0.02749
137.6,0.02749
137.6,0.02749
137.867,0.0268708
137.867,0.0268708
137.867,0.0268708
137.867,0.0268708
138.133,0.0148795
138.133,0.0148795
138.133,0.0148795
138.133,0.0148795
138.4,0.00531381
138.4,0.00531381
138.4,0.00531381
138.4,0.00531381
138.667,0.00561947
138.667,0.00561947
138.667,0.00561947
138.667,0.00561947
138.933,0.00536476
138.933,0.00536476
138.933,0.00536476
138.933,0.00536476
139.2,0.00541962
139.2,0.00541962
139.2,0.00541962
139.2,0.00541962
139.467,0.00421265
139.467,0.00421265
139.467,0.00421265
139.467,0.00421265
139.733,0.00479262
139.733,0.00479262
139.733,0.00479262
139.733,0.00479262
140,0.00608972
140,0.00608972
140,0.00608972
140,0.00608972
140.267,0.0150754
140.267,0.0150754
140.267,0.0150754
140.267,0.0150754
140.533,0.024982
140.533,0.024982
140.533,0.024982
140.533,0.024982
140.8,0.0390071
140.8,0.0390071
140.8,0.0390071
140.8,0.0390071
141.067,0.0529344
141.067,0.0529344
141.067,0.0529344
141.067,0.0529344
141.333,0.0726574
141.333,0.0726574
141.333,0.0726574
141.333,0.0726574
141.6,0.110653
141.6,0.110653
141.6,0.110653
141.6,0.110653
141.867,0.13919
141.867,0.13919
141.867,0.13919
141.867,0.13919
142.133,0.162134
142.133,0.162134
142.133,0.162134
142.133,0.162134
142.4,0.174051
142.4,0.174051
142.4,0.174051
142.4,0.174051
142.667,0.184224
142.667,0.184224
142.667,0.184224
142.667,0.184224
142.933,0.190192
142.933,0.190192
142.933,0.190192
142.933,0.190192
143.2,0.192171
143.2,0.192171
143.2,0.192171
143.2,0.192171
143.467,0.193511
143.467,0.193511
143.467,0.193511
143.467,0.193511
143.733,0.214637
143.733,0.214637
143.733,0.214637
143.733,0.214637
144,0.206541
144,0.206541
144,0.206541
144,0.206541
144.267,0.197626
144.267,0.197626
144.267,0.197626
144.267,0.197626
144.533,0.179431
144.533,0.179431
144.533,0.179431
144.533,0.179431
144.8,0.148846
144.8,0.148846
144.8,0.148846
144.8,0.148846
145.067,0.125368
145.067,0.125368
145.067,0.125368
145.067,0.125368
145.333,0.10001
145.333,0.10001
145.333,0.10001
145.333,0.10001
145.6,0.0722067
145.6,0.0722067
145.6,0.0722067
145.6,0.0722067
145.867,0.0466761
145.867,0.0466761
145.867,0.0466761
145.867,0.0466761
146.133,0.0236927
146.133,0.0236927
146.133,0.0236927
146.133,0.0236927
146.4,0.0111214
146.4,0.0111214
146.4,0.0111214
146.4,0.0111214
146.667,0.00923255
146.667,0.00923255
146.667,0.00923255
146.667,0.00923255
146.933,0.00332701
146.933,0.00332701
146.933,0.00332701
146.933,0.00332701
147.2,2.35124e-05
147.2,2.35124e-05
147.2,2.35124e-05
147.2,2.35124e-05
147.467,0.00102279
147.467,0.00102279
147.467,0.00102279
147.467,0.00102279
147.733,0.0011913
147.733,0.0011913
147.733,0.0011913
147.733,0.0011913
148,0.00135588
148,0.00135588
148,0.00135588
148,0.00135588
148.267,0.00114427
148.267,0.00114427
148.267,0.00114427
148.267,0.00114427
148.533,0.00135197
148.533,0.00135197
148.533,0.00135197
148.533,0.00135197
148.8,0.00144602
148.8,0.00144602
148.8,0.00144602
148.8,0.00144602
149.067,0.00172425
149.067,0.00172425
149.067,0.00172425
149.067,0.00172425
149.333,0.00182221
149.333,0.00182221
149.333,0.00182221
149.333,0.00182221
149.6,0.00157925
149.6,0.00157925
149.6,0.00157925
149.6,0.00157925
149.867,0.00160277
149.867,0.00160277
149.867,0.00160277
149.867,0.00160277
150.133,0.00165371
150.133,0.00165371
150.133,0.00165371
150.133,0.00165371
150.4,0.00139507
150.4,0.00139507
150.4,0.00139507
150.4,0.00139507
150.667,0.00188883
150.667,0.00188883
150.667,0.00188883
150.667,0.00188883
150.933,0.00274312
150.933,0.00274312
150.933,0.00274312
150.933,0.00274312
151.2,0.0194918
151.2,0.0194918
151.2,0.0194918
151.2,0.0194918
151.467,0.0390424
151.467,0.0390424
151.467,0.0390424
151.467,0.0390424
151.733,0.0499052
151.733,0.0499052
151.733,0.0499052
151.733,0.0499052
152,0.0582874
152,0.0582874
152,0.0582874
152,0.0582874
152.267,0.0627234
152.267,0.0627234
152.267,0.0627234
152.267,0.0627234
152.533,0.0659446
152.533,0.0659446
152.533,0.0659446
152.533,0.0659446
152.8,0.064573
152.8,0.064573
152.8,0.064573
152.8,0.064573
153.067,0.0638285
153.067,0.0638285
153.067,0.0638285
153.067,0.0638285
153.333,0.0699926
153.333,0.0699926
153.333,0.0699926
153.333,0.0699926
153.6,0.0672809
153.6,0.0672809
153.6,0.0672809
153.6,0.0672809
153.867,0.0518058
153.867,0.0518058
153.867,0.0518058
153.867,0.0518058
154.133,0.0415465
154.133,0.0415465
154.133,0.0415465
154.133,0.0415465
154.4,0.0339324
154.4,0.0339324
154.4,0.0339324
154.4,0.0339324
154.667,0.0318476
154.667,0.0318476
154.667,0.0318476
154.667,0.0318476
154.933,0.0270746
154.933,0.0270746
154.933,0.0270746
154.933,0.0270746
155.2,0.0225719
155.2,0.0225719
155.2,0.0225719
155.2,0.0225719
155.467,0.0206126
155.467,0.0206126
155.467,0.0206126
155.467,0.0206126
155.733,0.0158004
155.733,0.0158004
155.733,0.0158004
155.733,0.0158004
156,0.013167
156,0.013167
156,0.013167
156,0.013167
156.267,0.00941673
156.267,0.00941673
156.267,0.00941673
156.267,0.00941673
156.533,0.00664227
156.533,0.00664227
156.533,0.00664227
156.533,0.00664227
156.8,0.00438899
156.8,0.00438899
156.8,0.00438899
156.8,0.00438899
157.067,0.00414995
157.067,0.00414995
157.067,0.00414995
157.067,0.00414995
157.333,0.00586244
157.333,0.00586244
157.333,0.00586244
157.333,0.00586244
157.6,0.00639539
157.6,0.00639539
157.6,0.00639539
157.6,0.00639539
157.867,0.00637187
157.867,0.00637187
157.867,0.00637187
157.867,0.00637187
158.133,0.0063366
158.133,0.0063366
158.133,0.0063366
158.133,0.0063366
158.4,0.00712427
158.4,0.00712427
158.4,0.00712427
158.4,0.00712427
158.667,0.00503558
158.667,0.00503558
158.667,0.00503558
158.667,0.00503558
158.933,0.0229638
158.933,0.0229638
158.933,0.0229638
158.933,0.0229638
159.2,0.0573978
159.2,0.0573978
159.2,0.0573978
159.2,0.0573978
159.467,0.0616144
159.467,0.0616144
159.467,0.0616144
159.467,0.0616144
159.733,0.0633935
159.733,0.0633935
159.733,0.0633935
159.733,0.0633935
160,0.0649766
160,0.0649766
160,0.0649766
160,0.0649766
160.267,0.0662385
160.267,0.0662385
160.267,0.0662385
160.267,0.0662385
160.533,0.068578
160.533,0.068578
160.533,0.068578
160.533,0.068578
160.8,0.052566
160.8,0.052566
160.8,0.052566
160.8,0.052566
161.067,0.0423851
161.067,0.0423851
161.067,0.0423851
161.067,0.0423851
161.333,0.0196995
161.333,0.0196995
161.333,0.0196995
161.333,0.0196995
161.6,0.00241003
161.6,0.00241003
161.6,0.00241003
161.6,0.00241003
161.867,0.00056038
161.867,0.00056038
161.867,0.00056038
161.867,0.00056038
162.133,0.00775519
162.133,0.00775519
162.133,0.00775519
162.133,0.00775519
162.4,0.0357663
162.4,0.0357663
162.4,0.0357663
162.4,0.0357663
162.667,0.0404453
162.667,0.0404453
162.667,0.0404453
162.667,0.0404453
162.933,0.0441093
162.933,0.0441093
162.933,0.0441093
162.933,0.0441093
163.2,0.0469622
163.2,0.0469622
163.2,0.0469622
163.2,0.0469622
163.467,0.0486864
163.467,0.0486864
163.467,0.0486864
163.467,0.0486864
163.733,0.049286
163.733,0.049286
163.733,0.049286
163.733,0.049286
164,0.0413976
164,0.0413976
164,0.0413976
164,0.0413976
164.267,0.0242884
164.267,0.0242884
164.267,0.0242884
164.267,0.0242884
164.533,0.0110156
164.533,0.0110156
164.533,0.0110156
164.533,0.0110156
164.8,0.00551367
164.8,0.00551367
164.8,0.00551367
164.8,0.00551367
165.067,0.00371497
165.067,0.00371497
165.067,0.00371497
165.067,0.00371497
165.333,0.00622688
165.333,0.00622688
165.333,0.00622688
165.333,0.00622688
165.6,0.00751615
165.6,0.00751615
165.6,0.00751615
165.6,0.00751615
165.867,0.00868785
165.867,0.00868785
165.867,0.00868785
165.867,0.00868785
166.133,0.00961267
166.133,0.00961267
166.133,0.00961267
166.133,0.00961267
166.4,0.0101691
166.4,0.0101691
166.4,0.0101691
166.4,0.0101691
166.667,0.0110861
166.667,0.0110861
166.667,0.0110861
166.667,0.0110861
166.933,0.010898
166.933,0.010898
166.933,0.010898
166.933,0.010898
167.2,0.017266
167.2,0.017266
167.2,0.017266
167.2,0.017266
167.467,0.0426908
167.467,0.0426908
167.467,0.0426908
167.467,0.0426908
167.733,0.0543529
167.733,0.0543529
167.733,0.0543529
167.733,0.0543529
168,0.0592279
168,0.0592279
168,0.0592279
168,0.0592279
168.267,0.0634248
168.267,0.0634248
168.267,0.0634248
168.267,0.0634248
168.533,0.0672534
168.533,0.0672534
168.533,0.0672534
168.533,0.0672534
168.8,0.0690952
168.8,0.0690952
168.8,0.0690952
168.8,0.0690952
169.067,0.0710154
169.067,0.0710154
169.067,0.0710154
169.067,0.0710154
169.333,0.0719442
169.333,0.0719442
169.333,0.0719442
169.333,0.0719442
169.6,0.0733706
169.6,0.0733706
169.6,0.0733706
169.6,0.0733706
169.867,0.0614537
169.867,0.0614537
169.867,0.0614537
169.867,0.0614537
170.133,0.0460805
170.133,0.0460805
170.133,0.0460805
170.133,0.0460805
170.4,0.0259852
170.4,0.0259852
170.4,0.0259852
170.4,0.0259852
170.667,0.0111371
170.667,0.0111371
170.667,0.0111371
170.667,0.0111371
170.933,0.00182221
170.933,0.00182221
170.933,0.00182221
170.933,0.00182221
171.2,0.00276271
171.2,0.00276271
171.2,0.00276271
171.2,0.00276271
171.467,0.00212004
171.467,0.00212004
171.467,0.00212004
171.467,0.00212004
171.733,0.00202991
171.733,0.00202991
171.733,0.00202991
171.733,0.00202991
172,0.00184573
172,0.00184573
172,0.00184573
172,0.00184573
172.267,0.00166546
172.267,0.00166546
172.267,0.00166546
172.267,0.00166546
172.533,0.00178695
172.533,0.00178695
172.533,0.00178695
172.533,0.00178695
172.8,0.0018183
172.8,0.0018183
172.8,0.0018183
172.8,0.0018183
173.067,0.00183397
173.067,0.00183397
173.067,0.00183397
173.067,0.00183397
173.333,0.00174776
173.333,0.00174776
173.333,0.00174776
173.333,0.00174776
173.6,0.00174776
173.6,0.00174776
173.6,0.00174776
173.6,0.00174776
173.867,0.00194761
173.867,0.00194761
173.867,0.00194761
173.867,0.00194761
174.133,0.00210045
174.133,0.00210045
174.133,0.00210045
174.133,0.00210045
174.4,0.00199856
174.4,0.00199856
174.4,0.00199856
174.4,0.00199856
174.667,0.00187708
174.667,0.00187708
174.667,0.00187708
174.667,0.00187708
174.933,0.00672456
174.933,0.00672456
174.933,0.00672456
174.933,0.00672456
175.2,0.0310795
175.2,0.0310795
175.2,0.0310795
175.2,0.0310795
175.467,0.0368087
175.467,0.0368087
175.467,0.0368087
175.467,0.0368087
175.733,0.0413349
175.733,0.0413349
175.733,0.0413349
175.733,0.0413349
176,0.0717404
176,0.0717404
176,0.0717404
176,0.0717404
176.267,0.100367
176.267,0.100367
176.267,0.100367
176.267,0.100367
176.533,0.1327
176.533,0.1327
176.533,0.1327
176.533,0.1327
176.8,0.141075
176.8,0.141075
176.8,0.141075
176.8,0.141075
177.067,0.146459
177.067,0.146459
177.067,0.146459
177.067,0.146459
177.333,0.142842
177.333,0.142842
177.333,0.142842
177.333,0.142842
177.6,0.13029
177.6,0.13029
177.6,0.13029
177.6,0.13029
177.867,0.120928
177.867,0.120928
177.867,0.120928
177.867,0.120928
178.133,0.120486
178.133,0.120486
178.133,0.120486
178.133,0.120486
178.4,0.123609
178.4,0.123609
178.4,0.123609
178.4,0.123609
178.667,0.111774
178.667,0.111774
178.667,0.111774
178.667,0.111774
178.933,0.10704
178.933,0.10704
178.933,0.10704
178.933,0.10704
179.2,0.093893
179.2,0.093893
179.2,0.093893
179.2,0.093893
179.467,0.0726299
179.467,0.0726299
179.467,0.0726299
179.467,0.0726299
179.733,0.0496975
179.733,0.0496975
179.733,0.0496975
179.733,0.0496975
180,0.0376003
180,0.0376003
180,0.0376003
180,0.0376003
180.267,0.0344497
180.267,0.0344497
180.267,0.0344497
180.267,0.0344497
180.533,0.0351903
180.533,0.0351903
180.533,0.0351903
180.533,0.0351903
180.8,0.035253
180.8,0.035253
180.8,0.035253
180.8,0.035253
181.067,0.0362523
181.067,0.0362523
181.067,0.0362523
181.067,0.0362523
181.333,0.0362405
181.333,0.0362405
181.333,0.0362405
181.333,0.0362405
181.6,0.0366716
181.6,0.0366716
181.6,0.0366716
181.6,0.0366716
181.867,0.0430435
181.867,0.0430435
181.867,0.0430435
181.867,0.0430435
182.133,0.0629585
182.133,0.0629585
182.133,0.0629585
182.133,0.0629585
182.4,0.0750165
182.4,0.0750165
182.4,0.0750165
182.4,0.0750165
182.667,0.0785277
182.667,0.0785277
182.667,0.0785277
182.667,0.0785277
182.933,0.0808515
182.933,0.0808515
182.933,0.0808515
182.933,0.0808515
183.2,0.0859889
183.2,0.0859889
183.2,0.0859889
183.2,0.0859889
183.467,0.0884813
183.467,0.0884813
183.467,0.0884813
183.467,0.0884813
183.733,0.0899116
183.733,0.0899116
183.733,0.0899116
183.733,0.0899116
184,0.0918514
184,0.0918514
184,0.0918514
184,0.0918514
184.267,0.0931171
184.267,0.0931171
184.267,0.0931171
184.267,0.0931171
184.533,0.0945004
184.533,0.0945004
184.533,0.0945004
184.533,0.0945004
184.8,0.0948218
184.8,0.0948218
184.8,0.0948218
184.8,0.0948218
185.067,0.0949119
185.067,0.0949119
185.067,0.0949119
185.067,0.0949119
185.333,0.0969771
185.333,0.0969771
185.333,0.0969771
185.333,0.0969771
185.6,0.0966048
185.6,0.0966048
185.6,0.0966048
185.6,0.0966048
185.867,0.0971887
185.867,0.0971887
185.867,0.0971887
185.867,0.0971887
186.133,0.0980665
186.133,0.0980665
186.133,0.0980665
186.133,0.0980665
186.4,0.0983565
186.4,0.0983565
186.4,0.0983565
186.4,0.0983565
186.667,0.0981801
186.667,0.0981801
186.667,0.0981801
186.667,0.0981801
186.933,0.0989325
186.933,0.0989325
186.933,0.0989325
186.933,0.0989325
187.2,0.0997555
187.2,0.0997555
187.2,0.0997555
187.2,0.0997555
187.467,0.0986112
187.467,0.0986112
187.467,0.0986112
187.467,0.0986112
187.733,0.0988267
187.733,0.0988267
187.733,0.0988267
187.733,0.0988267
188,0.099536
188,0.099536
188,0.099536
188,0.099536
188.267,0.100496
188.267,0.100496
188.267,0.100496
188.267,0.100496
188.533,0.0995047
188.533,0.0995047
188.533,0.0995047
188.533,0.0995047
188.8,0.0996536
188.8,0.0996536
188.8,0.0996536
188.8,0.0996536
189.067,0.100147
189.067,0.100147
189.067,0.100147
189.067,0.100147
189.333,0.101695
189.333,0.101695
189.333,0.101695
189.333,0.101695
189.6,0.102749
189.6,0.102749
189.6,0.102749
189.6,0.102749
189.867,0.103008
189.867,0.103008
189.867,0.103008
189.867,0.103008
190.133,0.102283
190.133,0.102283
190.133,0.102283
190.133,0.102283
190.4,0.102546
190.4,0.102546
190.4,0.102546
190.4,0.102546
190.667,0.100853
190.667,0.100853
190.667,0.100853
190.667,0.100853
190.933,0.101558
190.933,0.101558
190.933,0.101558
190.933,0.101558
191.2,0.102957
191.2,0.102957
191.2,0.102957
191.2,0.102957
191.467,0.104364
191.467,0.104364
191.467,0.104364
191.467,0.104364
191.733,0.104395
191.733,0.104395
191.733,0.104395
191.733,0.104395
192,0.106821
192,0.106821
192,0.106821
192,0.106821
192.267,0.109188
192.267,0.109188
192.267,0.109188
192.267,0.109188
192.533,0.108839
192.533,0.108839
192.533,0.108839
192.533,0.108839
192.8,0.110391
192.8,0.110391
192.8,0.110391
192.8,0.110391
193.067,0.107765
193.067,0.107765
193.067,0.107765
193.067,0.107765
193.333,0.10686
193.333,0.10686
193.333,0.10686
193.333,0.10686
193.6,0.105496
193.6,0.105496
193.6,0.105496
193.6,0.105496
193.867,0.10715
193.867,0.10715
193.867,0.10715
193.867,0.10715
194.133,0.106978
194.133,0.106978
194.133,0.106978
194.133,0.106978
194.4,0.105649
194.4,0.105649
194.4,0.105649
194.4,0.105649
194.667,0.104689
194.667,0.104689
194.667,0.104689
194.667,0.104689
194.933,0.106217
194.933,0.106217
194.933,0.106217
194.933,0.106217
195.2,0.10679
195.2,0.10679
195.2,0.10679
195.2,0.10679
195.467,0.110426
195.467,0.110426
195.467,0.110426
195.467,0.110426
195.733,0.109995
195.733,0.109995
195.733,0.109995
195.733,0.109995
196,0.111955
196,0.111955
196,0.111955
196,0.111955
196.267,0.116422
196.267,0.116422
196.267,0.116422
196.267,0.116422
196.533,0.127818
196.533,0.127818
196.533,0.127818
196.533,0.127818
196.8,0.13522
196.8,0.13522
196.8,0.13522
196.8,0.13522
197.067,0.141008
197.067,0.141008
197.067,0.141008
197.067,0.141008
197.333,0.146835
197.333,0.146835
197.333,0.146835
197.333,0.146835
197.6,0.157396
197.6,0.157396
197.6,0.157396
197.6,0.157396
197.867,0.164799
197.867,0.164799
197.867,0.164799
197.867,0.164799
198.133,0.173189
198.133,0.173189
198.133,0.173189
198.133,0.173189
198.4,0.180787
198.4,0.180787
198.4,0.180787
198.4,0.180787
198.667,0.18578
198.667,0.18578
198.667,0.18578
198.667,0.18578
198.933,0.196591
198.933,0.196591
198.933,0.196591
198.933,0.196591
199.2,0.205201
199.2,0.205201
199.2,0.205201
199.2,0.205201
199.467,0.230935
199.467,0.230935
199.467,0.230935
199.467,0.230935
199.733,0.254816
199.733,0.254816
199.733,0.254816
199.733,0.254816
200,0.271553
200,0.271553
200,0.271553
200,0.271553
200.267,0.280453
200.267,0.280453
200.267,0.280453
200.267,0.280453
200.533,0.287628
200.533,0.287628
200.533,0.287628
200.533,0.287628
200.8,0.301002
200.8,0.301002
200.8,0.301002
200.8,0.301002
201.067,0.308907
201.067,0.308907
201.067,0.308907
201.067,0.308907
201.333,0.316744
201.333,0.316744
201.333,0.316744
201.333,0.316744
201.6,0.322567
201.6,0.322567
201.6,0.322567
201.6,0.322567
201.867,0.323712
201.867,0.323712
201.867,0.323712
201.867,0.323712
202.133,0.315055
202.133,0.315055
202.133,0.315055
202.133,0.315055
202.4,0.3098
202.4,0.3098
202.4,0.3098
202.4,0.3098
202.667,0.31172
202.667,0.31172
202.667,0.31172
202.667,0.31172
202.933,0.314154
202.933,0.314154
202.933,0.314154
202.933,0.314154
203.2,0.312966
203.2,0.312966
203.2,0.312966
203.2,0.312966
203.467,0.313891
203.467,0.313891
203.467,0.313891
203.467,0.313891
203.733,0.314056
203.733,0.314056
203.733,0.314056
203.733,0.314056
204,0.322352
204,0.322352
204,0.322352
204,0.322352
204.267,0.33624
204.267,0.33624
204.267,0.33624
204.267,0.33624
204.533,0.347459
204.533,0.347459
204.533,0.347459
204.533,0.347459
204.8,0.352267
204.8,0.352267
204.8,0.352267
204.8,0.352267
205.067,0.353404
205.067,0.353404
205.067,0.353404
205.067,0.353404
205.333,0.355351
205.333,0.355351
205.333,0.355351
205.333,0.355351
205.6,0.361132
205.6,0.361132
205.6,0.361132
205.6,0.361132
205.867,0.355688
205.867,0.355688
205.867,0.355688
205.867,0.355688
206.133,0.363189
206.133,0.363189
206.133,0.363189
206.133,0.363189
206.4,0.366402
206.4,0.366402
206.4,0.366402
206.4,0.366402
206.667,0.368812
206.667,0.368812
206.667,0.368812
206.667,0.368812
206.933,0.366782
206.933,0.366782
206.933,0.366782
206.933,0.366782
207.2,0.358855
207.2,0.358855
207.2,0.358855
207.2,0.358855
207.467,0.354897
207.467,0.354897
207.467,0.354897
207.467,0.354897
207.733,0.348255
207.733,0.348255
207.733,0.348255
207.733,0.348255
208,0.348302
208,0.348302
208,0.348302
208,0.348302
208.267,0.347816
208.267,0.347816
208.267,0.347816
208.267,0.347816
208.533,0.350786
208.533,0.350786
208.533,0.350786
208.533,0.350786
208.8,0.354062
208.8,0.354062
208.8,0.354062
208.8,0.354062
209.067,0.353153
209.067,0.353153
209.067,0.353153
209.067,0.353153
209.333,0.355108
209.333,0.355108
209.333,0.355108
209.333,0.355108
209.6,0.360755
209.6,0.360755
209.6,0.360755
209.6,0.360755
209.867,0.36284
209.867,0.36284
209.867,0.36284
209.867,0.36284
210.133,0.366265
210.133,0.366265
210.133,0.366265
210.133,0.366265
210.4,0.36913
210.4,0.36913
210.4,0.36913
210.4,0.36913
210.667,0.368275
210.667,0.368275
210.667,0.368275
210.667,0.368275
210.933,0.37065
210.933,0.37065
210.933,0.37065
210.933,0.37065
211.2,0.36962
211.2,0.36962
211.2,0.36962
211.2,0.36962
211.467,0.370862
211.467,0.370862
211.467,0.370862
211.467,0.370862
211.733,0.371869
211.733,0.371869
211.733,0.371869
211.733,0.371869
212,0.376991
212,0.376991
212,0.376991
212,0.376991
212.267,0.378006
212.267,0.378006
212.267,0.378006
212.267,0.378006
212.533,0.382963
212.533,0.382963
212.533,0.382963
212.533,0.382963
212.8,0.391275
212.8,0.391275
212.8,0.391275
212.8,0.391275
213.067,0.397066
213.067,0.397066
213.067,0.397066
213.067,0.397066
213.333,0.401953
213.333,0.401953
213.333,0.401953
213.333,0.401953
213.6,0.407349
213.6,0.407349
213.6,0.407349
213.6,0.407349
213.867,0.411468
213.867,0.411468
213.867,0.411468
213.867,0.411468
214.133,0.409755
214.133,0.409755
214.133,0.409755
214.133,0.409755
214.4,0.411025
214.4,0.411025
214.4,0.411025
214.4,0.411025
214.667,0.411511
214.667,0.411511
214.667,0.411511
214.667,0.411511
214.933,0.413435
214.933,0.413435
214.933,0.413435
214.933,0.413435
215.2,0.415778
215.2,0.415778
215.2,0.415778
215.2,0.415778
215.467,0.416135
215.467,0.416135
215.467,0.416135
215.467,0.416135
215.733,0.412232
215.733,0.412232
215.733,0.412232
215.733,0.412232
216,0.413459
216,0.413459
216,0.413459
216,0.413459
216.267,0.413678
216.267,0.413678
216.267,0.413678
216.267,0.413678
216.533,0.41329
216.533,0.41329
216.533,0.41329
216.533,0.41329
216.8,0.414227
216.8,0.414227
216.8,0.414227
216.8,0.414227
217.067,0.414528
217.067,0.414528
217.067,0.414528
217.067,0.414528
217.333,0.412737
217.333,0.412737
217.333,0.412737
217.333,0.412737
217.6,0.414893
217.6,0.414893
217.6,0.414893
217.6,0.414893
217.867,0.416213
217.867,0.416213
217.867,0.416213
217.867,0.416213
218.133,0.419113
218.133,0.419113
218.133,0.419113
218.133,0.419113
218.4,0.420222
218.4,0.420222
218.4,0.420222
218.4,0.420222
218.667,0.419764
218.667,0.419764
218.667,0.419764
218.667,0.419764
218.933,0.419552
218.933,0.419552
218.933,0.419552
218.933,0.419552
219.2,0.407827
219.2,0.407827
219.2,0.407827
219.2,0.407827
219.467,0.408693
219.467,0.408693
219.467,0.408693
219.467,0.408693
219.733,0.409614
219.733,0.409614
219.733,0.409614
219.733,0.409614
220,0.408748
220,0.408748
220,0.408748
220,0.408748
220.267,0.408752
220.267,0.408752
220.267,0.408752
220.267,0.408752
220.533,0.408055
220.533,0.408055
220.533,0.408055
220.533,0.408055
220.8,0.400558
220.8,0.400558
220.8,0.400558
220.8,0.400558
221.067,0.401314
221.067,0.401314
221.067,0.401314
221.067,0.401314
221.333,0.400413
221.333,0.400413
221.333,0.400413
221.333,0.400413
221.6,0.400252
221.6,0.400252
221.6,0.400252
221.6,0.400252
221.867,0.4022
221.867,0.4022
221.867,0.4022
221.867,0.4022
222.133,0.402184
222.133,0.402184
222.133,0.402184
222.133,0.402184
222.4,0.401397
222.4,0.401397
222.4,0.401397
222.4,0.401397
222.667,0.404226
222.667,0.404226
222.667,0.404226
222.667,0.404226
222.933,0.405288
222.933,0.405288
222.933,0.405288
222.933,0.405288
223.2,0.404391
223.2,0.404391
223.2,0.404391
223.2,0.404391
223.467,0.402353
223.467,0.402353
223.467,0.402353
223.467,0.402353
223.733,0.403909
223.733,0.403909
223.733,0.403909
223.733,0.403909
224,0.401467
224,0.401467
224,0.401467
224,0.401467
224.267,0.403164
224.267,0.403164
224.267,0.403164
224.267,0.403164
224.533,0.406319
224.533,0.406319
224.533,0.406319
224.533,0.406319
224.8,0.410006
224.8,0.410006
224.8,0.410006
224.8,0.410006
225.067,0.41177
225.067,0.41177
225.067,0.41177
225.067,0.41177
225.333,0.412761
225.333,0.412761
225.333,0.412761
225.333,0.412761
225.6,0.413854
225.6,0.413854
225.6,0.413854
225.6,0.413854
225.867,0.408925
225.867,0.408925
225.867,0.408925
225.867,0.408925
226.133,0.40945
226.133,0.40945
226.133,0.40945
226.133,0.40945
226.4,0.410171
226.4,0.410171
226.4,0.410171
226.4,0.410171
226.667,0.41088
226.667,0.41088
226.667,0.41088
226.667,0.41088
226.933,0.412612
226.933,0.412612
226.933,0.412612
226.933,0.412612
227.2,0.414466
227.2,0.414466
227.2,0.414466
227.2,0.414466
227.467,0.411319
227.467,0.411319
227.467,0.411319
227.467,0.411319
227.733,0.413141
227.733,0.413141
227.733,0.413141
227.733,0.413141
228,0.414136
228,0.414136
228,0.414136
228,0.414136
228.267,0.414905
228.267,0.414905
228.267,0.414905
228.267,0.414905
228.533,0.415347
228.533,0.415347
228.533,0.415347
228.533,0.415347
228.8,0.416182
228.8,0.416182
228.8,0.416182
228.8,0.416182
229.067,0.418083
229.067,0.418083
229.067,0.418083
229.067,0.418083
229.333,0.419584
229.333,0.419584
229.333,0.419584
229.333,0.419584
229.6,0.419341
229.6,0.419341
229.6,0.419341
229.6,0.419341
229.867,0.419819
229.867,0.419819
229.867,0.419819
229.867,0.419819
230.133,0.42081
230.133,0.42081
230.133,0.42081
230.133,0.42081
230.4,0.420567
230.4,0.420567
230.4,0.420567
230.4,0.420567
230.667,0.416178
230.667,0.416178
230.667,0.416178
230.667,0.416178
230.933,0.418866
230.933,0.418866
230.933,0.418866
230.933,0.418866
231.2,0.417264
231.2,0.417264
231.2,0.417264
231.2,0.417264
231.467,0.413968
231.467,0.413968
231.467,0.413968
231.467,0.413968
231.733,0.412616
231.733,0.412616
231.733,0.412616
231.733,0.412616
232,0.41251
232,0.41251
232,0.41251
232,0.41251
232.267,0.412287
232.267,0.412287
232.267,0.412287
232.267,0.412287
232.533,0.411487
232.533,0.411487
232.533,0.411487
232.533,0.411487
232.8,0.411186
232.8,0.411186
232.8,0.411186
232.8,0.411186
233.067,0.4124
233.067,0.4124
233.067,0.4124
233.067,0.4124
233.333,0.41311
233.333,0.41311
233.333,0.41311
233.333,0.41311
233.6,0.413306
233.6,0.413306
233.6,0.413306
233.6,0.413306
233.867,0.413274
233.867,0.413274
233.867,0.413274
233.867,0.413274
234.133,0.410786
234.133,0.410786
234.133,0.410786
234.133,0.410786
234.4,0.411331
234.4,0.411331
234.4,0.411331
234.4,0.411331
234.667,0.411875
234.667,0.411875
234.667,0.411875
234.667,0.411875
234.933,0.411965
234.933,0.411965
234.933,0.411965
234.933,0.411965
235.2,0.412197
235.2,0.412197
235.2,0.412197
235.2,0.412197
235.467,0.412122
235.467,0.412122
235.467,0.412122
235.467,0.412122
235.733,0.408842
235.733,0.408842
235.733,0.408842
235.733,0.408842
236,0.410155
236,0.410155
236,0.410155
236,0.410155
236.267,0.411742
236.267,0.411742
236.267,0.411742
236.267,0.411742
236.533,0.415242
236.533,0.415242
236.533,0.415242
236.533,0.415242
236.8,0.417585
236.8,0.417585
236.8,0.417585
236.8,0.417585
237.067,0.419584
237.067,0.419584
237.067,0.419584
237.067,0.419584
237.333,0.417522
237.333,0.417522
237.333,0.417522
237.333,0.417522
237.6,0.416695
237.6,0.416695
237.6,0.416695
237.6,0.416695
237.867,0.416707
237.867,0.416707
237.867,0.416707
237.867,0.416707
238.133,0.414352
238.133,0.414352
238.133,0.414352
238.133,0.414352
238.4,0.414995
238.4,0.414995
238.4,0.414995
238.4,0.414995
238.667,0.41695
238.667,0.41695
238.667,0.41695
238.667,0.41695
238.933,0.419137
238.933,0.419137
238.933,0.419137
238.933,0.419137
239.2,0.419591
239.2,0.419591
239.2,0.419591
239.2,0.419591
239.467,0.419011
239.467,0.419011
239.467,0.419011
239.467,0.419011
239.733,0.414889
239.733,0.414889
239.733,0.414889
239.733,0.414889
240,0.412906
240,0.412906
240,0.412906
240,0.412906
240.267,0.412832
240.267,0.412832
240.267,0.412832
240.267,0.412832
240.533,0.41405
240.533,0.41405
240.533,0.41405
240.533,0.41405
240.8,0.414654
240.8,0.414654
240.8,0.414654
240.8,0.414654
241.067,0.415774
241.067,0.415774
241.067,0.415774
241.067,0.415774
241.333,0.4157
241.333,0.4157
241.333,0.4157
241.333,0.4157
241.6,0.417091
241.6,0.417091
241.6,0.417091
241.6,0.417091
241.867,0.414967
241.867,0.414967
241.867,0.414967
241.867,0.414967
242.133,0.415677
242.133,0.415677
242.133,0.415677
242.133,0.415677
242.4,0.415919
242.4,0.415919
242.4,0.415919
242.4,0.415919
242.667,0.415633
242.667,0.415633
242.667,0.415633
242.667,0.415633
242.933,0.411001
242.933,0.411001
242.933,0.411001
242.933,0.411001
243.2,0.41289
243.2,0.41289
243.2,0.41289
243.2,0.41289
243.467,0.414368
243.467,0.414368
243.467,0.414368
243.467,0.414368
243.733,0.415242
243.733,0.415242
243.733,0.415242
243.733,0.415242
244,0.415912
244,0.415912
244,0.415912
244,0.415912
244.267,0.41597
244.267,0.41597
244.267,0.41597
244.267,0.41597
244.533,0.415191
244.533,0.415191
244.533,0.415191
244.533,0.415191
244.8,0.41137
244.8,0.41137
244.8,0.41137
244.8,0.41137
245.067,0.410496
245.067,0.410496
245.067,0.410496
245.067,0.410496
245.333,0.415892
245.333,0.415892
245.333,0.415892
245.333,0.415892
245.6,0.418835
245.6,0.418835
245.6,0.418835
245.6,0.418835
245.867,0.421359
245.867,0.421359
245.867,0.421359
245.867,0.421359
246.133,0.420642
246.133,0.420642
246.133,0.420642
246.133,0.420642
246.4,0.417624
246.4,0.417624
246.4,0.417624
246.4,0.417624
246.667,0.41485
246.667,0.41485
246.667,0.41485
246.667,0.41485
246.933,0.416927
246.933,0.416927
246.933,0.416927
246.933,0.416927
247.2,0.418228
247.2,0.418228
247.2,0.418228
247.2,0.418228
247.467,0.419815
247.467,0.419815
247.467,0.419815
247.467,0.419815
247.733,0.419995
247.733,0.419995
247.733,0.419995
247.733,0.419995
248,0.417471
248,0.417471
248,0.417471
248,0.417471
248.267,0.4188
248.267,0.4188
248.267,0.4188
248.267,0.4188
248.533,0.4188
248.533,0.4188
248.533,0.4188
248.533,0.4188
248.8,0.418968
248.8,0.418968
248.8,0.418968
248.8,0.418968
249.067,0.418565
249.067,0.418565
249.067,0.418565
249.067,0.418565
249.333,0.418149
249.333,0.418149
249.333,0.418149
249.333,0.418149
249.6,0.414716
249.6,0.414716
249.6,0.414716
249.6,0.414716
249.867,0.414697
249.867,0.414697
249.867,0.414697
249.867,0.414697
250.133,0.414767
250.133,0.414767
250.133,0.414767
250.133,0.414767
250.4,0.413831
250.4,0.413831
250.4,0.413831
250.4,0.413831
250.667,0.413984
250.667,0.413984
250.667,0.413984
250.667,0.413984
250.933,0.41193
250.933,0.41193
250.933,0.41193
250.933,0.41193
251.2,0.408893
251.2,0.408893
251.2,0.408893
251.2,0.408893
251.467,0.403544
251.467,0.403544
251.467,0.403544
251.467,0.403544
251.733,0.405131
251.733,0.405131
251.733,0.405131
251.733,0.405131
252,0.413411
252,0.413411
252,0.413411
252,0.413411
252.267,0.419576
252.267,0.419576
252.267,0.419576
252.267,0.419576
252.533,0.424917
252.533,0.424917
252.533,0.424917
252.533,0.424917
252.8,0.427868
252.8,0.427868
252.8,0.427868
252.8,0.427868
253.067,0.427989
253.067,0.427989
253.067,0.427989
253.067,0.427989
253.333,0.431602
253.333,0.431602
253.333,0.431602
253.333,0.431602
253.6,0.433123
253.6,0.433123
253.6,0.433123
253.6,0.433123
253.867,0.432723
253.867,0.432723
253.867,0.432723
253.867,0.432723
254.133,0.434381
254.133,0.434381
254.133,0.434381
254.133,0.434381
254.4,0.435631
254.4,0.435631
254.4,0.435631
254.4,0.435631
254.667,0.441932
254.667,0.441932
254.667,0.441932
254.667,0.441932
254.933,0.443366
254.933,0.443366
254.933,0.443366
254.933,0.443366
255.2,0.444377
255.2,0.444377
255.2,0.444377
255.2,0.444377
255.467,0.445228
255.467,0.445228
255.467,0.445228
255.467,0.445228
255.733,0.44618
255.733,0.44618
255.733,0.44618
255.733,0.44618
256,0.446305
256,0.446305
256,0.446305
256,0.446305
256.267,0.441109
256.267,0.441109
256.267,0.441109
256.267,0.441109
256.533,0.441991
256.533,0.441991
256.533,0.441991
256.533,0.441991
256.8,0.444107
256.8,0.444107
256.8,0.444107
256.8,0.444107
257.067,0.444801
257.067,0.444801
257.067,0.444801
257.067,0.444801
257.333,0.445349
257.333,0.445349
257.333,0.445349
257.333,0.445349
257.6,0.444903
257.6,0.444903
257.6,0.444903
257.6,0.444903
257.867,0.444926
257.867,0.444926
257.867,0.444926
257.867,0.444926
258.133,0.443664
258.133,0.443664
258.133,0.443664
258.133,0.443664
258.4,0.443841
258.4,0.443841
258.4,0.443841
258.4,0.443841
258.667,0.44446
258.667,0.44446
258.667,0.44446
258.667,0.44446
258.933,0.445553
258.933,0.445553
258.933,0.445553
258.933,0.445553
259.2,0.444048
259.2,0.444048
259.2,0.444048
259.2,0.444048
259.467,0.441924
259.467,0.441924
259.467,0.441924
259.467,0.441924
259.733,0.435353
259.733,0.435353
259.733,0.435353
259.733,0.435353
260,0.434197
260,0.434197
260,0.434197
260,0.434197
260.267,0.440161
260.267,0.440161
260.267,0.440161
260.267,0.440161
260.533,0.442308
260.533,0.442308
260.533,0.442308
260.533,0.442308
260.8,0.443362
260.8,0.443362
260.8,0.443362
260.8,0.443362
261.067,0.44194
261.067,0.44194
261.067,0.44194
261.067,0.44194
261.333,0.438915
261.333,0.438915
261.333,0.438915
261.333,0.438915
261.6,0.440764
261.6,0.440764
261.6,0.440764
261.6,0.440764
261.867,0.439381
261.867,0.439381
261.867,0.439381
261.867,0.439381
262.133,0.440051
262.133,0.440051
262.133,0.440051
262.133,0.440051
262.4,0.441509
262.4,0.441509
262.4,0.441509
262.4,0.441509
262.667,0.440631
262.667,0.440631
262.667,0.440631
262.667,0.440631
262.933,0.437747
262.933,0.437747
262.933,0.437747
262.933,0.437747
263.2,0.440278
263.2,0.440278
263.2,0.440278
263.2,0.440278
263.467,0.441419
263.467,0.441419
263.467,0.441419
263.467,0.441419
263.733,0.441141
263.733,0.441141
263.733,0.441141
263.733,0.441141
264,0.438789
264,0.438789
264,0.438789
264,0.438789
264.267,0.440345
264.267,0.440345
264.267,0.440345
264.267,0.440345
264.533,0.442779
264.533,0.442779
264.533,0.442779
264.533,0.442779
264.8,0.438723
264.8,0.438723
264.8,0.438723
264.8,0.438723
265.067,0.439212
265.067,0.439212
265.067,0.439212
265.067,0.439212
265.333,0.43536
265.333,0.43536
265.333,0.43536
265.333,0.43536
265.6,0.432061
265.6,0.432061
265.6,0.432061
265.6,0.432061
265.867,0.437214
265.867,0.437214
265.867,0.437214
265.867,0.437214
266.133,0.439804
266.133,0.439804
266.133,0.439804
266.133,0.439804
266.4,0.437853
266.4,0.437853
266.4,0.437853
266.4,0.437853
266.667,0.438848
266.667,0.438848
266.667,0.438848
266.667,0.438848
266.933,0.439322
266.933,0.439322
266.933,0.439322
266.933,0.439322
267.2,0.439224
267.2,0.439224
267.2,0.439224
267.2,0.439224
267.467,0.439373
267.467,0.439373
267.467,0.439373
267.467,0.439373
267.733,0.439436
267.733,0.439436
267.733,0.439436
267.733,0.439436
268,0.435509
268,0.435509
268,0.435509
268,0.435509
268.267,0.428573
268.267,0.428573
268.267,0.428573
268.267,0.428573
268.533,0.428169
268.533,0.428169
268.533,0.428169
268.533,0.428169
268.8,0.432786
268.8,0.432786
268.8,0.432786
268.8,0.432786
269.067,0.43364
269.067,0.43364
269.067,0.43364
269.067,0.43364
269.333,0.434146
269.333,0.434146
269.333,0.434146
269.333,0.434146
269.6,0.433758
269.6,0.433758
269.6,0.433758
269.6,0.433758
269.867,0.43623
269.867,0.43623
269.867,0.43623
269.867,0.43623
270.133,0.437649
270.133,0.437649
270.133,0.437649
270.133,0.437649
270.4,0.437998
270.4,0.437998
270.4,0.437998
270.4,0.437998
270.667,0.438241
270.667,0.438241
270.667,0.438241
270.667,0.438241
270.933,0.435968
270.933,0.435968
270.933,0.435968
270.933,0.435968
271.2,0.435298
271.2,0.435298
271.2,0.435298
271.2,0.435298
271.467,0.433185
271.467,0.433185
271.467,0.433185
271.467,0.433185
271.733,0.432359
271.733,0.432359
271.733,0.432359
271.733,0.432359
272,0.433997
272,0.433997
272,0.433997
272,0.433997
272.267,0.436873
272.267,0.436873
272.267,0.436873
272.267,0.436873
272.533,0.439722
272.533,0.439722
272.533,0.439722
272.533,0.439722
272.8,0.43839
272.8,0.43839
272.8,0.43839
272.8,0.43839
273.067,0.435337
273.067,0.435337
273.067,0.435337
273.067,0.435337
273.333,0.437543
273.333,0.437543
273.333,0.437543
273.333,0.437543
273.6,0.439071
273.6,0.439071
273.6,0.439071
273.6,0.439071
273.867,0.438817
273.867,0.438817
273.867,0.438817
273.867,0.438817
274.133,0.440063
274.133,0.440063
274.133,0.440063
274.133,0.440063
274.4,0.437194
274.4,0.437194
274.4,0.437194
274.4,0.437194
274.667,0.435113
274.667,0.435113
274.667,0.435113
274.667,0.435113
274.933,0.438817
274.933,0.438817
274.933,0.438817
274.933,0.438817
275.2,0.440314
275.2,0.440314
275.2,0.440314
275.2,0.440314
275.467,0.440847
275.467,0.440847
275.467,0.440847
275.467,0.440847
275.733,0.440643
275.733,0.440643
275.733,0.440643
275.733,0.440643
276,0.441862
276,0.441862
276,0.441862
276,0.441862
276.267,0.442222
276.267,0.442222
276.267,0.442222
276.267,0.442222
276.533,0.448519
276.533,0.448519
276.533,0.448519
276.533,0.448519
276.8,0.452493
276.8,0.452493
276.8,0.452493
276.8,0.452493
277.067,0.452971
277.067,0.452971
277.067,0.452971
277.067,0.452971
277.333,0.451717
277.333,0.451717
277.333,0.451717
277.333,0.451717
277.6,0.454449
277.6,0.454449
277.6,0.454449
277.6,0.454449
277.867,0.459735
277.867,0.459735
277.867,0.459735
277.867,0.459735
278.133,0.469136
278.133,0.469136
278.133,0.469136
278.133,0.469136
278.4,0.473482
278.4,0.473482
278.4,0.473482
278.4,0.473482
278.667,0.467533
278.667,0.467533
278.667,0.467533
278.667,0.467533
278.933,0.464434
278.933,0.464434
278.933,0.464434
278.933,0.464434
279.2,0.45961
279.2,0.45961
279.2,0.45961
279.2,0.45961
279.467,0.45553
279.467,0.45553
279.467,0.45553
279.467,0.45553
279.733,0.448747
279.733,0.448747
279.733,0.448747
279.733,0.448747
280,0.445494
280,0.445494
280,0.445494
280,0.445494
280.267,0.449315
280.267,0.449315
280.267,0.449315
280.267,0.449315
280.533,0.448982
280.533,0.448982
280.533,0.448982
280.533,0.448982
280.8,0.44629
280.8,0.44629
280.8,0.44629
280.8,0.44629
281.067,0.442477
281.067,0.442477
281.067,0.442477
281.067,0.442477
281.333,0.432555
281.333,0.432555
281.333,0.432555
281.333,0.432555
281.6,0.419964
281.6,0.419964
281.6,0.419964
281.6,0.419964
281.867,0.409399
281.867,0.409399
281.867,0.409399
281.867,0.409399
282.133,0.40517
282.133,0.40517
282.133,0.40517
282.133,0.40517
282.4,0.4051
282.4,0.4051
282.4,0.4051
282.4,0.4051
282.667,0.391314
282.667,0.391314
282.667,0.391314
282.667,0.391314
282.933,0.369044
282.933,0.369044
282.933,0.369044
282.933,0.369044
283.2,0.366524
283.2,0.366524
283.2,0.366524
283.2,0.366524
283.467,0.363412
283.467,0.363412
283.467,0.363412
283.467,0.363412
283.733,0.363052
283.733,0.363052
283.733,0.363052
283.733,0.363052
284,0.366269
284,0.366269
284,0.366269
284,0.366269
284.267,0.357248
284.267,0.357248
284.267,0.357248
284.267,0.357248
284.533,0.352103
284.533,0.352103
284.533,0.352103
284.533,0.352103
284.8,0.347957
284.8,0.347957
284.8,0.347957
284.8,0.347957
285.067,0.346037
285.067,0.346037
285.067,0.346037
285.067,0.346037
285.333,0.343842
285.333,0.343842
285.333,0.343842
285.333,0.343842
285.6,0.336769
285.6,0.336769
285.6,0.336769
285.6,0.336769
285.867,0.329402
285.867,0.329402
285.867,0.329402
285.867,0.329402
286.133,0.325052
286.133,0.325052
286.133,0.325052
286.133,0.325052
286.4,0.325953
286.4,0.325953
286.4,0.325953
286.4,0.325953
286.667,0.334582
286.667,0.334582
286.667,0.334582
286.667,0.334582
286.933,0.340758
286.933,0.340758
286.933,0.340758
286.933,0.340758
287.2,0.337439
287.2,0.337439
287.2,0.337439
287.2,0.337439
287.467,0.336926
287.467,0.336926
287.467,0.336926
287.467,0.336926
287.733,0.337721
287.733,0.337721
287.733,0.337721
287.733,0.337721
288,0.319609
288,0.319609
288,0.319609
288,0.319609
288.267,0.299564
288.267,0.299564
288.267,0.299564
288.267,0.299564
288.533,0.280206
288.533,0.280206
288.533,0.280206
288.533,0.280206
288.8,0.2695
288.8,0.2695
288.8,0.2695
288.8,0.2695
289.067,0.260443
289.067,0.260443
289.067,0.260443
289.067,0.260443
289.333,0.261893
289.333,0.261893
289.333,0.261893
289.333,0.261893
289.6,0.265083
289.6,0.265083
289.6,0.265083
289.6,0.265083
289.867,0.275331
289.867,0.275331
289.867,0.275331
289.867,0.275331
290.133,0.276252
290.133,0.276252
290.133,0.276252
290.133,0.276252
290.4,0.274547
290.4,0.274547
290.4,0.274547
290.4,0.274547
290.667,0.273548
290.667,0.273548
290.667,0.273548
290.667,0.273548
290.933,0.278325
290.933,0.278325
290.933,0.278325
290.933,0.278325
291.2,0.279442
291.2,0.279442
291.2,0.279442
291.2,0.279442
291.467,0.273583
291.467,0.273583
291.467,0.273583
291.467,0.273583
291.733,0.27093
291.733,0.27093
291.733,0.27093
291.733,0.27093
292,0.269143
292,0.269143
292,0.269143
292,0.269143
292.267,0.26408
292.267,0.26408
292.267,0.26408
292.267,0.26408
292.533,0.258355
292.533,0.258355
292.533,0.258355
292.533,0.258355
292.8,0.247888
292.8,0.247888
292.8,0.247888
292.8,0.247888
293.067,0.245113
293.067,0.245113
293.067,0.245113
293.067,0.245113
293.333,0.237288
293.333,0.237288
293.333,0.237288
293.333,0.237288
293.6,0.235407
293.6,0.235407
293.6,0.235407
293.6,0.235407
293.867,0.241681
293.867,0.241681
293.867,0.241681
293.867,0.241681
294.133,0.253194
294.133,0.253194
294.133,0.253194
294.133,0.253194
294.4,0.26995
294.4,0.26995
294.4,0.26995
294.4,0.26995
294.667,0.272035
294.667,0.272035
294.667,0.272035
294.667,0.272035
294.933,0.27392
294.933,0.27392
294.933,0.27392
294.933,0.27392
295.2,0.290931
295.2,0.290931
295.2,0.290931
295.2,0.290931
295.467,0.302805
295.467,0.302805
295.467,0.302805
295.467,0.302805
295.733,0.310976
295.733,0.310976
295.733,0.310976
295.733,0.310976
296,0.313307
296,0.313307
296,0.313307
296,0.313307
296.267,0.300399
296.267,0.300399
296.267,0.300399
296.267,0.300399
296.533,0.30835
296.533,0.30835
296.533,0.30835
296.533,0.30835
296.8,0.313233
296.8,0.313233
296.8,0.313233
296.8,0.313233
297.067,0.315043
297.067,0.315043
297.067,0.315043
297.067,0.315043
297.333,0.316909
297.333,0.316909
297.333,0.316909
297.333,0.316909
297.6,0.288435
297.6,0.288435
297.6,0.288435
297.6,0.288435
297.867,0.269167
297.867,0.269167
297.867,0.269167
297.867,0.269167
298.133,0.27169
298.133,0.27169
298.133,0.27169
298.133,0.27169
298.4,0.270569
298.4,0.270569
298.4,0.270569
298.4,0.270569
298.667,0.25571
298.667,0.25571
298.667,0.25571
298.667,0.25571
298.933,0.251842
298.933,0.251842
298.933,0.251842
298.933,0.251842
299.2,0.249542
299.2,0.249542
299.2,0.249542
299.2,0.249542
299.467,0.247363
299.467,0.247363
299.467,0.247363
299.467,0.247363
299.733,0.249224
299.733,0.249224
299.733,0.249224
299.733,0.249224
300,0.252696
300,0.252696
300,0.252696
300,0.252696
300.267,0.262838
300.267,0.262838
300.267,0.262838
300.267,0.262838
300.533,0.258327
300.533,0.258327
300.533,0.258327
300.533,0.258327
300.8,0.262869
300.8,0.262869
300.8,0.262869
300.8,0.262869
301.067,0.277811
301.067,0.277811
301.067,0.277811
301.067,0.277811
301.333,0.277466
301.333,0.277466
301.333,0.277466
301.333,0.277466
301.6,0.292761
301.6,0.292761
301.6,0.292761
301.6,0.292761
301.867,0.302793
301.867,0.302793
301.867,0.302793
301.867,0.302793
302.133,0.312861
302.133,0.312861
302.133,0.312861
302.133,0.312861
302.4,0.308981
302.4,0.308981
302.4,0.308981
302.4,0.308981
302.667,0.305372
302.667,0.305372
302.667,0.305372
302.667,0.305372
302.933,0.305646
302.933,0.305646
302.933,0.305646
302.933,0.305646
303.2,0.297526
303.2,0.297526
303.2,0.297526
303.2,0.297526
303.467,0.286895
303.467,0.286895
303.467,0.286895
303.467,0.286895
303.733,0.295583
303.733,0.295583
303.733,0.295583
303.733,0.295583
304,0.310733
304,0.310733
304,0.310733
304,0.310733
304.267,0.329057
304.267,0.329057
304.267,0.329057
304.267,0.329057
304.533,0.338681
304.533,0.338681
304.533,0.338681
304.533,0.338681
304.8,0.339234
304.8,0.339234
304.8,0.339234
304.8,0.339234
305.067,0.338787
305.067,0.338787
305.067,0.338787
305.067,0.338787
305.333,0.327148
305.333,0.327148
305.333,0.327148
305.333,0.327148
305.6,0.323182
305.6,0.323182
305.6,0.323182
305.6,0.323182
305.867,0.330589
305.867,0.330589
305.867,0.330589
305.867,0.330589
306.133,0.328481
306.133,0.328481
306.133,0.328481
306.133,0.328481
306.4,0.309945
306.4,0.309945
306.4,0.309945
306.4,0.309945
306.667,0.295203
306.667,0.295203
306.667,0.295203
306.667,0.295203
306.933,0.288556
306.933,0.288556
306.933,0.288556
306.933,0.288556
307.2,0.275448
307.2,0.275448
307.2,0.275448
307.2,0.275448
307.467,0.263245
307.467,0.263245
307.467,0.263245
307.467,0.263245
307.733,0.249976
307.733,0.249976
307.733,0.249976
307.733,0.249976
308,0.230802
308,0.230802
308,0.230802
308,0.230802
308.267,0.221856
308.267,0.221856
308.267,0.221856
308.267,0.221856
308.533,0.226178
308.533,0.226178
308.533,0.226178
308.533,0.226178
308.8,0.247018
308.8,0.247018
308.8,0.247018
308.8,0.247018
309.067,0.248625
309.067,0.248625
309.067,0.248625
309.067,0.248625
309.333,0.240912
309.333,0.240912
309.333,0.240912
309.333,0.240912
309.6,0.249534
309.6,0.249534
309.6,0.249534
309.6,0.249534
309.867,0.263183
309.867,0.263183
309.867,0.263183
309.867,0.263183
310.133,0.255733
310.133,0.255733
310.133,0.255733
310.133,0.255733
310.4,0.243534
310.4,0.243534
310.4,0.243534
310.4,0.243534
310.667,0.227005
310.667,0.227005
310.667,0.227005
310.667,0.227005
310.933,0.217843
310.933,0.217843
310.933,0.217843
310.933,0.217843
311.2,0.196458
311.2,0.196458
311.2,0.196458
311.2,0.196458
311.467,0.177915
311.467,0.177915
311.467,0.177915
311.467,0.177915
311.733,0.16733
311.733,0.16733
311.733,0.16733
311.733,0.16733
312,0.162095
312,0.162095
312,0.162095
312,0.162095
312.267,0.164681
312.267,0.164681
312.267,0.164681
312.267,0.164681
312.533,0.172816
312.533,0.172816
312.533,0.172816
312.533,0.172816
312.8,0.168228
312.8,0.168228
312.8,0.168228
312.8,0.168228
313.067,0.153348
313.067,0.153348
313.067,0.153348
313.067,0.153348
313.333,0.160672
313.333,0.160672
313.333,0.160672
313.333,0.160672
313.6,0.169768
313.6,0.169768
313.6,0.169768
313.6,0.169768
313.867,0.177394
313.867,0.177394
313.867,0.177394
313.867,0.177394
314.133,0.189628
314.133,0.189628
314.133,0.189628
314.133,0.189628
314.4,0.21932
314.4,0.21932
314.4,0.21932
314.4,0.21932
314.667,0.238263
314.667,0.238263
314.667,0.238263
314.667,0.238263
314.933,0.240771
314.933,0.240771
314.933,0.240771
314.933,0.240771
315.2,0.23719
315.2,0.23719
315.2,0.23719
315.2,0.23719
315.467,0.232977
315.467,0.232977
315.467,0.232977
315.467,0.232977
315.733,0.221922
315.733,0.221922
315.733,0.221922
315.733,0.221922
316,0.205726
316,0.205726
316,0.205726
316,0.205726
316.267,0.20234
316.267,0.20234
316.267,0.20234
316.267,0.20234
316.533,0.19279
316.533,0.19279
316.533,0.19279
316.533,0.19279
316.8,0.17052
316.8,0.17052
316.8,0.17052
316.8,0.17052
317.067,0.147086
317.067,0.147086
317.067,0.147086
317.067,0.147086
317.333,0.130404
317.333,0.130404
317.333,0.130404
317.333,0.130404
317.6,0.1146
317.6,0.1146
317.6,0.1146
317.6,0.1146
317.867,0.0988698
317.867,0.0988698
317.867,0.0988698
317.867,0.0988698
318.133,0.0751967
318.133,0.0751967
318.133,0.0751967
318.133,0.0751967
318.4,0.0571352
318.4,0.0571352
318.4,0.0571352
318.4,0.0571352
318.667,0.0351198
318.667,0.0351198
318.667,0.0351198
318.667,0.0351198
318.933,0.0148285
318.933,0.0148285
318.933,0.0148285
318.933,0.0148285
319.2,0.00813531
319.2,0.00813531
319.2,0.00813531
319.2,0.00813531
319.467,0.0010659
319.467,0.0010659
319.467,0.0010659
319.467,0.0010659
319.733,0.00107374
319.733,0.00107374
319.733,0.00107374
319.733,0.00107374
320,0.000889554
320,0.000889554
320,0.000889554
320,0.000889554
320.267,0.000728886
320.267,0.000728886
320.267,0.000728886
320.267,0.000728886
320.533,0.000693617
320.533,0.000693617
320.533,0.000693617
320.533,0.000693617
320.8,0.000815098
320.8,0.000815098
320.8,0.000815098
320.8,0.000815098
321.067,0.000948335
321.067,0.000948335
321.067,0.000948335
321.067,0.000948335
321.333,0.00163803
321.333,0.00163803
321.333,0.00163803
321.333,0.00163803
321.6,0.00158709
321.6,0.00158709
321.6,0.00158709
321.6,0.00158709
321.867,0.0015675
321.867,0.0015675
321.867,0.0015675
321.867,0.0015675
322.133,0.00155966
322.133,0.00155966
322.133,0.00155966
322.133,0.00155966
322.4,0.00200248
322.4,0.00200248
322.4,0.00200248
322.4,0.00200248
322.667,0.00216706
322.667,0.00216706
322.667,0.00216706
322.667,0.00216706
322.933,0.00239827
322.933,0.00239827
322.933,0.00239827
322.933,0.00239827
323.2,0.0025511
323.2,0.0025511
323.2,0.0025511
323.2,0.0025511
323.467,0.00256678
323.467,0.00256678
323.467,0.00256678
323.467,0.00256678
323.733,0.00277055
323.733,0.00277055
323.733,0.00277055
323.733,0.00277055
324,0.00324472
324,0.00324472
324,0.00324472
324,0.00324472
324.267,0.00311148
324.267,0.00311148
324.267,0.00311148
324.267,0.00311148
324.533,0.00308405
324.533,0.00308405
324.533,0.00308405
324.533,0.00308405
324.8,0.00302527
324.8,0.00302527
324.8,0.00302527
324.8,0.00302527
325.067,0.00268042
325.067,0.00268042
325.067,0.00268042
325.067,0.00268042
325.333,0.00265691
325.333,0.00265691
325.333,0.00265691
325.333,0.00265691
325.6,0.00260204
325.6,0.00260204
325.6,0.00260204
325.6,0.00260204
325.867,0.00251583
325.867,0.00251583
325.867,0.00251583
325.867,0.00251583
326.133,0.00250799
326.133,0.00250799
326.133,0.00250799
326.133,0.00250799
326.4,0.00196721
326.4,0.00196721
326.4,0.00196721
326.4,0.00196721
326.667,0.001881
326.667,0.001881
326.667,0.001881
326.667,0.001881
326.933,0.00184965
326.933,0.00184965
326.933,0.00184965
326.933,0.00184965
327.2,0.00208477
327.2,0.00208477
327.2,0.00208477
327.2,0.00208477
327.467,0.00190451
327.467,0.00190451
327.467,0.00190451
327.467,0.00190451
327.733,0.00976942
327.733,0.00976942
327.733,0.00976942
327.733,0.00976942
328,0.0352648
328,0.0352648
328,0.0352648
328,0.0352648
328.267,0.0405825
328.267,0.0405825
328.267,0.0405825
328.267,0.0405825
328.533,0.0720931
328.533,0.0720931
328.533,0.0720931
328.533,0.0720931
328.8,0.0964637
328.8,0.0964637
328.8,0.0964637
328.8,0.0964637
329.067,0.0974081
329.067,0.0974081
329.067,0.0974081
329.067,0.0974081
329.333,0.100684
329.333,0.100684
329.333,0.100684
329.333,0.100684
329.6,0.103063
329.6,0.103063
329.6,0.103063
329.6,0.103063
329.867,0.0912165
329.867,0.0912165
329.867,0.0912165
329.867,0.0912165
330.133,0.0783121
330.133,0.0783121
330.133,0.0783121
330.133,0.0783121
330.4,0.0726221
330.4,0.0726221
330.4,0.0726221
330.4,0.0726221
330.667,0.0662973
330.667,0.0662973
330.667,0.0662973
330.667,0.0662973
330.933,0.0451478
330.933,0.0451478
330.933,0.0451478
330.933,0.0451478
331.2,0.0522015
331.2,0.0522015
331.2,0.0522015
331.2,0.0522015
331.467,0.0592435
331.467,0.0592435
331.467,0.0592435
331.467,0.0592435
331.733,0.0717326
331.733,0.0717326
331.733,0.0717326
331.733,0.0717326
332,0.0787118
332,0.0787118
332,0.0787118
332,0.0787118
332.267,0.0818703
332.267,0.0818703
332.267,0.0818703
332.267,0.0818703
332.533,0.0815137
332.533,0.0815137
332.533,0.0815137
332.533,0.0815137
332.8,0.0855735
332.8,0.0855735
332.8,0.0855735
332.8,0.0855735
333.067,0.0852169
333.067,0.0852169
333.067,0.0852169
333.067,0.0852169
333.333,0.0764233
333.333,0.0764233
333.333,0.0764233
333.333,0.0764233
333.6,0.0665716
333.6,0.0665716
333.6,0.0665716
333.6,0.0665716
333.867,0.0555677
333.867,0.0555677
333.867,0.0555677
333.867,0.0555677
334.133,0.0299196
334.133,0.0299196
334.133,0.0299196
334.133,0.0299196
334.4,0.0139586
334.4,0.0139586
334.4,0.0139586
334.4,0.0139586
334.667,0.0108902
334.667,0.0108902
334.667,0.0108902
334.667,0.0108902
334.933,0.00657173
334.933,0.00657173
334.933,0.00657173
334.933,0.00657173
335.2,0.00793937
335.2,0.00793937
335.2,0.00793937
335.2,0.00793937
335.467,0.00906013
335.467,0.00906013
335.467,0.00906013
335.467,0.00906013
335.733,0.00922472
335.733,0.00922472
335.733,0.00922472
335.733,0.00922472
336,0.00997711
336,0.00997711
336,0.00997711
336,0.00997711
336.267,0.0108118
336.267,0.0108118
336.267,0.0108118
336.267,0.0108118
336.533,0.0137783
336.533,0.0137783
336.533,0.0137783
336.533,0.0137783
336.8,0.0228384
336.8,0.0228384
336.8,0.0228384
336.8,0.0228384
337.067,0.0262987
337.067,0.0262987
337.067,0.0262987
337.067,0.0262987
337.333,0.0355195
337.333,0.0355195
337.333,0.0355195
337.333,0.0355195
337.6,0.0530088
337.6,0.0530088
337.6,0.0530088
337.6,0.0530088
337.867,0.0770033
337.867,0.0770033
337.867,0.0770033
337.867,0.0770033
338.133,0.0973611
338.133,0.0973611
338.133,0.0973611
338.133,0.0973611
338.4,0.103173
338.4,0.103173
338.4,0.103173
338.4,0.103173
338.667,0.0971809
338.667,0.0971809
338.667,0.0971809
338.667,0.0971809
338.933,0.0879953
338.933,0.0879953
338.933,0.0879953
338.933,0.0879953
339.2,0.0830224
339.2,0.0830224
339.2,0.0830224
339.2,0.0830224
339.467,0.0747069
339.467,0.0747069
339.467,0.0747069
339.467,0.0747069
339.733,0.0675944
339.733,0.0675944
339.733,0.0675944
339.733,0.0675944
340,0.0572842
340,0.0572842
340,0.0572842
340,0.0572842
340.267,0.0465194
340.267,0.0465194
340.267,0.0465194
340.267,0.0465194
340.533,0.0421892
340.533,0.0421892
340.533,0.0421892
340.533,0.0421892
340.8,0.0348807
340.8,0.0348807
340.8,0.0348807
340.8,0.0348807
341.067,0.0207223
341.067,0.0207223
341.067,0.0207223
341.067,0.0207223
341.333,0.00511788
341.333,0.00511788
341.333,0.00511788
341.333,0.00511788
341.6,0.00116778
341.6,0.00116778
341.6,0.00116778
341.6,0.00116778
341.867,0.00140683
341.867,0.00140683
341.867,0.00140683
341.867,0.00140683
342.133,0.00174384
342.133,0.00174384
342.133,0.00174384
342.133,0.00174384
342.4,0.00275096
342.4,0.00275096
342.4,0.00275096
342.4,0.00275096
342.667,0.00284501
342.667,0.00284501
342.667,0.00284501
342.667,0.00284501
342.933,0.00265299
342.933,0.00265299
342.933,0.00265299
342.933,0.00265299
343.2,0.00270001
343.2,0.00270001
343.2,0.00270001
343.2,0.00270001
343.467,0.00248056
343.467,0.00248056
343.467,0.00248056
343.467,0.00248056
343.733,0.00244138
343.733,0.00244138
343.733,0.00244138
343.733,0.00244138
344,0.00265299
344,0.00265299
344,0.00265299
344,0.00265299
344.267,0.00257853
344.267,0.00257853
344.267,0.00257853
344.267,0.00257853
344.533,0.00235908
344.533,0.00235908
344.533,0.00235908
344.533,0.00235908
344.8,0.00257069
344.8,0.00257069
344.8,0.00257069
344.8,0.00257069
345.067,0.00263339
345.067,0.00263339
345.067,0.00263339
345.067,0.00263339
345.333,0.00251975
345.333,0.00251975
345.333,0.00251975
345.333,0.00251975
345.6,0.00295865
345.6,0.00295865
345.6,0.00295865
345.6,0.00295865
345.867,0.00285676
345.867,0.00285676
345.867,0.00285676
345.867,0.00285676
346.133,0.00287636
346.133,0.00287636
346.133,0.00287636
346.133,0.00287636
346.4,0.00239827
346.4,0.00239827
346.4,0.00239827
346.4,0.00239827
346.667,0.00239043
346.667,0.00239043
346.667,0.00239043
346.667,0.00239043
346.933,0.00251975
346.933,0.00251975
346.933,0.00251975
346.933,0.00251975
347.2,0.00245313
347.2,0.00245313
347.2,0.00245313
347.2,0.00245313
347.467,0.00248056
347.467,0.00248056
347.467,0.00248056
347.467,0.00248056
347.733,0.00246489
347.733,0.00246489
347.733,0.00246489
347.733,0.00246489
348,0.00256678
348,0.00256678
348,0.00256678
348,0.00256678
348.267,0.00221017
348.267,0.00221017
348.267,0.00221017
348.267,0.00221017
348.533,0.00228071
348.533,0.00228071
348.533,0.00228071
348.533,0.00228071
348.8,0.00208085
348.8,0.00208085
348.8,0.00208085
348.8,0.00208085
349.067,0.00199072
349.067,0.00199072
349.067,0.00199072
349.067,0.00199072
349.333,0.00204558
349.333,0.00204558
349.333,0.00204558
349.333,0.00204558
349.6,0.00231206
349.6,0.00231206
349.6,0.00231206
349.6,0.00231206
349.867,0.00222976
349.867,0.00222976
349.867,0.00222976
349.867,0.00222976
350.133,0.00229246
350.133,0.00229246
350.133,0.00229246
350.133,0.00229246
350.4,0.00247273
350.4,0.00247273
350.4,0.00247273
350.4,0.00247273
350.667,0.0353941
350.667,0.0353941
350.667,0.0353941
350.667,0.0353941
350.933,0.0516529
350.933,0.0516529
350.933,0.0516529
350.933,0.0516529
351.2,0.0553796
351.2,0.0553796
351.2,0.0553796
351.2,0.0553796
351.467,0.0568688
351.467,0.0568688
351.467,0.0568688
351.467,0.0568688
351.733,0.0581384
351.733,0.0581384
351.733,0.0581384
351.733,0.0581384
352,0.0592984
352,0.0592984
352,0.0592984
352,0.0592984
352.267,0.0603212
352.267,0.0603212
352.267,0.0603212
352.267,0.0603212
352.533,0.0631113
352.533,0.0631113
352.533,0.0631113
352.533,0.0631113
352.8,0.0881482
352.8,0.0881482
352.8,0.0881482
352.8,0.0881482
353.067,0.100688
353.067,0.100688
353.067,0.100688
353.067,0.100688
353.333,0.10559
353.333,0.10559
353.333,0.10559
353.333,0.10559
353.6,0.108486
353.6,0.108486
353.6,0.108486
353.6,0.108486
353.867,0.110077
353.867,0.110077
353.867,0.110077
353.867,0.110077
354.133,0.112903
354.133,0.112903
354.133,0.112903
354.133,0.112903
354.4,0.111621
354.4,0.111621
354.4,0.111621
354.4,0.111621
354.667,0.111845
354.667,0.111845
354.667,0.111845
354.667,0.111845
354.933,0.112515
354.933,0.112515
354.933,0.112515
354.933,0.112515
355.2,0.116359
355.2,0.116359
355.2,0.116359
355.2,0.116359
355.467,0.137434
355.467,0.137434
355.467,0.137434
355.467,0.137434
355.733,0.145162
355.733,0.145162
355.733,0.145162
355.733,0.145162
356,0.145695
356,0.145695
356,0.145695
356,0.145695
356.267,0.148462
356.267,0.148462
356.267,0.148462
356.267,0.148462
356.533,0.147964
356.533,0.147964
356.533,0.147964
356.533,0.147964
356.8,0.15787
356.8,0.15787
356.8,0.15787
356.8,0.15787
357.067,0.179909
357.067,0.179909
357.067,0.179909
357.067,0.179909
357.333,0.190827
357.333,0.190827
357.333,0.190827
357.333,0.190827
357.6,0.194616
357.6,0.194616
357.6,0.194616
357.6,0.194616
357.867,0.194871
357.867,0.194871
357.867,0.194871
357.867,0.194871
358.133,0.197458
358.133,0.197458
358.133,0.197458
358.133,0.197458
358.4,0.198359
358.4,0.198359
358.4,0.198359
358.4,0.198359
358.667,0.197869
358.667,0.197869
358.667,0.197869
358.667,0.197869
358.933,0.197168
358.933,0.197168
358.933,0.197168
358.933,0.197168
359.2,0.210476
359.2,0.210476
359.2,0.210476
359.2,0.210476
359.467,0.22414
359.467,0.22414
359.467,0.22414
359.467,0.22414
359.733,0.232515
359.733,0.232515
359.733,0.232515
359.733,0.232515
360,0.232099
360,0.232099
360,0.232099
360,0.232099
360.267,0.234254
360.267,0.234254
360.267,0.234254
360.267,0.234254
360.533,0.23641
360.533,0.23641
360.533,0.23641
360.533,0.23641
360.8,0.239255
360.8,0.239255
360.8,0.239255
360.8,0.239255
361.067,0.247625
361.067,0.247625
361.067,0.247625
361.067,0.247625
361.333,0.267462
361.333,0.267462
361.333,0.267462
361.333,0.267462
361.6,0.279496
361.6,0.279496
361.6,0.279496
361.6,0.279496
361.867,0.282412
361.867,0.282412
361.867,0.282412
361.867,0.282412
362.133,0.290402
362.133,0.290402
362.133,0.290402
362.133,0.290402
362.4,0.302292
362.4,0.302292
362.4,0.302292
362.4,0.302292
362.667,0.310529
362.667,0.310529
362.667,0.310529
362.667,0.310529
362.933,0.31493
362.933,0.31493
362.933,0.31493
362.933,0.31493
363.2,0.31772
363.2,0.31772
363.2,0.31772
363.2,0.31772
363.467,0.31576
363.467,0.31576
363.467,0.31576
363.467,0.31576
363.733,0.314001
363.733,0.314001
363.733,0.314001
363.733,0.314001
364,0.309451
364,0.309451
364,0.309451
364,0.309451
364.267,0.30259
364.267,0.30259
364.267,0.30259
364.267,0.30259
364.533,0.296253
364.533,0.296253
364.533,0.296253
364.533,0.296253
364.8,0.286581
364.8,0.286581
364.8,0.286581
364.8,0.286581
365.067,0.281444
365.067,0.281444
365.067,0.281444
365.067,0.281444
365.333,0.287734
365.333,0.287734
365.333,0.287734
365.333,0.287734
365.6,0.2957
365.6,0.2957
365.6,0.2957
365.6,0.2957
365.867,0.306716
365.867,0.306716
365.867,0.306716
365.867,0.306716
366.133,0.317022
366.133,0.317022
366.133,0.317022
366.133,0.317022
366.4,0.325299
366.4,0.325299
366.4,0.325299
366.4,0.325299
366.667,0.330107
366.667,0.330107
366.667,0.330107
366.667,0.330107
366.933,0.335636
366.933,0.335636
366.933,0.335636
366.933,0.335636
367.2,0.337263
367.2,0.337263
367.2,0.337263
367.2,0.337263
367.467,0.337047
367.467,0.337047
367.467,0.337047
367.467,0.337047
367.733,0.334535
367.733,0.334535
367.733,0.334535
367.733,0.334535
368,0.33794
368,0.33794
368,0.33794
368,0.33794
368.267,0.350206
368.267,0.350206
368.267,0.350206
368.267,0.350206
368.533,0.359419
368.533,0.359419
368.533,0.359419
368.533,0.359419
368.8,0.368691
368.8,0.368691
368.8,0.368691
368.8,0.368691
369.067,0.375831
369.067,0.375831
369.067,0.375831
369.067,0.375831
369.333,0.382305
369.333,0.382305
369.333,0.382305
369.333,0.382305
369.6,0.378135
369.6,0.378135
369.6,0.378135
369.6,0.378135
369.867,0.380968
369.867,0.380968
369.867,0.380968
369.867,0.380968
370.133,0.383668
370.133,0.383668
370.133,0.383668
370.133,0.383668
370.4,0.391231
370.4,0.391231
370.4,0.391231
370.4,0.391231
370.667,0.400225
370.667,0.400225
370.667,0.400225
370.667,0.400225
370.933,0.411358
370.933,0.411358
370.933,0.411358
370.933,0.411358
371.2,0.428103
371.2,0.428103
371.2,0.428103
371.2,0.428103
371.467,0.438107
371.467,0.438107
371.467,0.438107
371.467,0.438107
371.733,0.450385
371.733,0.450385
371.733,0.450385
371.733,0.450385
372,0.457642
372,0.457642
372,0.457642
372,0.457642
372.267,0.455781
372.267,0.455781
372.267,0.455781
372.267,0.455781
372.533,0.455546
372.533,0.455546
372.533,0.455546
372.533,0.455546
372.8,0.452121
372.8,0.452121
372.8,0.452121
372.8,0.452121
373.067,0.442751
373.067,0.442751
373.067,0.442751
373.067,0.442751
373.333,0.438476
373.333,0.438476
373.333,0.438476
373.333,0.438476
373.6,0.434847
373.6,0.434847
373.6,0.434847
373.6,0.434847
373.867,0.439687
373.867,0.439687
373.867,0.439687
373.867,0.439687
374.133,0.447783
374.133,0.447783
374.133,0.447783
374.133,0.447783
374.4,0.454801
374.4,0.454801
374.4,0.454801
374.4,0.454801
374.667,0.452924
374.667,0.452924
374.667,0.452924
374.667,0.452924
374.933,0.456459
374.933,0.456459
374.933,0.456459
374.933,0.456459
375.2,0.459253
375.2,0.459253
375.2,0.459253
375.2,0.459253
375.467,0.462031
375.467,0.462031
375.467,0.462031
375.467,0.462031
375.733,0.461561
375.733,0.461561
375.733,0.461561
375.733,0.461561
376,0.459139
376,0.459139
376,0.459139
376,0.459139
376.267,0.459131
376.267,0.459131
376.267,0.459131
376.267,0.459131
376.533,0.463689
376.533,0.463689
376.533,0.463689
376.533,0.463689
376.8,0.463807
376.8,0.463807
376.8,0.463807
376.8,0.463807
377.067,0.461549
377.067,0.461549
377.067,0.461549
377.067,0.461549
377.333,0.461804
377.333,0.461804
377.333,0.461804
377.333,0.461804
377.6,0.464531
377.6,0.464531
377.6,0.464531
377.6,0.464531
377.867,0.465836
377.867,0.465836
377.867,0.465836
377.867,0.465836
378.133,0.458571
378.133,0.458571
378.133,0.458571
378.133,0.458571
378.4,0.461679
378.4,0.461679
378.4,0.461679
378.4,0.461679
378.667,0.46452
378.667,0.46452
378.667,0.46452
378.667,0.46452
378.933,0.468411
378.933,0.468411
378.933,0.468411
378.933,0.468411
379.2,0.471585
379.2,0.471585
379.2,0.471585
379.2,0.471585
379.467,0.47124
379.467,0.47124
379.467,0.47124
379.467,0.47124
379.733,0.464449
379.733,0.464449
379.733,0.464449
379.733,0.464449
380,0.468011
380,0.468011
380,0.468011
380,0.468011
380.267,0.471405
380.267,0.471405
380.267,0.471405
380.267,0.471405
380.533,0.473889
380.533,0.473889
380.533,0.473889
380.533,0.473889
380.8,0.475022
380.8,0.475022
380.8,0.475022
380.8,0.475022
381.067,0.47793
381.067,0.47793
381.067,0.47793
381.067,0.47793
381.333,0.482001
381.333,0.482001
381.333,0.482001
381.333,0.482001
381.6,0.482413
381.6,0.482413
381.6,0.482413
381.6,0.482413
381.867,0.482985
381.867,0.482985
381.867,0.482985
381.867,0.482985
382.133,0.483749
382.133,0.483749
382.133,0.483749
382.133,0.483749
382.4,0.483686
100