0,0.0484552
0,0.0484552
0,0.0484552
0,0.0484552
0,0.0484552
0,0.0484552
0,0.0484552
0,0.0484552
0,0.0484552
0,0.0484552
0,0.0484552
0,0.0484552
0,0.0484552
0,0.0484552
0,0.0484552
0,0.0484552
0,0.0484552
1.13333,0.0891278
1.13333,0.0891278
1.13333,0.0891278
1.13333,0.0891278
1.13333,0.0891278
1.13333,0.0891278
1.13333,0.0891278
1.13333,0.0891278
1.13333,0.0891278
1.13333,0.0891278
1.13333,0.0891278
1.13333,0.0891278
1.13333,0.0891278
1.13333,0.0891278
1.13333,0.0891278
1.13333,0.0891278
1.13333,0.0891278
2.26667,0.100437
2.26667,0.100437
2.26667,0.100437
2.26667,0.100437
2.26667,0.100437
2.26667,0.100437
2.26667,0.100437
2.26667,0.100437
2.26667,0.100437
2.26667,0.100437
2.26667,0.100437
2.26667,0.100437
2.26667,0.100437
2.26667,0.100437
2.26667,0.100437
2.26667,0.100437
2.26667,0.100437
3.4,0.102154
3.4,0.102154
3.4,0.102154
3.4,0.102154
3.4,0.102154
3.4,0.102154
3.4,0.102154
3.4,0.102154
3.4,0.102154
3.4,0.102154
3.4,0.102154
3.4,0.102154
3.4,0.102154
3.4,0.102154
3.4,0.102154
3.4,0.102154
3.4,0.102154
4.53333,0.102142
4.53333,0.102142
4.53333,0.102142
4.53333,0.102142
4.53333,0.102142
4.53333,0.102142
4.53333,0.102142
4.53333,0.102142
4.53333,0.102142
4.53333,0.102142
4.53333,0.102142
4.53333,0.102142
4.53333,0.102142
4.53333,0.102142
4.53333,0.102142
4.53333,0.102142
4.53333,0.102142
5.66667,0.125118
5.66667,0.125118
5.66667,0.125118
5.66667,0.125118
5.66667,0.125118
5.66667,0.125118
5.66667,0.125118
5.66667,0.125118
5.66667,0.125118
5.66667,0.125118
5.66667,0.125118
5.66667,0.125118
5.66667,0.125118
5.66667,0.125118
5.66667,0.125118
5.66667,0.125118
5.66667,0.125118
6.8,0.142983
6.8,0.142983
6.8,0.142983
6.8,0.142983
6.8,0.142983
6.8,0.142983
6.8,0.142983
6.8,0.142983
6.8,0.142983
6.8,0.142983
6.8,0.142983
6.8,0.142983
6.8,0.142983
6.8,0.142983
6.8,0.142983
6.8,0.142983
6.8,0.142983
7.93333,0.173275
7.93333,0.173275
7.93333,0.173275
7.93333,0.173275
7.93333,0.173275
7.93333,0.173275
7.93333,0.173275
7.93333,0.173275
7.93333,0.173275
7.93333,0.173275
7.93333,0.173275
7.93333,0.173275
7.93333,0.173275
7.93333,0.173275
7.93333,0.173275
7.93333,0.173275
7.93333,0.173275
9.06667,0.178691
9.06667,0.178691
9.06667,0.178691
9.06667,0.178691
9.06667,0.178691
9.06667,0.178691
9.06667,0.178691
9.06667,0.178691
9.06667,0.178691
9.06667,0.178691
9.06667,0.178691
9.06667,0.178691
9.06667,0.178691
9.06667,0.178691
9.06667,0.178691
9.06667,0.178691
9.06667,0.178691
10.2,0.177339
10.2,0.177339
10.2,0.177339
10.2,0.177339
10.2,0.177339
10.2,0.177339
10.2,0.177339
10.2,0.177339
10.2,0.177339
10.2,0.177339
10.2,0.177339
10.2,0.177339
10.2,0.177339
10.2,0.177339
10.2,0.177339
10.2,0.177339
10.2,0.177339
11.3333,0.169489
11.3333,0.169489
11.3333,0.169489
11.3333,0.169489
11.3333,0.169489
11.3333,0.169489
11.3333,0.169489
11.3333,0.169489
11.3333,0.169489
11.3333,0.169489
11.3333,0.169489
11.3333,0.169489
11.3333,0.169489
11.3333,0.169489
11.3333,0.169489
11.3333,0.169489
11.3333,0.169489
12.4667,0.161726
12.4667,0.161726
12.4667,0.161726
12.4667,0.161726
12.4667,0.161726
12.4667,0.161726
12.4667,0.161726
12.4667,0.161726
12.4667,0.161726
12.4667,0.161726
12.4667,0.161726
12.4667,0.161726
12.4667,0.161726
12.4667,0.161726
12.4667,0.161726
12.4667,0.161726
12.4667,0.161726
13.6,0.161542
13.6,0.161542
13.6,0.161542
13.6,0.161542
13.6,0.161542
13.6,0.161542
13.6,0.161542
13.6,0.161542
13.6,0.161542
13.6,0.161542
13.6,0.161542
13.6,0.161542
13.6,0.161542
13.6,0.161542
13.6,0.161542
13.6,0.161542
13.6,0.161542
14.7333,0.159536
14.7333,0.159536
14.7333,0.159536
14.7333,0.159536
14.7333,0.159536
14.7333,0.159536
14.7333,0.159536
14.7333,0.159536
14.7333,0.159536
14.7333,0.159536
14.7333,0.159536
14.7333,0.159536
14.7333,0.159536
14.7333,0.159536
14.7333,0.159536
14.7333,0.159536
14.7333,0.159536
15.8667,0.159791
15.8667,0.159791
15.8667,0.159791
15.8667,0.159791
15.8667,0.159791
15.8667,0.159791
15.8667,0.159791
15.8667,0.159791
15.8667,0.159791
15.8667,0.159791
15.8667,0.159791
15.8667,0.159791
15.8667,0.159791
15.8667,0.159791
15.8667,0.159791
15.8667,0.159791
15.8667,0.159791
17,0.159971
17,0.159971
17,0.159971
17,0.159971
17,0.159971
17,0.159971
17,0.159971
17,0.159971
17,0.159971
17,0.159971
17,0.159971
17,0.159971
17,0.159971
17,0.159971
17,0.159971
17,0.159971
17,0.159971
18.1333,0.159987
18.1333,0.159987
18.1333,0.159987
18.1333,0.159987
18.1333,0.159987
18.1333,0.159987
18.1333,0.159987
18.1333,0.159987
18.1333,0.159987
18.1333,0.159987
18.1333,0.159987
18.1333,0.159987
18.1333,0.159987
18.1333,0.159987
18.1333,0.159987
18.1333,0.159987
18.1333,0.159987
19.2667,0.159309
19.2667,0.159309
19.2667,0.159309
19.2667,0.159309
19.2667,0.159309
19.2667,0.159309
19.2667,0.159309
19.2667,0.159309
19.2667,0.159309
19.2667,0.159309
19.2667,0.159309
19.2667,0.159309
19.2667,0.159309
19.2667,0.159309
19.2667,0.159309
19.2667,0.159309
19.2667,0.159309
20.4,0.157667
20.4,0.157667
20.4,0.157667
20.4,0.157667
20.4,0.157667
20.4,0.157667
20.4,0.157667
20.4,0.157667
20.4,0.157667
20.4,0.157667
20.4,0.157667
20.4,0.157667
20.4,0.157667
20.4,0.157667
20.4,0.157667
20.4,0.157667
20.4,0.157667
21.5333,0.158207
21.5333,0.158207
21.5333,0.158207
21.5333,0.158207
21.5333,0.158207
21.5333,0.158207
21.5333,0.158207
21.5333,0.158207
21.5333,0.158207
21.5333,0.158207
21.5333,0.158207
21.5333,0.158207
21.5333,0.158207
21.5333,0.158207
21.5333,0.158207
21.5333,0.158207
21.5333,0.158207
22.6667,0.159195
22.6667,0.159195
22.6667,0.159195
22.6667,0.159195
22.6667,0.159195
22.6667,0.159195
22.6667,0.159195
22.6667,0.159195
22.6667,0.159195
22.6667,0.159195
22.6667,0.159195
22.6667,0.159195
22.6667,0.159195
22.6667,0.159195
22.6667,0.159195
22.6667,0.159195
22.6667,0.159195
23.8,0.163913
23.8,0.163913
23.8,0.163913
23.8,0.163913
23.8,0.163913
23.8,0.163913
23.8,0.163913
23.8,0.163913
23.8,0.163913
23.8,0.163913
23.8,0.163913
23.8,0.163913
23.8,0.163913
23.8,0.163913
23.8,0.163913
23.8,0.163913
23.8,0.163913
24.9333,0.162851
24.9333,0.162851
24.9333,0.162851
24.9333,0.162851
24.9333,0.162851
24.9333,0.162851
24.9333,0.162851
24.9333,0.162851
24.9333,0.162851
24.9333,0.162851
24.9333,0.162851
24.9333,0.162851
24.9333,0.162851
24.9333,0.162851
24.9333,0.162851
24.9333,0.162851
24.9333,0.162851
26.0667,0.168443
26.0667,0.168443
26.0667,0.168443
26.0667,0.168443
26.0667,0.168443
26.0667,0.168443
26.0667,0.168443
26.0667,0.168443
26.0667,0.168443
26.0667,0.168443
26.0667,0.168443
26.0667,0.168443
26.0667,0.168443
26.0667,0.168443
26.0667,0.168443
26.0667,0.168443
26.0667,0.168443
27.2,0.173502
27.2,0.173502
27.2,0.173502
27.2,0.173502
27.2,0.173502
27.2,0.173502
27.2,0.173502
27.2,0.173502
27.2,0.173502
27.2,0.173502
27.2,0.173502
27.2,0.173502
27.2,0.173502
27.2,0.173502
27.2,0.173502
27.2,0.173502
27.2,0.173502
28.3333,0.19607
28.3333,0.19607
28.3333,0.19607
28.3333,0.19607
28.3333,0.19607
28.3333,0.19607
28.3333,0.19607
28.3333,0.19607
28.3333,0.19607
28.3333,0.19607
28.3333,0.19607
28.3333,0.19607
28.3333,0.19607
28.3333,0.19607
28.3333,0.19607
28.3333,0.19607
28.3333,0.19607
29.4667,0.208434
29.4667,0.208434
29.4667,0.208434
29.4667,0.208434
29.4667,0.208434
29.4667,0.208434
29.4667,0.208434
29.4667,0.208434
29.4667,0.208434
29.4667,0.208434
29.4667,0.208434
29.4667,0.208434
29.4667,0.208434
29.4667,0.208434
29.4667,0.208434
29.4667,0.208434
29.4667,0.208434
30.6,0.20841
30.6,0.20841
30.6,0.20841
30.6,0.20841
30.6,0.20841
30.6,0.20841
30.6,0.20841
30.6,0.20841
30.6,0.20841
30.6,0.20841
30.6,0.20841
30.6,0.20841
30.6,0.20841
30.6,0.20841
30.6,0.20841
30.6,0.20841
30.6,0.20841
31.7333,0.206866
31.7333,0.206866
31.7333,0.206866
31.7333,0.206866
31.7333,0.206866
31.7333,0.206866
31.7333,0.206866
31.7333,0.206866
31.7333,0.206866
31.7333,0.206866
31.7333,0.206866
31.7333,0.206866
31.7333,0.206866
31.7333,0.206866
31.7333,0.206866
31.7333,0.206866
31.7333,0.206866
32.8667,0.209762
32.8667,0.209762
32.8667,0.209762
32.8667,0.209762
32.8667,0.209762
32.8667,0.209762
32.8667,0.209762
32.8667,0.209762
32.8667,0.209762
32.8667,0.209762
32.8667,0.209762
32.8667,0.209762
32.8667,0.209762
32.8667,0.209762
32.8667,0.209762
32.8667,0.209762
32.8667,0.209762
34,0.252477
34,0.252477
34,0.252477
34,0.252477
34,0.252477
34,0.252477
34,0.252477
34,0.252477
34,0.252477
34,0.252477
34,0.252477
34,0.252477
34,0.252477
34,0.252477
34,0.252477
34,0.252477
34,0.252477
35.1333,0.273583
35.1333,0.273583
35.1333,0.273583
35.1333,0.273583
35.1333,0.273583
35.1333,0.273583
35.1333,0.273583
35.1333,0.273583
35.1333,0.273583
35.1333,0.273583
35.1333,0.273583
35.1333,0.273583
35.1333,0.273583
35.1333,0.273583
35.1333,0.273583
35.1333,0.273583
35.1333,0.273583
36.2667,0.282455
36.2667,0.282455
36.2667,0.282455
36.2667,0.282455
36.2667,0.282455
36.2667,0.282455
36.2667,0.282455
36.2667,0.282455
36.2667,0.282455
36.2667,0.282455
36.2667,0.282455
36.2667,0.282455
36.2667,0.282455
36.2667,0.282455
36.2667,0.282455
36.2667,0.282455
36.2667,0.282455
37.4,0.282541
37.4,0.282541
37.4,0.282541
37.4,0.282541
37.4,0.282541
37.4,0.282541
37.4,0.282541
37.4,0.282541
37.4,0.282541
37.4,0.282541
37.4,0.282541
37.4,0.282541
37.4,0.282541
37.4,0.282541
37.4,0.282541
37.4,0.282541
37.4,0.282541
38.5333,0.296359
38.5333,0.296359
38.5333,0.296359
38.5333,0.296359
38.5333,0.296359
38.5333,0.296359
38.5333,0.296359
38.5333,0.296359
38.5333,0.296359
38.5333,0.296359
38.5333,0.296359
38.5333,0.296359
38.5333,0.296359
38.5333,0.296359
38.5333,0.296359
38.5333,0.296359
38.5333,0.296359
39.6667,0.326439
39.6667,0.326439
39.6667,0.326439
39.6667,0.326439
39.6667,0.326439
39.6667,0.326439
39.6667,0.326439
39.6667,0.326439
39.6667,0.326439
39.6667,0.326439
39.6667,0.326439
39.6667,0.326439
39.6667,0.326439
39.6667,0.326439
39.6667,0.326439
39.6667,0.326439
39.6667,0.326439
40.8,0.35878
40.8,0.35878
40.8,0.35878
40.8,0.35878
40.8,0.35878
40.8,0.35878
40.8,0.35878
40.8,0.35878
40.8,0.35878
40.8,0.35878
40.8,0.35878
40.8,0.35878
40.8,0.35878
40.8,0.35878
40.8,0.35878
40.8,0.35878
40.8,0.35878
41.9333,0.388645
41.9333,0.388645
41.9333,0.388645
41.9333,0.388645
41.9333,0.388645
41.9333,0.388645
41.9333,0.388645
41.9333,0.388645
41.9333,0.388645
41.9333,0.388645
41.9333,0.388645
41.9333,0.388645
41.9333,0.388645
41.9333,0.388645
41.9333,0.388645
41.9333,0.388645
41.9333,0.388645
43.0667,0.396851
43.0667,0.396851
43.0667,0.396851
43.0667,0.396851
43.0667,0.396851
43.0667,0.396851
43.0667,0.396851
43.0667,0.396851
43.0667,0.396851
43.0667,0.396851
43.0667,0.396851
43.0667,0.396851
43.0667,0.396851
43.0667,0.396851
43.0667,0.396851
43.0667,0.396851
43.0667,0.396851
44.2,0.417342
44.2,0.417342
44.2,0.417342
44.2,0.417342
44.2,0.417342
44.2,0.417342
44.2,0.417342
44.2,0.417342
44.2,0.417342
44.2,0.417342
44.2,0.417342
44.2,0.417342
44.2,0.417342
44.2,0.417342
44.2,0.417342
44.2,0.417342
44.2,0.417342
45.3333,0.424235
45.3333,0.424235
45.3333,0.424235
45.3333,0.424235
45.3333,0.424235
45.3333,0.424235
45.3333,0.424235
45.3333,0.424235
45.3333,0.424235
45.3333,0.424235
45.3333,0.424235
45.3333,0.424235
45.3333,0.424235
45.3333,0.424235
45.3333,0.424235
45.3333,0.424235
45.3333,0.424235
46.4667,0.42759
46.4667,0.42759
46.4667,0.42759
46.4667,0.42759
46.4667,0.42759
46.4667,0.42759
46.4667,0.42759
46.4667,0.42759
46.4667,0.42759
46.4667,0.42759
46.4667,0.42759
46.4667,0.42759
46.4667,0.42759
46.4667,0.42759
46.4667,0.42759
46.4667,0.42759
46.4667,0.42759
47.6,0.429584
47.6,0.429584
47.6,0.429584
47.6,0.429584
47.6,0.429584
47.6,0.429584
47.6,0.429584
47.6,0.429584
47.6,0.429584
47.6,0.429584
47.6,0.429584
47.6,0.429584
47.6,0.429584
47.6,0.429584
47.6,0.429584
47.6,0.429584
47.6,0.429584
48.7333,0.418706
48.7333,0.418706
48.7333,0.418706
48.7333,0.418706
48.7333,0.418706
48.7333,0.418706
48.7333,0.418706
48.7333,0.418706
48.7333,0.418706
48.7333,0.418706
48.7333,0.418706
48.7333,0.418706
48.7333,0.418706
48.7333,0.418706
48.7333,0.418706
48.7333,0.418706
48.7333,0.418706
49.8667,0.404367
49.8667,0.404367
49.8667,0.404367
49.8667,0.404367
49.8667,0.404367
49.8667,0.404367
49.8667,0.404367
49.8667,0.404367
49.8667,0.404367
49.8667,0.404367
49.8667,0.404367
49.8667,0.404367
49.8667,0.404367
49.8667,0.404367
49.8667,0.404367
49.8667,0.404367
49.8667,0.404367
51,0.399739
51,0.399739
51,0.399739
51,0.399739
51,0.399739
51,0.399739
51,0.399739
51,0.399739
51,0.399739
51,0.399739
51,0.399739
51,0.399739
51,0.399739
51,0.399739
51,0.399739
51,0.399739
51,0.399739
52.1333,0.390189
52.1333,0.390189
52.1333,0.390189
52.1333,0.390189
52.1333,0.390189
52.1333,0.390189
52.1333,0.390189
52.1333,0.390189
52.1333,0.390189
52.1333,0.390189
52.1333,0.390189
52.1333,0.390189
52.1333,0.390189
52.1333,0.390189
52.1333,0.390189
52.1333,0.390189
52.1333,0.390189
53.2667,0.415641
53.2667,0.415641
53.2667,0.415641
53.2667,0.415641
53.2667,0.415641
53.2667,0.415641
53.2667,0.415641
53.2667,0.415641
53.2667,0.415641
53.2667,0.415641
53.2667,0.415641
53.2667,0.415641
53.2667,0.415641
53.2667,0.415641
53.2667,0.415641
53.2667,0.415641
53.2667,0.415641
54.4,0.435607
54.4,0.435607
54.4,0.435607
54.4,0.435607
54.4,0.435607
54.4,0.435607
54.4,0.435607
54.4,0.435607
54.4,0.435607
54.4,0.435607
54.4,0.435607
54.4,0.435607
54.4,0.435607
54.4,0.435607
54.4,0.435607
54.4,0.435607
54.4,0.435607
55.5333,0.441862
55.5333,0.441862
55.5333,0.441862
55.5333,0.441862
55.5333,0.441862
55.5333,0.441862
55.5333,0.441862
55.5333,0.441862
55.5333,0.441862
55.5333,0.441862
55.5333,0.441862
55.5333,0.441862
55.5333,0.441862
55.5333,0.441862
55.5333,0.441862
55.5333,0.441862
55.5333,0.441862
56.6667,0.443065
56.6667,0.443065
56.6667,0.443065
56.6667,0.443065
56.6667,0.443065
56.6667,0.443065
56.6667,0.443065
56.6667,0.443065
56.6667,0.443065
56.6667,0.443065
56.6667,0.443065
56.6667,0.443065
56.6667,0.443065
56.6667,0.443065
56.6667,0.443065
56.6667,0.443065
56.6667,0.443065
57.8,0.445165
57.8,0.445165
57.8,0.445165
57.8,0.445165
57.8,0.445165
57.8,0.445165
57.8,0.445165
57.8,0.445165
57.8,0.445165
57.8,0.445165
57.8,0.445165
57.8,0.445165
57.8,0.445165
57.8,0.445165
57.8,0.445165
57.8,0.445165
57.8,0.445165
58.9333,0.444338
58.9333,0.444338
58.9333,0.444338
58.9333,0.444338
58.9333,0.444338
58.9333,0.444338
58.9333,0.444338
58.9333,0.444338
58.9333,0.444338
58.9333,0.444338
58.9333,0.444338
58.9333,0.444338
58.9333,0.444338
58.9333,0.444338
58.9333,0.444338
58.9333,0.444338
58.9333,0.444338
60.0667,0.449789
60.0667,0.449789
60.0667,0.449789
60.0667,0.449789
60.0667,0.449789
60.0667,0.449789
60.0667,0.449789
60.0667,0.449789
60.0667,0.449789
60.0667,0.449789
60.0667,0.449789
60.0667,0.449789
60.0667,0.449789
60.0667,0.449789
60.0667,0.449789
60.0667,0.449789
60.0667,0.449789
61.2,0.43828
61.2,0.43828
61.2,0.43828
61.2,0.43828
61.2,0.43828
61.2,0.43828
61.2,0.43828
61.2,0.43828
61.2,0.43828
61.2,0.43828
61.2,0.43828
61.2,0.43828
61.2,0.43828
61.2,0.43828
61.2,0.43828
61.2,0.43828
61.2,0.43828
62.3333,0.435219
62.3333,0.435219
62.3333,0.435219
62.3333,0.435219
62.3333,0.435219
62.3333,0.435219
62.3333,0.435219
62.3333,0.435219
62.3333,0.435219
62.3333,0.435219
62.3333,0.435219
62.3333,0.435219
62.3333,0.435219
62.3333,0.435219
62.3333,0.435219
62.3333,0.435219
62.3333,0.435219
63.4667,0.443656
63.4667,0.443656
63.4667,0.443656
63.4667,0.443656
63.4667,0.443656
63.4667,0.443656
63.4667,0.443656
63.4667,0.443656
63.4667,0.443656
63.4667,0.443656
63.4667,0.443656
63.4667,0.443656
63.4667,0.443656
63.4667,0.443656
63.4667,0.443656
63.4667,0.443656
63.4667,0.443656
64.6,0.44404
64.6,0.44404
64.6,0.44404
64.6,0.44404
64.6,0.44404
64.6,0.44404
64.6,0.44404
64.6,0.44404
64.6,0.44404
64.6,0.44404
64.6,0.44404
64.6,0.44404
64.6,0.44404
64.6,0.44404
64.6,0.44404
64.6,0.44404
64.6,0.44404
65.7333,0.444683
65.7333,0.444683
65.7333,0.444683
65.7333,0.444683
65.7333,0.444683
65.7333,0.444683
65.7333,0.444683
65.7333,0.444683
65.7333,0.444683
65.7333,0.444683
65.7333,0.444683
65.7333,0.444683
65.7333,0.444683
65.7333,0.444683
65.7333,0.444683
65.7333,0.444683
65.7333,0.444683
66.8667,0.441595
66.8667,0.441595
66.8667,0.441595
66.8667,0.441595
66.8667,0.441595
66.8667,0.441595
66.8667,0.441595
66.8667,0.441595
66.8667,0.441595
66.8667,0.441595
66.8667,0.441595
66.8667,0.441595
66.8667,0.441595
66.8667,0.441595
66.8667,0.441595
66.8667,0.441595
66.8667,0.441595
68,0.43806
68,0.43806
68,0.43806
68,0.43806
68,0.43806
68,0.43806
68,0.43806
68,0.43806
68,0.43806
68,0.43806
68,0.43806
68,0.43806
68,0.43806
68,0.43806
68,0.43806
68,0.43806
68,0.43806
69.1333,0.435474
69.1333,0.435474
69.1333,0.435474
69.1333,0.435474
69.1333,0.435474
69.1333,0.435474
69.1333,0.435474
69.1333,0.435474
69.1333,0.435474
69.1333,0.435474
69.1333,0.435474
69.1333,0.435474
69.1333,0.435474
69.1333,0.435474
69.1333,0.435474
69.1333,0.435474
69.1333,0.435474
70.2667,0.438766
70.2667,0.438766
70.2667,0.438766
70.2667,0.438766
70.2667,0.438766
70.2667,0.438766
70.2667,0.438766
70.2667,0.438766
70.2667,0.438766
70.2667,0.438766
70.2667,0.438766
70.2667,0.438766
70.2667,0.438766
70.2667,0.438766
70.2667,0.438766
70.2667,0.438766
70.2667,0.438766
71.4,0.436156
71.4,0.436156
71.4,0.436156
71.4,0.436156
71.4,0.436156
71.4,0.436156
71.4,0.436156
71.4,0.436156
71.4,0.436156
71.4,0.436156
71.4,0.436156
71.4,0.436156
71.4,0.436156
71.4,0.436156
71.4,0.436156
71.4,0.436156
71.4,0.436156
72.5333,0.436301
72.5333,0.436301
72.5333,0.436301
72.5333,0.436301
72.5333,0.436301
72.5333,0.436301
72.5333,0.436301
72.5333,0.436301
72.5333,0.436301
72.5333,0.436301
72.5333,0.436301
72.5333,0.436301
72.5333,0.436301
72.5333,0.436301
72.5333,0.436301
72.5333,0.436301
72.5333,0.436301
73.6667,0.440208
73.6667,0.440208
73.6667,0.440208
73.6667,0.440208
73.6667,0.440208
73.6667,0.440208
73.6667,0.440208
73.6667,0.440208
73.6667,0.440208
73.6667,0.440208
73.6667,0.440208
73.6667,0.440208
73.6667,0.440208
73.6667,0.440208
73.6667,0.440208
73.6667,0.440208
73.6667,0.440208
74.8,0.435811
74.8,0.435811
74.8,0.435811
74.8,0.435811
74.8,0.435811
74.8,0.435811
74.8,0.435811
74.8,0.435811
74.8,0.435811
74.8,0.435811
74.8,0.435811
74.8,0.435811
74.8,0.435811
74.8,0.435811
74.8,0.435811
74.8,0.435811
74.8,0.435811
75.9333,0.43935
75.9333,0.43935
75.9333,0.43935
75.9333,0.43935
75.9333,0.43935
75.9333,0.43935
75.9333,0.43935
75.9333,0.43935
75.9333,0.43935
75.9333,0.43935
75.9333,0.43935
75.9333,0.43935
75.9333,0.43935
75.9333,0.43935
75.9333,0.43935
75.9333,0.43935
75.9333,0.43935
77.0667,0.440964
77.0667,0.440964
77.0667,0.440964
77.0667,0.440964
77.0667,0.440964
77.0667,0.440964
77.0667,0.440964
77.0667,0.440964
77.0667,0.440964
77.0667,0.440964
77.0667,0.440964
77.0667,0.440964
77.0667,0.440964
77.0667,0.440964
77.0667,0.440964
77.0667,0.440964
77.0667,0.440964
78.2,0.439926
78.2,0.439926
78.2,0.439926
78.2,0.439926
78.2,0.439926
78.2,0.439926
78.2,0.439926
78.2,0.439926
78.2,0.439926
78.2,0.439926
78.2,0.439926
78.2,0.439926
78.2,0.439926
78.2,0.439926
78.2,0.439926
78.2,0.439926
78.2,0.439926
79.3333,0.429525
79.3333,0.429525
79.3333,0.429525
79.3333,0.429525
79.3333,0.429525
79.3333,0.429525
79.3333,0.429525
79.3333,0.429525
79.3333,0.429525
79.3333,0.429525
79.3333,0.429525
79.3333,0.429525
79.3333,0.429525
79.3333,0.429525
79.3333,0.429525
79.3333,0.429525
79.3333,0.429525
80.4667,0.431634
80.4667,0.431634
80.4667,0.431634
80.4667,0.431634
80.4667,0.431634
80.4667,0.431634
80.4667,0.431634
80.4667,0.431634
80.4667,0.431634
80.4667,0.431634
80.4667,0.431634
80.4667,0.431634
80.4667,0.431634
80.4667,0.431634
80.4667,0.431634
80.4667,0.431634
80.4667,0.431634
81.6,0.432002
81.6,0.432002
81.6,0.432002
81.6,0.432002
81.6,0.432002
81.6,0.432002
81.6,0.432002
81.6,0.432002
81.6,0.432002
81.6,0.432002
81.6,0.432002
81.6,0.432002
81.6,0.432002
81.6,0.432002
81.6,0.432002
81.6,0.432002
81.6,0.432002
82.7333,0.436136
82.7333,0.436136
82.7333,0.436136
82.7333,0.436136
82.7333,0.436136
82.7333,0.436136
82.7333,0.436136
82.7333,0.436136
82.7333,0.436136
82.7333,0.436136
82.7333,0.436136
82.7333,0.436136
82.7333,0.436136
82.7333,0.436136
82.7333,0.436136
82.7333,0.436136
82.7333,0.436136
83.8667,0.435513
83.8667,0.435513
83.8667,0.435513
83.8667,0.435513
83.8667,0.435513
83.8667,0.435513
83.8667,0.435513
83.8667,0.435513
83.8667,0.435513
83.8667,0.435513
83.8667,0.435513
83.8667,0.435513
83.8667,0.435513
83.8667,0.435513
83.8667,0.435513
83.8667,0.435513
83.8667,0.435513
85,0.435086
85,0.435086
85,0.435086
85,0.435086
85,0.435086
85,0.435086
85,0.435086
85,0.435086
85,0.435086
85,0.435086
85,0.435086
85,0.435086
85,0.435086
85,0.435086
85,0.435086
85,0.435086
85,0.435086
86.1333,0.435983
86.1333,0.435983
86.1333,0.435983
86.1333,0.435983
86.1333,0.435983
86.1333,0.435983
86.1333,0.435983
86.1333,0.435983
86.1333,0.435983
86.1333,0.435983
86.1333,0.435983
86.1333,0.435983
86.1333,0.435983
86.1333,0.435983
86.1333,0.435983
86.1333,0.435983
86.1333,0.435983
87.2667,0.439687
87.2667,0.439687
87.2667,0.439687
87.2667,0.439687
87.2667,0.439687
87.2667,0.439687
87.2667,0.439687
87.2667,0.439687
87.2667,0.439687
87.2667,0.439687
87.2667,0.439687
87.2667,0.439687
87.2667,0.439687
87.2667,0.439687
87.2667,0.439687
87.2667,0.439687
87.2667,0.439687
88.4,0.433001
88.4,0.433001
88.4,0.433001
88.4,0.433001
88.4,0.433001
88.4,0.433001
88.4,0.433001
88.4,0.433001
88.4,0.433001
88.4,0.433001
88.4,0.433001
88.4,0.433001
88.4,0.433001
88.4,0.433001
88.4,0.433001
88.4,0.433001
88.4,0.433001
89.5333,0.432813
89.5333,0.432813
89.5333,0.432813
89.5333,0.432813
89.5333,0.432813
89.5333,0.432813
89.5333,0.432813
89.5333,0.432813
89.5333,0.432813
89.5333,0.432813
89.5333,0.432813
89.5333,0.432813
89.5333,0.432813
89.5333,0.432813
89.5333,0.432813
89.5333,0.432813
89.5333,0.432813
90.6667,0.432731
90.6667,0.432731
90.6667,0.432731
90.6667,0.432731
90.6667,0.432731
90.6667,0.432731
90.6667,0.432731
90.6667,0.432731
90.6667,0.432731
90.6667,0.432731
90.6667,0.432731
90.6667,0.432731
90.6667,0.432731
90.6667,0.432731
90.6667,0.432731
90.6667,0.432731
90.6667,0.432731
91.8,0.424521
91.8,0.424521
91.8,0.424521
91.8,0.424521
91.8,0.424521
91.8,0.424521
91.8,0.424521
91.8,0.424521
91.8,0.424521
91.8,0.424521
91.8,0.424521
91.8,0.424521
91.8,0.424521
91.8,0.424521
91.8,0.424521
91.8,0.424521
91.8,0.424521
92.9333,0.418698
92.9333,0.418698
92.9333,0.418698
92.9333,0.418698
92.9333,0.418698
92.9333,0.418698
92.9333,0.418698
92.9333,0.418698
92.9333,0.418698
92.9333,0.418698
92.9333,0.418698
92.9333,0.418698
92.9333,0.418698
92.9333,0.418698
92.9333,0.418698
92.9333,0.418698
92.9333,0.418698
94.0667,0.418196
94.0667,0.418196
94.0667,0.418196
94.0667,0.418196
94.0667,0.418196
94.0667,0.418196
94.0667,0.418196
94.0667,0.418196
94.0667,0.418196
94.0667,0.418196
94.0667,0.418196
94.0667,0.418196
94.0667,0.418196
94.0667,0.418196
94.0667,0.418196
94.0667,0.418196
94.0667,0.418196
95.2,0.427821
95.2,0.427821
95.2,0.427821
95.2,0.427821
95.2,0.427821
95.2,0.427821
95.2,0.427821
95.2,0.427821
95.2,0.427821
95.2,0.427821
95.2,0.427821
95.2,0.427821
95.2,0.427821
95.2,0.427821
95.2,0.427821
95.2,0.427821
95.2,0.427821
96.3333,0.443723
96.3333,0.443723
96.3333,0.443723
96.3333,0.443723
96.3333,0.443723
96.3333,0.443723
96.3333,0.443723
96.3333,0.443723
96.3333,0.443723
96.3333,0.443723
96.3333,0.443723
96.3333,0.443723
96.3333,0.443723
96.3333,0.443723
96.3333,0.443723
96.3333,0.443723
96.3333,0.443723
97.4667,0.427354
97.4667,0.427354
97.4667,0.427354
97.4667,0.427354
97.4667,0.427354
97.4667,0.427354
97.4667,0.427354
97.4667,0.427354
97.4667,0.427354
97.4667,0.427354
97.4667,0.427354
97.4667,0.427354
97.4667,0.427354
97.4667,0.427354
97.4667,0.427354
97.4667,0.427354
97.4667,0.427354
98.6,0.386772
98.6,0.386772
98.6,0.386772
98.6,0.386772
98.6,0.386772
98.6,0.386772
98.6,0.386772
98.6,0.386772
98.6,0.386772
98.6,0.386772
98.6,0.386772
98.6,0.386772
98.6,0.386772
98.6,0.386772
98.6,0.386772
98.6,0.386772
98.6,0.386772
99.7333,0.35351
99.7333,0.35351
99.7333,0.35351
99.7333,0.35351
99.7333,0.35351
99.7333,0.35351
99.7333,0.35351
99.7333,0.35351
99.7333,0.35351
99.7333,0.35351
99.7333,0.35351
99.7333,0.35351
99.7333,0.35351
99.7333,0.35351
99.7333,0.35351
99.7333,0.35351
99.7333,0.35351
100.867,0.331478
100.867,0.331478
100.867,0.331478
100.867,0.331478
100.867,0.331478
100.867,0.331478
100.867,0.331478
100.867,0.331478
100.867,0.331478
100.867,0.331478
100.867,0.331478
100.867,0.331478
100.867,0.331478
100.867,0.331478
100.867,0.331478
100.867,0.331478
100.867,0.331478
102,0.302821
102,0.302821
102,0.302821
102,0.302821
102,0.302821
102,0.302821
102,0.302821
102,0.302821
102,0.302821
102,0.302821
102,0.302821
102,0.302821
102,0.302821
102,0.302821
102,0.302821
102,0.302821
102,0.302821
103.133,0.289571
103.133,0.289571
103.133,0.289571
103.133,0.289571
103.133,0.289571
103.133,0.289571
103.133,0.289571
103.133,0.289571
103.133,0.289571
103.133,0.289571
103.133,0.289571
103.133,0.289571
103.133,0.289571
103.133,0.289571
103.133,0.289571
103.133,0.289571
103.133,0.289571
104.267,0.312155
104.267,0.312155
104.267,0.312155
104.267,0.312155
104.267,0.312155
104.267,0.312155
104.267,0.312155
104.267,0.312155
104.267,0.312155
104.267,0.312155
104.267,0.312155
104.267,0.312155
104.267,0.312155
104.267,0.312155
104.267,0.312155
104.267,0.312155
104.267,0.312155
105.4,0.335244
105.4,0.335244
105.4,0.335244
105.4,0.335244
105.4,0.335244
105.4,0.335244
105.4,0.335244
105.4,0.335244
105.4,0.335244
105.4,0.335244
105.4,0.335244
105.4,0.335244
105.4,0.335244
105.4,0.335244
105.4,0.335244
105.4,0.335244
105.4,0.335244
106.533,0.337051
106.533,0.337051
106.533,0.337051
106.533,0.337051
106.533,0.337051
106.533,0.337051
106.533,0.337051
106.533,0.337051
106.533,0.337051
106.533,0.337051
106.533,0.337051
106.533,0.337051
106.533,0.337051
106.533,0.337051
106.533,0.337051
106.533,0.337051
106.533,0.337051
107.667,0.353271
107.667,0.353271
107.667,0.353271
107.667,0.353271
107.667,0.353271
107.667,0.353271
107.667,0.353271
107.667,0.353271
107.667,0.353271
107.667,0.353271
107.667,0.353271
107.667,0.353271
107.667,0.353271
107.667,0.353271
107.667,0.353271
107.667,0.353271
107.667,0.353271
108.8,0.370764
108.8,0.370764
108.8,0.370764
108.8,0.370764
108.8,0.370764
108.8,0.370764
108.8,0.370764
108.8,0.370764
108.8,0.370764
108.8,0.370764
108.8,0.370764
108.8,0.370764
108.8,0.370764
108.8,0.370764
108.8,0.370764
108.8,0.370764
108.8,0.370764
109.933,0.374157
109.933,0.374157
109.933,0.374157
109.933,0.374157
109.933,0.374157
109.933,0.374157
109.933,0.374157
109.933,0.374157
109.933,0.374157
109.933,0.374157
109.933,0.374157
109.933,0.374157
109.933,0.374157
109.933,0.374157
109.933,0.374157
109.933,0.374157
109.933,0.374157
111.067,0.355696
111.067,0.355696
111.067,0.355696
111.067,0.355696
111.067,0.355696
111.067,0.355696
111.067,0.355696
111.067,0.355696
111.067,0.355696
111.067,0.355696
111.067,0.355696
111.067,0.355696
111.067,0.355696
111.067,0.355696
111.067,0.355696
111.067,0.355696
111.067,0.355696
112.2,0.344363
112.2,0.344363
112.2,0.344363
112.2,0.344363
112.2,0.344363
112.2,0.344363
112.2,0.344363
112.2,0.344363
112.2,0.344363
112.2,0.344363
112.2,0.344363
112.2,0.344363
112.2,0.344363
112.2,0.344363
112.2,0.344363
112.2,0.344363
112.2,0.344363
113.333,0.373323
113.333,0.373323
113.333,0.373323
113.333,0.373323
113.333,0.373323
113.333,0.373323
113.333,0.373323
113.333,0.373323
113.333,0.373323
113.333,0.373323
113.333,0.373323
113.333,0.373323
113.333,0.373323
113.333,0.373323
113.333,0.373323
113.333,0.373323
113.333,0.373323
114.467,0.321972
114.467,0.321972
114.467,0.321972
114.467,0.321972
114.467,0.321972
114.467,0.321972
114.467,0.321972
114.467,0.321972
114.467,0.321972
114.467,0.321972
114.467,0.321972
114.467,0.321972
114.467,0.321972
114.467,0.321972
114.467,0.321972
114.467,0.321972
114.467,0.321972
115.6,0.264778
115.6,0.264778
115.6,0.264778
115.6,0.264778
115.6,0.264778
115.6,0.264778
115.6,0.264778
115.6,0.264778
115.6,0.264778
115.6,0.264778
115.6,0.264778
115.6,0.264778
115.6,0.264778
115.6,0.264778
115.6,0.264778
115.6,0.264778
115.6,0.264778
116.733,0.210476
116.733,0.210476
116.733,0.210476
116.733,0.210476
116.733,0.210476
116.733,0.210476
116.733,0.210476
116.733,0.210476
116.733,0.210476
116.733,0.210476
116.733,0.210476
116.733,0.210476
116.733,0.210476
116.733,0.210476
116.733,0.210476
116.733,0.210476
116.733,0.210476
117.867,0.214582
117.867,0.214582
117.867,0.214582
117.867,0.214582
117.867,0.214582
117.867,0.214582
117.867,0.214582
117.867,0.214582
117.867,0.214582
117.867,0.214582
117.867,0.214582
117.867,0.214582
117.867,0.214582
117.867,0.214582
117.867,0.214582
117.867,0.214582
117.867,0.214582
119,0.193946
119,0.193946
119,0.193946
119,0.193946
119,0.193946
119,0.193946
119,0.193946
119,0.193946
119,0.193946
119,0.193946
119,0.193946
119,0.193946
119,0.193946
119,0.193946
119,0.193946
119,0.193946
119,0.193946
120.133,0.185764
120.133,0.185764
120.133,0.185764
120.133,0.185764
120.133,0.185764
120.133,0.185764
120.133,0.185764
120.133,0.185764
120.133,0.185764
120.133,0.185764
120.133,0.185764
120.133,0.185764
120.133,0.185764
120.133,0.185764
120.133,0.185764
120.133,0.185764
120.133,0.185764
121.267,0.190024
121.267,0.190024
121.267,0.190024
121.267,0.190024
121.267,0.190024
121.267,0.190024
121.267,0.190024
121.267,0.190024
121.267,0.190024
121.267,0.190024
121.267,0.190024
121.267,0.190024
121.267,0.190024
121.267,0.190024
121.267,0.190024
121.267,0.190024
121.267,0.190024
122.4,0.19589
122.4,0.19589
122.4,0.19589
122.4,0.19589
122.4,0.19589
122.4,0.19589
122.4,0.19589
122.4,0.19589
122.4,0.19589
122.4,0.19589
122.4,0.19589
122.4,0.19589
122.4,0.19589
122.4,0.19589
122.4,0.19589
122.4,0.19589
122.4,0.19589
123.533,0.113397
123.533,0.113397
123.533,0.113397
123.533,0.113397
123.533,0.113397
123.533,0.113397
123.533,0.113397
123.533,0.113397
123.533,0.113397
123.533,0.113397
123.533,0.113397
123.533,0.113397
123.533,0.113397
123.533,0.113397
123.533,0.113397
123.533,0.113397
123.533,0.113397
124.667,0.161143
124.667,0.161143
124.667,0.161143
124.667,0.161143
124.667,0.161143
124.667,0.161143
124.667,0.161143
124.667,0.161143
124.667,0.161143
124.667,0.161143
124.667,0.161143
124.667,0.161143
124.667,0.161143
124.667,0.161143
124.667,0.161143
124.667,0.161143
124.667,0.161143
125.8,0.192661
125.8,0.192661
125.8,0.192661
125.8,0.192661
125.8,0.192661
125.8,0.192661
125.8,0.192661
125.8,0.192661
125.8,0.192661
125.8,0.192661
125.8,0.192661
125.8,0.192661
125.8,0.192661
125.8,0.192661
125.8,0.192661
125.8,0.192661
125.8,0.192661
126.933,0.229109
126.933,0.229109
126.933,0.229109
126.933,0.229109
126.933,0.229109
126.933,0.229109
126.933,0.229109
126.933,0.229109
126.933,0.229109
126.933,0.229109
126.933,0.229109
126.933,0.229109
126.933,0.229109
126.933,0.229109
126.933,0.229109
126.933,0.229109
126.933,0.229109
128.067,0.156612
128.067,0.156612
128.067,0.156612
128.067,0.156612
128.067,0.156612
128.067,0.156612
128.067,0.156612
128.067,0.156612
128.067,0.156612
128.067,0.156612
128.067,0.156612
128.067,0.156612
128.067,0.156612
128.067,0.156612
128.067,0.156612
128.067,0.156612
128.067,0.156612
129.2,0.110493
129.2,0.110493
129.2,0.110493
129.2,0.110493
129.2,0.110493
129.2,0.110493
129.2,0.110493
129.2,0.110493
129.2,0.110493
129.2,0.110493
129.2,0.110493
129.2,0.110493
129.2,0.110493
129.2,0.110493
129.2,0.110493
129.2,0.110493
129.2,0.110493
130.333,0.0416327
130.333,0.0416327
130.333,0.0416327
130.333,0.0416327
130.333,0.0416327
130.333,0.0416327
130.333,0.0416327
130.333,0.0416327
130.333,0.0416327
130.333,0.0416327
130.333,0.0416327
130.333,0.0416327
130.333,0.0416327
130.333,0.0416327
130.333,0.0416327
130.333,0.0416327
130.333,0.0416327
131.467,0.00139899
131.467,0.00139899
131.467,0.00139899
131.467,0.00139899
131.467,0.00139899
131.467,0.00139899
131.467,0.00139899
131.467,0.00139899
131.467,0.00139899
131.467,0.00139899
131.467,0.00139899
131.467,0.00139899
131.467,0.00139899
131.467,0.00139899
131.467,0.00139899
131.467,0.00139899
131.467,0.00139899
132.6,0.00121089
132.6,0.00121089
132.6,0.00121089
132.6,0.00121089
132.6,0.00121089
132.6,0.00121089
132.6,0.00121089
132.6,0.00121089
132.6,0.00121089
132.6,0.00121089
132.6,0.00121089
132.6,0.00121089
132.6,0.00121089
132.6,0.00121089
132.6,0.00121089
132.6,0.00121089
132.6,0.00121089
133.733,0.0670771
133.733,0.0670771
133.733,0.0670771
133.733,0.0670771
133.733,0.0670771
133.733,0.0670771
133.733,0.0670771
133.733,0.0670771
133.733,0.0670771
133.733,0.0670771
133.733,0.0670771
133.733,0.0670771
133.733,0.0670771
133.733,0.0670771
133.733,0.0670771
133.733,0.0670771
133.733,0.0670771
134.867,0.219763
134.867,0.219763
134.867,0.219763
134.867,0.219763
134.867,0.219763
134.867,0.219763
134.867,0.219763
134.867,0.219763
134.867,0.219763
134.867,0.219763
134.867,0.219763
134.867,0.219763
134.867,0.219763
134.867,0.219763
134.867,0.219763
134.867,0.219763
134.867,0.219763
136,0.135244
136,0.135244
136,0.135244
136,0.135244
136,0.135244
136,0.135244
136,0.135244
136,0.135244
136,0.135244
136,0.135244
136,0.135244
136,0.135244
136,0.135244
136,0.135244
136,0.135244
136,0.135244
136,0.135244
137.133,0.0451478
137.133,0.0451478
137.133,0.0451478
137.133,0.0451478
137.133,0.0451478
137.133,0.0451478
137.133,0.0451478
137.133,0.0451478
137.133,0.0451478
137.133,0.0451478
137.133,0.0451478
137.133,0.0451478
137.133,0.0451478
137.133,0.0451478
137.133,0.0451478
137.133,0.0451478
137.133,0.0451478
138.267,0.00876622
138.267,0.00876622
138.267,0.00876622
138.267,0.00876622
138.267,0.00876622
138.267,0.00876622
138.267,0.00876622
138.267,0.00876622
138.267,0.00876622
138.267,0.00876622
138.267,0.00876622
138.267,0.00876622
138.267,0.00876622
138.267,0.00876622
138.267,0.00876622
138.267,0.00876622
138.267,0.00876622
139.4,0.00436548
139.4,0.00436548
139.4,0.00436548
139.4,0.00436548
139.4,0.00436548
139.4,0.00436548
139.4,0.00436548
139.4,0.00436548
139.4,0.00436548
139.4,0.00436548
139.4,0.00436548
139.4,0.00436548
139.4,0.00436548
139.4,0.00436548
139.4,0.00436548
139.4,0.00436548
139.4,0.00436548
140.533,0.024982
140.533,0.024982
140.533,0.024982
140.533,0.024982
140.533,0.024982
140.533,0.024982
140.533,0.024982
140.533,0.024982
140.533,0.024982
140.533,0.024982
140.533,0.024982
140.533,0.024982
140.533,0.024982
140.533,0.024982
140.533,0.024982
140.533,0.024982
140.533,0.024982
141.667,0.116633
141.667,0.116633
141.667,0.116633
141.667,0.116633
141.667,0.116633
141.667,0.116633
141.667,0.116633
141.667,0.116633
141.667,0.116633
141.667,0.116633
141.667,0.116633
141.667,0.116633
141.667,0.116633
141.667,0.116633
141.667,0.116633
141.667,0.116633
141.667,0.116633
142.8,0.188331
142.8,0.188331
142.8,0.188331
142.8,0.188331
142.8,0.188331
142.8,0.188331
142.8,0.188331
142.8,0.188331
142.8,0.188331
142.8,0.188331
142.8,0.188331
142.8,0.188331
142.8,0.188331
142.8,0.188331
142.8,0.188331
142.8,0.188331
142.8,0.188331
143.933,0.208763
143.933,0.208763
143.933,0.208763
143.933,0.208763
143.933,0.208763
143.933,0.208763
143.933,0.208763
143.933,0.208763
143.933,0.208763
143.933,0.208763
143.933,0.208763
143.933,0.208763
143.933,0.208763
143.933,0.208763
143.933,0.208763
143.933,0.208763
143.933,0.208763
145.067,0.125368
145.067,0.125368
145.067,0.125368
145.067,0.125368
145.067,0.125368
145.067,0.125368
145.067,0.125368
145.067,0.125368
145.067,0.125368
145.067,0.125368
145.067,0.125368
145.067,0.125368
145.067,0.125368
145.067,0.125368
145.067,0.125368
145.067,0.125368
145.067,0.125368
146.2,0.0192841
146.2,0.0192841
146.2,0.0192841
146.2,0.0192841
146.2,0.0192841
146.2,0.0192841
146.2,0.0192841
146.2,0.0192841
146.2,0.0192841
146.2,0.0192841
146.2,0.0192841
146.2,0.0192841
146.2,0.0192841
146.2,0.0192841
146.2,0.0192841
146.2,0.0192841
146.2,0.0192841
147.333,0.00101104
147.333,0.00101104
147.333,0.00101104
147.333,0.00101104
147.333,0.00101104
147.333,0.00101104
147.333,0.00101104
147.333,0.00101104
147.333,0.00101104
147.333,0.00101104
147.333,0.00101104
147.333,0.00101104
147.333,0.00101104
147.333,0.00101104
147.333,0.00101104
147.333,0.00101104
147.333,0.00101104
148.467,0.00136372
148.467,0.00136372
148.467,0.00136372
148.467,0.00136372
148.467,0.00136372
148.467,0.00136372
148.467,0.00136372
148.467,0.00136372
148.467,0.00136372
148.467,0.00136372
148.467,0.00136372
148.467,0.00136372
148.467,0.00136372
148.467,0.00136372
148.467,0.00136372
148.467,0.00136372
148.467,0.00136372
149.6,0.00157925
149.6,0.00157925
149.6,0.00157925
149.6,0.00157925
149.6,0.00157925
149.6,0.00157925
149.6,0.00157925
149.6,0.00157925
149.6,0.00157925
149.6,0.00157925
149.6,0.00157925
149.6,0.00157925
149.6,0.00157925
149.6,0.00157925
149.6,0.00157925
149.6,0.00157925
149.6,0.00157925
150.733,0.0018183
150.733,0.0018183
150.733,0.0018183
150.733,0.0018183
150.733,0.0018183
150.733,0.0018183
150.733,0.0018183
150.733,0.0018183
150.733,0.0018183
150.733,0.0018183
150.733,0.0018183
150.733,0.0018183
150.733,0.0018183
150.733,0.0018183
150.733,0.0018183
150.733,0.0018183
150.733,0.0018183
151.867,0.0535535
151.867,0.0535535
151.867,0.0535535
151.867,0.0535535
151.867,0.0535535
151.867,0.0535535
151.867,0.0535535
151.867,0.0535535
151.867,0.0535535
151.867,0.0535535
151.867,0.0535535
151.867,0.0535535
151.867,0.0535535
151.867,0.0535535
151.867,0.0535535
151.867,0.0535535
151.867,0.0535535
153,0.0633896
153,0.0633896
153,0.0633896
153,0.0633896
153,0.0633896
153,0.0633896
153,0.0633896
153,0.0633896
153,0.0633896
153,0.0633896
153,0.0633896
153,0.0633896
153,0.0633896
153,0.0633896
153,0.0633896
153,0.0633896
153,0.0633896
154.133,0.0415465
154.133,0.0415465
154.133,0.0415465
154.133,0.0415465
154.133,0.0415465
154.133,0.0415465
154.133,0.0415465
154.133,0.0415465
154.133,0.0415465
154.133,0.0415465
154.133,0.0415465
154.133,0.0415465
154.133,0.0415465
154.133,0.0415465
154.133,0.0415465
154.133,0.0415465
154.133,0.0415465
155.267,0.0219293
155.267,0.0219293
155.267,0.0219293
155.267,0.0219293
155.267,0.0219293
155.267,0.0219293
155.267,0.0219293
155.267,0.0219293
155.267,0.0219293
155.267,0.0219293
155.267,0.0219293
155.267,0.0219293
155.267,0.0219293
155.267,0.0219293
155.267,0.0219293
155.267,0.0219293
155.267,0.0219293
156.4,0.00760628
156.4,0.00760628
156.4,0.00760628
156.4,0.00760628
156.4,0.00760628
156.4,0.00760628
156.4,0.00760628
156.4,0.00760628
156.4,0.00760628
156.4,0.00760628
156.4,0.00760628
156.4,0.00760628
156.4,0.00760628
156.4,0.00760628
156.4,0.00760628
156.4,0.00760628
156.4,0.00760628
157.533,0.00592514
157.533,0.00592514
157.533,0.00592514
157.533,0.00592514
157.533,0.00592514
157.533,0.00592514
157.533,0.00592514
157.533,0.00592514
157.533,0.00592514
157.533,0.00592514
157.533,0.00592514
157.533,0.00592514
157.533,0.00592514
157.533,0.00592514
157.533,0.00592514
157.533,0.00592514
157.533,0.00592514
158.667,0.00503558
158.667,0.00503558
158.667,0.00503558
158.667,0.00503558
158.667,0.00503558
158.667,0.00503558
158.667,0.00503558
158.667,0.00503558
158.667,0.00503558
158.667,0.00503558
158.667,0.00503558
158.667,0.00503558
158.667,0.00503558
158.667,0.00503558
158.667,0.00503558
158.667,0.00503558
158.667,0.00503558
159.8,0.0638716
159.8,0.0638716
159.8,0.0638716
159.8,0.0638716
159.8,0.0638716
159.8,0.0638716
159.8,0.0638716
159.8,0.0638716
159.8,0.0638716
159.8,0.0638716
159.8,0.0638716
159.8,0.0638716
159.8,0.0638716
159.8,0.0638716
159.8,0.0638716
159.8,0.0638716
159.8,0.0638716
160.933,0.0484592
160.933,0.0484592
160.933,0.0484592
160.933,0.0484592
160.933,0.0484592
160.933,0.0484592
160.933,0.0484592
160.933,0.0484592
160.933,0.0484592
160.933,0.0484592
160.933,0.0484592
160.933,0.0484592
160.933,0.0484592
160.933,0.0484592
160.933,0.0484592
160.933,0.0484592
160.933,0.0484592
162.067,0.00111684
162.067,0.00111684
162.067,0.00111684
162.067,0.00111684
162.067,0.00111684
162.067,0.00111684
162.067,0.00111684
162.067,0.00111684
162.067,0.00111684
162.067,0.00111684
162.067,0.00111684
162.067,0.00111684
162.067,0.00111684
162.067,0.00111684
162.067,0.00111684
162.067,0.00111684
162.067,0.00111684
163.2,0.0469622
163.2,0.0469622
163.2,0.0469622
163.2,0.0469622
163.2,0.0469622
163.2,0.0469622
163.2,0.0469622
163.2,0.0469622
163.2,0.0469622
163.2,0.0469622
163.2,0.0469622
163.2,0.0469622
163.2,0.0469622
163.2,0.0469622
163.2,0.0469622
163.2,0.0469622
163.2,0.0469622
164.333,0.0209849
164.333,0.0209849
164.333,0.0209849
164.333,0.0209849
164.333,0.0209849
164.333,0.0209849
164.333,0.0209849
164.333,0.0209849
164.333,0.0209849
164.333,0.0209849
164.333,0.0209849
164.333,0.0209849
164.333,0.0209849
164.333,0.0209849
164.333,0.0209849
164.333,0.0209849
164.333,0.0209849
165.467,0.00699103
165.467,0.00699103
165.467,0.00699103
165.467,0.00699103
165.467,0.00699103
165.467,0.00699103
165.467,0.00699103
165.467,0.00699103
165.467,0.00699103
165.467,0.00699103
165.467,0.00699103
165.467,0.00699103
165.467,0.00699103
165.467,0.00699103
165.467,0.00699103
165.467,0.00699103
165.467,0.00699103
166.6,0.0104826
166.6,0.0104826
166.6,0.0104826
166.6,0.0104826
166.6,0.0104826
166.6,0.0104826
166.6,0.0104826
166.6,0.0104826
166.6,0.0104826
166.6,0.0104826
166.6,0.0104826
166.6,0.0104826
166.6,0.0104826
166.6,0.0104826
166.6,0.0104826
166.6,0.0104826
166.6,0.0104826
167.733,0.0543529
167.733,0.0543529
167.733,0.0543529
167.733,0.0543529
167.733,0.0543529
167.733,0.0543529
167.733,0.0543529
167.733,0.0543529
167.733,0.0543529
167.733,0.0543529
167.733,0.0543529
167.733,0.0543529
167.733,0.0543529
167.733,0.0543529
167.733,0.0543529
167.733,0.0543529
167.733,0.0543529
168.867,0.0693304
168.867,0.0693304
168.867,0.0693304
168.867,0.0693304
168.867,0.0693304
168.867,0.0693304
168.867,0.0693304
168.867,0.0693304
168.867,0.0693304
168.867,0.0693304
168.867,0.0693304
168.867,0.0693304
168.867,0.0693304
168.867,0.0693304
168.867,0.0693304
168.867,0.0693304
168.867,0.0693304
170,0.0543608
170,0.0543608
170,0.0543608
170,0.0543608
170,0.0543608
170,0.0543608
170,0.0543608
170,0.0543608
170,0.0543608
170,0.0543608
170,0.0543608
170,0.0543608
170,0.0543608
170,0.0543608
170,0.0543608
170,0.0543608
170,0.0543608
171.133,0.00307621
171.133,0.00307621
171.133,0.00307621
171.133,0.00307621
171.133,0.00307621
171.133,0.00307621
171.133,0.00307621
171.133,0.00307621
171.133,0.00307621
171.133,0.00307621
171.133,0.00307621
171.133,0.00307621
171.133,0.00307621
171.133,0.00307621
171.133,0.00307621
171.133,0.00307621
171.133,0.00307621
172.267,0.00166546
172.267,0.00166546
172.267,0.00166546
172.267,0.00166546
172.267,0.00166546
172.267,0.00166546
172.267,0.00166546
172.267,0.00166546
172.267,0.00166546
172.267,0.00166546
172.267,0.00166546
172.267,0.00166546
172.267,0.00166546
172.267,0.00166546
172.267,0.00166546
172.267,0.00166546
172.267,0.00166546
173.4,0.0016929
173.4,0.0016929
173.4,0.0016929
173.4,0.0016929
173.4,0.0016929
173.4,0.0016929
173.4,0.0016929
173.4,0.0016929
173.4,0.0016929
173.4,0.0016929
173.4,0.0016929
173.4,0.0016929
173.4,0.0016929
173.4,0.0016929
173.4,0.0016929
173.4,0.0016929
173.4,0.0016929
174.533,0.00187708
174.533,0.00187708
174.533,0.00187708
174.533,0.00187708
174.533,0.00187708
174.533,0.00187708
174.533,0.00187708
174.533,0.00187708
174.533,0.00187708
174.533,0.00187708
174.533,0.00187708
174.533,0.00187708
174.533,0.00187708
174.533,0.00187708
174.533,0.00187708
174.533,0.00187708
174.533,0.00187708
175.667,0.0401867
175.667,0.0401867
175.667,0.0401867
175.667,0.0401867
175.667,0.0401867
175.667,0.0401867
175.667,0.0401867
175.667,0.0401867
175.667,0.0401867
175.667,0.0401867
175.667,0.0401867
175.667,0.0401867
175.667,0.0401867
175.667,0.0401867
175.667,0.0401867
175.667,0.0401867
175.667,0.0401867
176.8,0.141075
176.8,0.141075
176.8,0.141075
176.8,0.141075
176.8,0.141075
176.8,0.141075
176.8,0.141075
176.8,0.141075
176.8,0.141075
176.8,0.141075
176.8,0.141075
176.8,0.141075
176.8,0.141075
176.8,0.141075
176.8,0.141075
176.8,0.141075
176.8,0.141075
177.933,0.121285
177.933,0.121285
177.933,0.121285
177.933,0.121285
177.933,0.121285
177.933,0.121285
177.933,0.121285
177.933,0.121285
177.933,0.121285
177.933,0.121285
177.933,0.121285
177.933,0.121285
177.933,0.121285
177.933,0.121285
177.933,0.121285
177.933,0.121285
177.933,0.121285
179.067,0.102209
179.067,0.102209
179.067,0.102209
179.067,0.102209
179.067,0.102209
179.067,0.102209
179.067,0.102209
179.067,0.102209
179.067,0.102209
179.067,0.102209
179.067,0.102209
179.067,0.102209
179.067,0.102209
179.067,0.102209
179.067,0.102209
179.067,0.102209
179.067,0.102209
180.2,0.0342968
180.2,0.0342968
180.2,0.0342968
180.2,0.0342968
180.2,0.0342968
180.2,0.0342968
180.2,0.0342968
180.2,0.0342968
180.2,0.0342968
180.2,0.0342968
180.2,0.0342968
180.2,0.0342968
180.2,0.0342968
180.2,0.0342968
180.2,0.0342968
180.2,0.0342968
180.2,0.0342968
181.333,0.0362405
181.333,0.0362405
181.333,0.0362405
181.333,0.0362405
181.333,0.0362405
181.333,0.0362405
181.333,0.0362405
181.333,0.0362405
181.333,0.0362405
181.333,0.0362405
181.333,0.0362405
181.333,0.0362405
181.333,0.0362405
181.333,0.0362405
181.333,0.0362405
181.333,0.0362405
181.333,0.0362405
182.467,0.0756787
182.467,0.0756787
182.467,0.0756787
182.467,0.0756787
182.467,0.0756787
182.467,0.0756787
182.467,0.0756787
182.467,0.0756787
182.467,0.0756787
182.467,0.0756787
182.467,0.0756787
182.467,0.0756787
182.467,0.0756787
182.467,0.0756787
182.467,0.0756787
182.467,0.0756787
182.467,0.0756787
183.6,0.0892454
183.6,0.0892454
183.6,0.0892454
183.6,0.0892454
183.6,0.0892454
183.6,0.0892454
183.6,0.0892454
183.6,0.0892454
183.6,0.0892454
183.6,0.0892454
183.6,0.0892454
183.6,0.0892454
183.6,0.0892454
183.6,0.0892454
183.6,0.0892454
183.6,0.0892454
183.6,0.0892454
184.733,0.0942771
184.733,0.0942771
184.733,0.0942771
184.733,0.0942771
184.733,0.0942771
184.733,0.0942771
184.733,0.0942771
184.733,0.0942771
184.733,0.0942771
184.733,0.0942771
184.733,0.0942771
184.733,0.0942771
184.733,0.0942771
184.733,0.0942771
184.733,0.0942771
184.733,0.0942771
184.733,0.0942771
185.867,0.0971887
185.867,0.0971887
185.867,0.0971887
185.867,0.0971887
185.867,0.0971887
185.867,0.0971887
185.867,0.0971887
185.867,0.0971887
185.867,0.0971887
185.867,0.0971887
185.867,0.0971887
185.867,0.0971887
185.867,0.0971887
185.867,0.0971887
185.867,0.0971887
185.867,0.0971887
185.867,0.0971887
187,0.0991833
187,0.0991833
187,0.0991833
187,0.0991833
187,0.0991833
187,0.0991833
187,0.0991833
187,0.0991833
187,0.0991833
187,0.0991833
187,0.0991833
187,0.0991833
187,0.0991833
187,0.0991833
187,0.0991833
187,0.0991833
187,0.0991833
188.133,0.0999122
188.133,0.0999122
188.133,0.0999122
188.133,0.0999122
188.133,0.0999122
188.133,0.0999122
188.133,0.0999122
188.133,0.0999122
188.133,0.0999122
188.133,0.0999122
188.133,0.0999122
188.133,0.0999122
188.133,0.0999122
188.133,0.0999122
188.133,0.0999122
188.133,0.0999122
188.133,0.0999122
189.267,0.101135
189.267,0.101135
189.267,0.101135
189.267,0.101135
189.267,0.101135
189.267,0.101135
189.267,0.101135
189.267,0.101135
189.267,0.101135
189.267,0.101135
189.267,0.101135
189.267,0.101135
189.267,0.101135
189.267,0.101135
189.267,0.101135
189.267,0.101135
189.267,0.101135
190.4,0.102546
190.4,0.102546
190.4,0.102546
190.4,0.102546
190.4,0.102546
190.4,0.102546
190.4,0.102546
190.4,0.102546
190.4,0.102546
190.4,0.102546
190.4,0.102546
190.4,0.102546
190.4,0.102546
190.4,0.102546
190.4,0.102546
190.4,0.102546
190.4,0.102546
191.533,0.105093
191.533,0.105093
191.533,0.105093
191.533,0.105093
191.533,0.105093
191.533,0.105093
191.533,0.105093
191.533,0.105093
191.533,0.105093
191.533,0.105093
191.533,0.105093
191.533,0.105093
191.533,0.105093
191.533,0.105093
191.533,0.105093
191.533,0.105093
191.533,0.105093
192.667,0.110414
192.667,0.110414
192.667,0.110414
192.667,0.110414
192.667,0.110414
192.667,0.110414
192.667,0.110414
192.667,0.110414
192.667,0.110414
192.667,0.110414
192.667,0.110414
192.667,0.110414
192.667,0.110414
192.667,0.110414
192.667,0.110414
192.667,0.110414
192.667,0.110414
193.8,0.106895
193.8,0.106895
193.8,0.106895
193.8,0.106895
193.8,0.106895
193.8,0.106895
193.8,0.106895
193.8,0.106895
193.8,0.106895
193.8,0.106895
193.8,0.106895
193.8,0.106895
193.8,0.106895
193.8,0.106895
193.8,0.106895
193.8,0.106895
193.8,0.106895
194.933,0.106217
194.933,0.106217
194.933,0.106217
194.933,0.106217
194.933,0.106217
194.933,0.106217
194.933,0.106217
194.933,0.106217
194.933,0.106217
194.933,0.106217
194.933,0.106217
194.933,0.106217
194.933,0.106217
194.933,0.106217
194.933,0.106217
194.933,0.106217
194.933,0.106217
196.067,0.112934
196.067,0.112934
196.067,0.112934
196.067,0.112934
196.067,0.112934
196.067,0.112934
196.067,0.112934
196.067,0.112934
196.067,0.112934
196.067,0.112934
196.067,0.112934
196.067,0.112934
196.067,0.112934
196.067,0.112934
196.067,0.112934
196.067,0.112934
196.067,0.112934
197.2,0.146581
197.2,0.146581
197.2,0.146581
197.2,0.146581
197.2,0.146581
197.2,0.146581
197.2,0.146581
197.2,0.146581
197.2,0.146581
197.2,0.146581
197.2,0.146581
197.2,0.146581
197.2,0.146581
197.2,0.146581
197.2,0.146581
197.2,0.146581
197.2,0.146581
198.333,0.178377
198.333,0.178377
198.333,0.178377
198.333,0.178377
198.333,0.178377
198.333,0.178377
198.333,0.178377
198.333,0.178377
198.333,0.178377
198.333,0.178377
198.333,0.178377
198.333,0.178377
198.333,0.178377
198.333,0.178377
198.333,0.178377
198.333,0.178377
198.333,0.178377
199.467,0.230935
199.467,0.230935
199.467,0.230935
199.467,0.230935
199.467,0.230935
199.467,0.230935
199.467,0.230935
199.467,0.230935
199.467,0.230935
199.467,0.230935
199.467,0.230935
199.467,0.230935
199.467,0.230935
199.467,0.230935
199.467,0.230935
199.467,0.230935
199.467,0.230935
200.6,0.291225
200.6,0.291225
200.6,0.291225
200.6,0.291225
200.6,0.291225
200.6,0.291225
200.6,0.291225
200.6,0.291225
200.6,0.291225
200.6,0.291225
200.6,0.291225
200.6,0.291225
200.6,0.291225
200.6,0.291225
200.6,0.291225
200.6,0.291225
200.6,0.291225
201.733,0.323222
201.733,0.323222
201.733,0.323222
201.733,0.323222
201.733,0.323222
201.733,0.323222
201.733,0.323222
201.733,0.323222
201.733,0.323222
201.733,0.323222
201.733,0.323222
201.733,0.323222
201.733,0.323222
201.733,0.323222
201.733,0.323222
201.733,0.323222
201.733,0.323222
202.867,0.314902
202.867,0.314902
202.867,0.314902
202.867,0.314902
202.867,0.314902
202.867,0.314902
202.867,0.314902
202.867,0.314902
202.867,0.314902
202.867,0.314902
202.867,0.314902
202.867,0.314902
202.867,0.314902
202.867,0.314902
202.867,0.314902
202.867,0.314902
202.867,0.314902
204,0.322352
204,0.322352
204,0.322352
204,0.322352
204,0.322352
204,0.322352
204,0.322352
204,0.322352
204,0.322352
204,0.322352
204,0.322352
204,0.322352
204,0.322352
204,0.322352
204,0.322352
204,0.322352
204,0.322352
205.133,0.354031
205.133,0.354031
205.133,0.354031
205.133,0.354031
205.133,0.354031
205.133,0.354031
205.133,0.354031
205.133,0.354031
205.133,0.354031
205.133,0.354031
205.133,0.354031
205.133,0.354031
205.133,0.354031
205.133,0.354031
205.133,0.354031
205.133,0.354031
205.133,0.354031
206.267,0.363193
206.267,0.363193
206.267,0.363193
206.267,0.363193
206.267,0.363193
206.267,0.363193
206.267,0.363193
206.267,0.363193
206.267,0.363193
206.267,0.363193
206.267,0.363193
206.267,0.363193
206.267,0.363193
206.267,0.363193
206.267,0.363193
206.267,0.363193
206.267,0.363193
207.4,0.354607
207.4,0.354607
207.4,0.354607
207.4,0.354607
207.4,0.354607
207.4,0.354607
207.4,0.354607
207.4,0.354607
207.4,0.354607
207.4,0.354607
207.4,0.354607
207.4,0.354607
207.4,0.354607
207.4,0.354607
207.4,0.354607
207.4,0.354607
207.4,0.354607
208.533,0.350786
208.533,0.350786
208.533,0.350786
208.533,0.350786
208.533,0.350786
208.533,0.350786
208.533,0.350786
208.533,0.350786
208.533,0.350786
208.533,0.350786
208.533,0.350786
208.533,0.350786
208.533,0.350786
208.533,0.350786
208.533,0.350786
208.533,0.350786
208.533,0.350786
209.667,0.361147
209.667,0.361147
209.667,0.361147
209.667,0.361147
209.667,0.361147
209.667,0.361147
209.667,0.361147
209.667,0.361147
209.667,0.361147
209.667,0.361147
209.667,0.361147
209.667,0.361147
209.667,0.361147
209.667,0.361147
209.667,0.361147
209.667,0.361147
209.667,0.361147
210.8,0.3696
210.8,0.3696
210.8,0.3696
210.8,0.3696
210.8,0.3696
210.8,0.3696
210.8,0.3696
210.8,0.3696
210.8,0.3696
210.8,0.3696
210.8,0.3696
210.8,0.3696
210.8,0.3696
210.8,0.3696
210.8,0.3696
210.8,0.3696
210.8,0.3696
211.933,0.375494
211.933,0.375494
211.933,0.375494
211.933,0.375494
211.933,0.375494
211.933,0.375494
211.933,0.375494
211.933,0.375494
211.933,0.375494
211.933,0.375494
211.933,0.375494
211.933,0.375494
211.933,0.375494
211.933,0.375494
211.933,0.375494
211.933,0.375494
211.933,0.375494
213.067,0.397066
213.067,0.397066
213.067,0.397066
213.067,0.397066
213.067,0.397066
213.067,0.397066
213.067,0.397066
213.067,0.397066
213.067,0.397066
213.067,0.397066
213.067,0.397066
213.067,0.397066
213.067,0.397066
213.067,0.397066
213.067,0.397066
213.067,0.397066
213.067,0.397066
214.2,0.410351
214.2,0.410351
214.2,0.410351
214.2,0.410351
214.2,0.410351
214.2,0.410351
214.2,0.410351
214.2,0.410351
214.2,0.410351
214.2,0.410351
214.2,0.410351
214.2,0.410351
214.2,0.410351
214.2,0.410351
214.2,0.410351
214.2,0.410351
214.2,0.410351
215.333,0.416225
215.333,0.416225
215.333,0.416225
215.333,0.416225
215.333,0.416225
215.333,0.416225
215.333,0.416225
215.333,0.416225
215.333,0.416225
215.333,0.416225
215.333,0.416225
215.333,0.416225
215.333,0.416225
215.333,0.416225
215.333,0.416225
215.333,0.416225
215.333,0.416225
216.467,0.413482
216.467,0.413482
216.467,0.413482
216.467,0.413482
216.467,0.413482
216.467,0.413482
216.467,0.413482
216.467,0.413482
216.467,0.413482
216.467,0.413482
216.467,0.413482
216.467,0.413482
216.467,0.413482
216.467,0.413482
216.467,0.413482
216.467,0.413482
216.467,0.413482
217.6,0.414893
217.6,0.414893
217.6,0.414893
217.6,0.414893
217.6,0.414893
217.6,0.414893
217.6,0.414893
217.6,0.414893
217.6,0.414893
217.6,0.414893
217.6,0.414893
217.6,0.414893
217.6,0.414893
217.6,0.414893
217.6,0.414893
217.6,0.414893
217.6,0.414893
218.733,0.419556
218.733,0.419556
218.733,0.419556
218.733,0.419556
218.733,0.419556
218.733,0.419556
218.733,0.419556
218.733,0.419556
218.733,0.419556
218.733,0.419556
218.733,0.419556
218.733,0.419556
218.733,0.419556
218.733,0.419556
218.733,0.419556
218.733,0.419556
218.733,0.419556
219.867,0.410081
219.867,0.410081
219.867,0.410081
219.867,0.410081
219.867,0.410081
219.867,0.410081
219.867,0.410081
219.867,0.410081
219.867,0.410081
219.867,0.410081
219.867,0.410081
219.867,0.410081
219.867,0.410081
219.867,0.410081
219.867,0.410081
219.867,0.410081
219.867,0.410081
221,0.400809
221,0.400809
221,0.400809
221,0.400809
221,0.400809
221,0.400809
221,0.400809
221,0.400809
221,0.400809
221,0.400809
221,0.400809
221,0.400809
221,0.400809
221,0.400809
221,0.400809
221,0.400809
221,0.400809
222.133,0.402184
222.133,0.402184
222.133,0.402184
222.133,0.402184
222.133,0.402184
222.133,0.402184
222.133,0.402184
222.133,0.402184
222.133,0.402184
222.133,0.402184
222.133,0.402184
222.133,0.402184
222.133,0.402184
222.133,0.402184
222.133,0.402184
222.133,0.402184
222.133,0.402184
223.267,0.404449
223.267,0.404449
223.267,0.404449
223.267,0.404449
223.267,0.404449
223.267,0.404449
223.267,0.404449
223.267,0.404449
223.267,0.404449
223.267,0.404449
223.267,0.404449
223.267,0.404449
223.267,0.404449
223.267,0.404449
223.267,0.404449
223.267,0.404449
223.267,0.404449
224.4,0.405723
224.4,0.405723
224.4,0.405723
224.4,0.405723
224.4,0.405723
224.4,0.405723
224.4,0.405723
224.4,0.405723
224.4,0.405723
224.4,0.405723
224.4,0.405723
224.4,0.405723
224.4,0.405723
224.4,0.405723
224.4,0.405723
224.4,0.405723
224.4,0.405723
225.533,0.413666
225.533,0.413666
225.533,0.413666
225.533,0.413666
225.533,0.413666
225.533,0.413666
225.533,0.413666
225.533,0.413666
225.533,0.413666
225.533,0.413666
225.533,0.413666
225.533,0.413666
225.533,0.413666
225.533,0.413666
225.533,0.413666
225.533,0.413666
225.533,0.413666
226.667,0.41088
226.667,0.41088
226.667,0.41088
226.667,0.41088
226.667,0.41088
226.667,0.41088
226.667,0.41088
226.667,0.41088
226.667,0.41088
226.667,0.41088
226.667,0.41088
226.667,0.41088
226.667,0.41088
226.667,0.41088
226.667,0.41088
226.667,0.41088
226.667,0.41088
227.8,0.413901
227.8,0.413901
227.8,0.413901
227.8,0.413901
227.8,0.413901
227.8,0.413901
227.8,0.413901
227.8,0.413901
227.8,0.413901
227.8,0.413901
227.8,0.413901
227.8,0.413901
227.8,0.413901
227.8,0.413901
227.8,0.413901
227.8,0.413901
227.8,0.413901
228.933,0.416676
228.933,0.416676
228.933,0.416676
228.933,0.416676
228.933,0.416676
228.933,0.416676
228.933,0.416676
228.933,0.416676
228.933,0.416676
228.933,0.416676
228.933,0.416676
228.933,0.416676
228.933,0.416676
228.933,0.416676
228.933,0.416676
228.933,0.416676
228.933,0.416676
230.067,0.420622
230.067,0.420622
230.067,0.420622
230.067,0.420622
230.067,0.420622
230.067,0.420622
230.067,0.420622
230.067,0.420622
230.067,0.420622
230.067,0.420622
230.067,0.420622
230.067,0.420622
230.067,0.420622
230.067,0.420622
230.067,0.420622
230.067,0.420622
230.067,0.420622
231.2,0.417264
231.2,0.417264
231.2,0.417264
231.2,0.417264
231.2,0.417264
231.2,0.417264
231.2,0.417264
231.2,0.417264
231.2,0.417264
231.2,0.417264
231.2,0.417264
231.2,0.417264
231.2,0.417264
231.2,0.417264
231.2,0.417264
231.2,0.417264
231.2,0.417264
232.333,0.409375
232.333,0.409375
232.333,0.409375
232.333,0.409375
232.333,0.409375
232.333,0.409375
232.333,0.409375
232.333,0.409375
232.333,0.409375
232.333,0.409375
232.333,0.409375
232.333,0.409375
232.333,0.409375
232.333,0.409375
232.333,0.409375
232.333,0.409375
232.333,0.409375
233.467,0.413478
233.467,0.413478
233.467,0.413478
233.467,0.413478
233.467,0.413478
233.467,0.413478
233.467,0.413478
233.467,0.413478
233.467,0.413478
233.467,0.413478
233.467,0.413478
233.467,0.413478
233.467,0.413478
233.467,0.413478
233.467,0.413478
233.467,0.413478
233.467,0.413478
234.6,0.411366
234.6,0.411366
234.6,0.411366
234.6,0.411366
234.6,0.411366
234.6,0.411366
234.6,0.411366
234.6,0.411366
234.6,0.411366
234.6,0.411366
234.6,0.411366
234.6,0.411366
234.6,0.411366
234.6,0.411366
234.6,0.411366
234.6,0.411366
234.6,0.411366
235.733,0.408842
235.733,0.408842
235.733,0.408842
235.733,0.408842
235.733,0.408842
235.733,0.408842
235.733,0.408842
235.733,0.408842
235.733,0.408842
235.733,0.408842
235.733,0.408842
235.733,0.408842
235.733,0.408842
235.733,0.408842
235.733,0.408842
235.733,0.408842
235.733,0.408842
236.867,0.417722
236.867,0.417722
236.867,0.417722
236.867,0.417722
236.867,0.417722
236.867,0.417722
236.867,0.417722
236.867,0.417722
236.867,0.417722
236.867,0.417722
236.867,0.417722
236.867,0.417722
236.867,0.417722
236.867,0.417722
236.867,0.417722
236.867,0.417722
236.867,0.417722
238,0.41329
238,0.41329
238,0.41329
238,0.41329
238,0.41329
238,0.41329
238,0.41329
238,0.41329
238,0.41329
238,0.41329
238,0.41329
238,0.41329
238,0.41329
238,0.41329
238,0.41329
238,0.41329
238,0.41329
239.133,0.419768
239.133,0.419768
239.133,0.419768
239.133,0.419768
239.133,0.419768
239.133,0.419768
239.133,0.419768
239.133,0.419768
239.133,0.419768
239.133,0.419768
239.133,0.419768
239.133,0.419768
239.133,0.419768
239.133,0.419768
239.133,0.419768
239.133,0.419768
239.133,0.419768
240.267,0.412832
240.267,0.412832
240.267,0.412832
240.267,0.412832
240.267,0.412832
240.267,0.412832
240.267,0.412832
240.267,0.412832
240.267,0.412832
240.267,0.412832
240.267,0.412832
240.267,0.412832
240.267,0.412832
240.267,0.412832
240.267,0.412832
240.267,0.412832
240.267,0.412832
241.4,0.416801
241.4,0.416801
241.4,0.416801
241.4,0.416801
241.4,0.416801
241.4,0.416801
241.4,0.416801
241.4,0.416801
241.4,0.416801
241.4,0.416801
241.4,0.416801
241.4,0.416801
241.4,0.416801
241.4,0.416801
241.4,0.416801
241.4,0.416801
241.4,0.416801
242.533,0.415512
242.533,0.415512
242.533,0.415512
242.533,0.415512
242.533,0.415512
242.533,0.415512
242.533,0.415512
242.533,0.415512
242.533,0.415512
242.533,0.415512
242.533,0.415512
242.533,0.415512
242.533,0.415512
242.533,0.415512
242.533,0.415512
242.533,0.415512
242.533,0.415512
243.667,0.415238
243.667,0.415238
243.667,0.415238
243.667,0.415238
243.667,0.415238
243.667,0.415238
243.667,0.415238
243.667,0.415238
243.667,0.415238
243.667,0.415238
243.667,0.415238
243.667,0.415238
243.667,0.415238
243.667,0.415238
243.667,0.415238
243.667,0.415238
243.667,0.415238
244.8,0.41137
244.8,0.41137
244.8,0.41137
244.8,0.41137
244.8,0.41137
244.8,0.41137
244.8,0.41137
244.8,0.41137
244.8,0.41137
244.8,0.41137
244.8,0.41137
244.8,0.41137
244.8,0.41137
244.8,0.41137
244.8,0.41137
244.8,0.41137
244.8,0.41137
245.933,0.421304
245.933,0.421304
245.933,0.421304
245.933,0.421304
245.933,0.421304
245.933,0.421304
245.933,0.421304
245.933,0.421304
245.933,0.421304
245.933,0.421304
245.933,0.421304
245.933,0.421304
245.933,0.421304
245.933,0.421304
245.933,0.421304
245.933,0.421304
245.933,0.421304
247.067,0.417393
247.067,0.417393
247.067,0.417393
247.067,0.417393
247.067,0.417393
247.067,0.417393
247.067,0.417393
247.067,0.417393
247.067,0.417393
247.067,0.417393
247.067,0.417393
247.067,0.417393
247.067,0.417393
247.067,0.417393
247.067,0.417393
247.067,0.417393
247.067,0.417393
248.2,0.418298
248.2,0.418298
248.2,0.418298
248.2,0.418298
248.2,0.418298
248.2,0.418298
248.2,0.418298
248.2,0.418298
248.2,0.418298
248.2,0.418298
248.2,0.418298
248.2,0.418298
248.2,0.418298
248.2,0.418298
248.2,0.418298
248.2,0.418298
248.2,0.418298
249.333,0.418149
249.333,0.418149
249.333,0.418149
249.333,0.418149
249.333,0.418149
249.333,0.418149
249.333,0.418149
249.333,0.418149
249.333,0.418149
249.333,0.418149
249.333,0.418149
249.333,0.418149
249.333,0.418149
249.333,0.418149
249.333,0.418149
249.333,0.418149
249.333,0.418149
250.467,0.41407
250.467,0.41407
250.467,0.41407
250.467,0.41407
250.467,0.41407
250.467,0.41407
250.467,0.41407
250.467,0.41407
250.467,0.41407
250.467,0.41407
250.467,0.41407
250.467,0.41407
250.467,0.41407
250.467,0.41407
250.467,0.41407
250.467,0.41407
250.467,0.41407
251.6,0.403979
251.6,0.403979
251.6,0.403979
251.6,0.403979
251.6,0.403979
251.6,0.403979
251.6,0.403979
251.6,0.403979
251.6,0.403979
251.6,0.403979
251.6,0.403979
251.6,0.403979
251.6,0.403979
251.6,0.403979
251.6,0.403979
251.6,0.403979
251.6,0.403979
252.733,0.427425
252.733,0.427425
252.733,0.427425
252.733,0.427425
252.733,0.427425
252.733,0.427425
252.733,0.427425
252.733,0.427425
252.733,0.427425
252.733,0.427425
252.733,0.427425
252.733,0.427425
252.733,0.427425
252.733,0.427425
252.733,0.427425
252.733,0.427425
252.733,0.427425
253.867,0.432723
253.867,0.432723
253.867,0.432723
253.867,0.432723
253.867,0.432723
253.867,0.432723
253.867,0.432723
253.867,0.432723
253.867,0.432723
253.867,0.432723
253.867,0.432723
253.867,0.432723
253.867,0.432723
253.867,0.432723
253.867,0.432723
253.867,0.432723
253.867,0.432723
255,0.44375
255,0.44375
255,0.44375
255,0.44375
255,0.44375
255,0.44375
255,0.44375
255,0.44375
255,0.44375
255,0.44375
255,0.44375
255,0.44375
255,0.44375
255,0.44375
255,0.44375
255,0.44375
255,0.44375
256.133,0.44674
256.133,0.44674
256.133,0.44674
256.133,0.44674
256.133,0.44674
256.133,0.44674
256.133,0.44674
256.133,0.44674
256.133,0.44674
256.133,0.44674
256.133,0.44674
256.133,0.44674
256.133,0.44674
256.133,0.44674
256.133,0.44674
256.133,0.44674
256.133,0.44674
257.267,0.444973
257.267,0.444973
257.267,0.444973
257.267,0.444973
257.267,0.444973
257.267,0.444973
257.267,0.444973
257.267,0.444973
257.267,0.444973
257.267,0.444973
257.267,0.444973
257.267,0.444973
257.267,0.444973
257.267,0.444973
257.267,0.444973
257.267,0.444973
257.267,0.444973
258.4,0.443841
258.4,0.443841
258.4,0.443841
258.4,0.443841
258.4,0.443841
258.4,0.443841
258.4,0.443841
258.4,0.443841
258.4,0.443841
258.4,0.443841
258.4,0.443841
258.4,0.443841
258.4,0.443841
258.4,0.443841
258.4,0.443841
258.4,0.443841
258.4,0.443841
259.533,0.439898
259.533,0.439898
259.533,0.439898
259.533,0.439898
259.533,0.439898
259.533,0.439898
259.533,0.439898
259.533,0.439898
259.533,0.439898
259.533,0.439898
259.533,0.439898
259.533,0.439898
259.533,0.439898
259.533,0.439898
259.533,0.439898
259.533,0.439898
259.533,0.439898
260.667,0.443484
260.667,0.443484
260.667,0.443484
260.667,0.443484
260.667,0.443484
260.667,0.443484
260.667,0.443484
260.667,0.443484
260.667,0.443484
260.667,0.443484
260.667,0.443484
260.667,0.443484
260.667,0.443484
260.667,0.443484
260.667,0.443484
260.667,0.443484
260.667,0.443484
261.8,0.439636
261.8,0.439636
261.8,0.439636
261.8,0.439636
261.8,0.439636
261.8,0.439636
261.8,0.439636
261.8,0.439636
261.8,0.439636
261.8,0.439636
261.8,0.439636
261.8,0.439636
261.8,0.439636
261.8,0.439636
261.8,0.439636
261.8,0.439636
261.8,0.439636
262.933,0.437747
262.933,0.437747
262.933,0.437747
262.933,0.437747
262.933,0.437747
262.933,0.437747
262.933,0.437747
262.933,0.437747
262.933,0.437747
262.933,0.437747
262.933,0.437747
262.933,0.437747
262.933,0.437747
262.933,0.437747
262.933,0.437747
262.933,0.437747
262.933,0.437747
264.067,0.438993
264.067,0.438993
264.067,0.438993
264.067,0.438993
264.067,0.438993
264.067,0.438993
264.067,0.438993
264.067,0.438993
264.067,0.438993
264.067,0.438993
264.067,0.438993
264.067,0.438993
264.067,0.438993
264.067,0.438993
264.067,0.438993
264.067,0.438993
264.067,0.438993
265.2,0.438268
265.2,0.438268
265.2,0.438268
265.2,0.438268
265.2,0.438268
265.2,0.438268
265.2,0.438268
265.2,0.438268
265.2,0.438268
265.2,0.438268
265.2,0.438268
265.2,0.438268
265.2,0.438268
265.2,0.438268
265.2,0.438268
265.2,0.438268
265.2,0.438268
266.333,0.437735
266.333,0.437735
266.333,0.437735
266.333,0.437735
266.333,0.437735
266.333,0.437735
266.333,0.437735
266.333,0.437735
266.333,0.437735
266.333,0.437735
266.333,0.437735
266.333,0.437735
266.333,0.437735
266.333,0.437735
266.333,0.437735
266.333,0.437735
266.333,0.437735
267.467,0.439373
267.467,0.439373
267.467,0.439373
267.467,0.439373
267.467,0.439373
267.467,0.439373
267.467,0.439373
267.467,0.439373
267.467,0.439373
267.467,0.439373
267.467,0.439373
267.467,0.439373
267.467,0.439373
267.467,0.439373
267.467,0.439373
267.467,0.439373
267.467,0.439373
268.6,0.428463
268.6,0.428463
268.6,0.428463
268.6,0.428463
268.6,0.428463
268.6,0.428463
268.6,0.428463
268.6,0.428463
268.6,0.428463
268.6,0.428463
268.6,0.428463
268.6,0.428463
268.6,0.428463
268.6,0.428463
268.6,0.428463
268.6,0.428463
268.6,0.428463
269.733,0.436117
269.733,0.436117
269.733,0.436117
269.733,0.436117
269.733,0.436117
269.733,0.436117
269.733,0.436117
269.733,0.436117
269.733,0.436117
269.733,0.436117
269.733,0.436117
269.733,0.436117
269.733,0.436117
269.733,0.436117
269.733,0.436117
269.733,0.436117
269.733,0.436117
270.867,0.436759
270.867,0.436759
270.867,0.436759
270.867,0.436759
270.867,0.436759
270.867,0.436759
270.867,0.436759
270.867,0.436759
270.867,0.436759
270.867,0.436759
270.867,0.436759
270.867,0.436759
270.867,0.436759
270.867,0.436759
270.867,0.436759
270.867,0.436759
270.867,0.436759
272,0.433997
272,0.433997
272,0.433997
272,0.433997
272,0.433997
272,0.433997
272,0.433997
272,0.433997
272,0.433997
272,0.433997
272,0.433997
272,0.433997
272,0.433997
272,0.433997
272,0.433997
272,0.433997
272,0.433997
273.133,0.436109
273.133,0.436109
273.133,0.436109
273.133,0.436109
273.133,0.436109
273.133,0.436109
273.133,0.436109
273.133,0.436109
273.133,0.436109
273.133,0.436109
273.133,0.436109
273.133,0.436109
273.133,0.436109
273.133,0.436109
273.133,0.436109
273.133,0.436109
273.133,0.436109
274.267,0.439083
274.267,0.439083
274.267,0.439083
274.267,0.439083
274.267,0.439083
274.267,0.439083
274.267,0.439083
274.267,0.439083
274.267,0.439083
274.267,0.439083
274.267,0.439083
274.267,0.439083
274.267,0.439083
274.267,0.439083
274.267,0.439083
274.267,0.439083
274.267,0.439083
275.4,0.439557
275.4,0.439557
275.4,0.439557
275.4,0.439557
275.4,0.439557
275.4,0.439557
275.4,0.439557
275.4,0.439557
275.4,0.439557
275.4,0.439557
275.4,0.439557
275.4,0.439557
275.4,0.439557
275.4,0.439557
275.4,0.439557
275.4,0.439557
275.4,0.439557
276.533,0.448519
276.533,0.448519
276.533,0.448519
276.533,0.448519
276.533,0.448519
276.533,0.448519
276.533,0.448519
276.533,0.448519
276.533,0.448519
276.533,0.448519
276.533,0.448519
276.533,0.448519
276.533,0.448519
276.533,0.448519
276.533,0.448519
276.533,0.448519
276.533,0.448519
277.667,0.45524
277.667,0.45524
277.667,0.45524
277.667,0.45524
277.667,0.45524
277.667,0.45524
277.667,0.45524
277.667,0.45524
277.667,0.45524
277.667,0.45524
277.667,0.45524
277.667,0.45524
277.667,0.45524
277.667,0.45524
277.667,0.45524
277.667,0.45524
277.667,0.45524
278.8,0.465578
278.8,0.465578
278.8,0.465578
278.8,0.465578
278.8,0.465578
278.8,0.465578
278.8,0.465578
278.8,0.465578
278.8,0.465578
278.8,0.465578
278.8,0.465578
278.8,0.465578
278.8,0.465578
278.8,0.465578
278.8,0.465578
278.8,0.465578
278.8,0.465578
279.933,0.443456
279.933,0.443456
279.933,0.443456
279.933,0.443456
279.933,0.443456
279.933,0.443456
279.933,0.443456
279.933,0.443456
279.933,0.443456
279.933,0.443456
279.933,0.443456
279.933,0.443456
279.933,0.443456
279.933,0.443456
279.933,0.443456
279.933,0.443456
279.933,0.443456
281.067,0.442477
281.067,0.442477
281.067,0.442477
281.067,0.442477
281.067,0.442477
281.067,0.442477
281.067,0.442477
281.067,0.442477
281.067,0.442477
281.067,0.442477
281.067,0.442477
281.067,0.442477
281.067,0.442477
281.067,0.442477
281.067,0.442477
281.067,0.442477
281.067,0.442477
282.2,0.405123
282.2,0.405123
282.2,0.405123
282.2,0.405123
282.2,0.405123
282.2,0.405123
282.2,0.405123
282.2,0.405123
282.2,0.405123
282.2,0.405123
282.2,0.405123
282.2,0.405123
282.2,0.405123
282.2,0.405123
282.2,0.405123
282.2,0.405123
282.2,0.405123
283.333,0.364513
283.333,0.364513
283.333,0.364513
283.333,0.364513
283.333,0.364513
283.333,0.364513
283.333,0.364513
283.333,0.364513
283.333,0.364513
283.333,0.364513
283.333,0.364513
283.333,0.364513
283.333,0.364513
283.333,0.364513
283.333,0.364513
283.333,0.364513
283.333,0.364513
284.467,0.353286
284.467,0.353286
284.467,0.353286
284.467,0.353286
284.467,0.353286
284.467,0.353286
284.467,0.353286
284.467,0.353286
284.467,0.353286
284.467,0.353286
284.467,0.353286
284.467,0.353286
284.467,0.353286
284.467,0.353286
284.467,0.353286
284.467,0.353286
284.467,0.353286
285.6,0.336769
285.6,0.336769
285.6,0.336769
285.6,0.336769
285.6,0.336769
285.6,0.336769
285.6,0.336769
285.6,0.336769
285.6,0.336769
285.6,0.336769
285.6,0.336769
285.6,0.336769
285.6,0.336769
285.6,0.336769
285.6,0.336769
285.6,0.336769
285.6,0.336769
286.733,0.336346
286.733,0.336346
286.733,0.336346
286.733,0.336346
286.733,0.336346
286.733,0.336346
286.733,0.336346
286.733,0.336346
286.733,0.336346
286.733,0.336346
286.733,0.336346
286.733,0.336346
286.733,0.336346
286.733,0.336346
286.733,0.336346
286.733,0.336346
286.733,0.336346
287.867,0.328767
287.867,0.328767
287.867,0.328767
287.867,0.328767
287.867,0.328767
287.867,0.328767
287.867,0.328767
287.867,0.328767
287.867,0.328767
287.867,0.328767
287.867,0.328767
287.867,0.328767
287.867,0.328767
287.867,0.328767
287.867,0.328767
287.867,0.328767
287.867,0.328767
289,0.263085
289,0.263085
289,0.263085
289,0.263085
289,0.263085
289,0.263085
289,0.263085
289,0.263085
289,0.263085
289,0.263085
289,0.263085
289,0.263085
289,0.263085
289,0.263085
289,0.263085
289,0.263085
289,0.263085
290.133,0.276252
290.133,0.276252
290.133,0.276252
290.133,0.276252
290.133,0.276252
290.133,0.276252
290.133,0.276252
290.133,0.276252
290.133,0.276252
290.133,0.276252
290.133,0.276252
290.133,0.276252
290.133,0.276252
290.133,0.276252
290.133,0.276252
290.133,0.276252
290.133,0.276252
291.267,0.274535
291.267,0.274535
291.267,0.274535
291.267,0.274535
291.267,0.274535
291.267,0.274535
291.267,0.274535
291.267,0.274535
291.267,0.274535
291.267,0.274535
291.267,0.274535
291.267,0.274535
291.267,0.274535
291.267,0.274535
291.267,0.274535
291.267,0.274535
291.267,0.274535
292.4,0.262708
292.4,0.262708
292.4,0.262708
292.4,0.262708
292.4,0.262708
292.4,0.262708
292.4,0.262708
292.4,0.262708
292.4,0.262708
292.4,0.262708
292.4,0.262708
292.4,0.262708
292.4,0.262708
292.4,0.262708
292.4,0.262708
292.4,0.262708
292.4,0.262708
293.533,0.234701
293.533,0.234701
293.533,0.234701
293.533,0.234701
293.533,0.234701
293.533,0.234701
293.533,0.234701
293.533,0.234701
293.533,0.234701
293.533,0.234701
293.533,0.234701
293.533,0.234701
293.533,0.234701
293.533,0.234701
293.533,0.234701
293.533,0.234701
293.533,0.234701
294.667,0.272035
294.667,0.272035
294.667,0.272035
294.667,0.272035
294.667,0.272035
294.667,0.272035
294.667,0.272035
294.667,0.272035
294.667,0.272035
294.667,0.272035
294.667,0.272035
294.667,0.272035
294.667,0.272035
294.667,0.272035
294.667,0.272035
294.667,0.272035
294.667,0.272035
295.8,0.314722
295.8,0.314722
295.8,0.314722
295.8,0.314722
295.8,0.314722
295.8,0.314722
295.8,0.314722
295.8,0.314722
295.8,0.314722
295.8,0.314722
295.8,0.314722
295.8,0.314722
295.8,0.314722
295.8,0.314722
295.8,0.314722
295.8,0.314722
295.8,0.314722
296.933,0.312661
296.933,0.312661
296.933,0.312661
296.933,0.312661
296.933,0.312661
296.933,0.312661
296.933,0.312661
296.933,0.312661
296.933,0.312661
296.933,0.312661
296.933,0.312661
296.933,0.312661
296.933,0.312661
296.933,0.312661
296.933,0.312661
296.933,0.312661
296.933,0.312661
298.067,0.27026
298.067,0.27026
298.067,0.27026
298.067,0.27026
298.067,0.27026
298.067,0.27026
298.067,0.27026
298.067,0.27026
298.067,0.27026
298.067,0.27026
298.067,0.27026
298.067,0.27026
298.067,0.27026
298.067,0.27026
298.067,0.27026
298.067,0.27026
298.067,0.27026
299.2,0.249542
299.2,0.249542
299.2,0.249542
299.2,0.249542
299.2,0.249542
299.2,0.249542
299.2,0.249542
299.2,0.249542
299.2,0.249542
299.2,0.249542
299.2,0.249542
299.2,0.249542
299.2,0.249542
299.2,0.249542
299.2,0.249542
299.2,0.249542
299.2,0.249542
300.333,0.261713
300.333,0.261713
300.333,0.261713
300.333,0.261713
300.333,0.261713
300.333,0.261713
300.333,0.261713
300.333,0.261713
300.333,0.261713
300.333,0.261713
300.333,0.261713
300.333,0.261713
300.333,0.261713
300.333,0.261713
300.333,0.261713
300.333,0.261713
300.333,0.261713
301.467,0.286111
301.467,0.286111
301.467,0.286111
301.467,0.286111
301.467,0.286111
301.467,0.286111
301.467,0.286111
301.467,0.286111
301.467,0.286111
301.467,0.286111
301.467,0.286111
301.467,0.286111
301.467,0.286111
301.467,0.286111
301.467,0.286111
301.467,0.286111
301.467,0.286111
302.6,0.304913
302.6,0.304913
302.6,0.304913
302.6,0.304913
302.6,0.304913
302.6,0.304913
302.6,0.304913
302.6,0.304913
302.6,0.304913
302.6,0.304913
302.6,0.304913
302.6,0.304913
302.6,0.304913
302.6,0.304913
302.6,0.304913
302.6,0.304913
302.6,0.304913
303.733,0.295583
303.733,0.295583
303.733,0.295583
303.733,0.295583
303.733,0.295583
303.733,0.295583
303.733,0.295583
303.733,0.295583
303.733,0.295583
303.733,0.295583
303.733,0.295583
303.733,0.295583
303.733,0.295583
303.733,0.295583
303.733,0.295583
303.733,0.295583
303.733,0.295583
304.867,0.339943
304.867,0.339943
304.867,0.339943
304.867,0.339943
304.867,0.339943
304.867,0.339943
304.867,0.339943
304.867,0.339943
304.867,0.339943
304.867,0.339943
304.867,0.339943
304.867,0.339943
304.867,0.339943
304.867,0.339943
304.867,0.339943
304.867,0.339943
304.867,0.339943
306,0.331208
306,0.331208
306,0.331208
306,0.331208
306,0.331208
306,0.331208
306,0.331208
306,0.331208
306,0.331208
306,0.331208
306,0.331208
306,0.331208
306,0.331208
306,0.331208
306,0.331208
306,0.331208
306,0.331208
307.133,0.280519
307.133,0.280519
307.133,0.280519
307.133,0.280519
307.133,0.280519
307.133,0.280519
307.133,0.280519
307.133,0.280519
307.133,0.280519
307.133,0.280519
307.133,0.280519
307.133,0.280519
307.133,0.280519
307.133,0.280519
307.133,0.280519
307.133,0.280519
307.133,0.280519
308.267,0.221856
308.267,0.221856
308.267,0.221856
308.267,0.221856
308.267,0.221856
308.267,0.221856
308.267,0.221856
308.267,0.221856
308.267,0.221856
308.267,0.221856
308.267,0.221856
308.267,0.221856
308.267,0.221856
308.267,0.221856
308.267,0.221856
308.267,0.221856
308.267,0.221856
309.4,0.239862
309.4,0.239862
309.4,0.239862
309.4,0.239862
309.4,0.239862
309.4,0.239862
309.4,0.239862
309.4,0.239862
309.4,0.239862
309.4,0.239862
309.4,0.239862
309.4,0.239862
309.4,0.239862
309.4,0.239862
309.4,0.239862
309.4,0.239862
309.4,0.239862
310.533,0.23902
310.533,0.23902
310.533,0.23902
310.533,0.23902
310.533,0.23902
310.533,0.23902
310.533,0.23902
310.533,0.23902
310.533,0.23902
310.533,0.23902
310.533,0.23902
310.533,0.23902
310.533,0.23902
310.533,0.23902
310.533,0.23902
310.533,0.23902
310.533,0.23902
311.667,0.168749
311.667,0.168749
311.667,0.168749
311.667,0.168749
311.667,0.168749
311.667,0.168749
311.667,0.168749
311.667,0.168749
311.667,0.168749
311.667,0.168749
311.667,0.168749
311.667,0.168749
311.667,0.168749
311.667,0.168749
311.667,0.168749
311.667,0.168749
311.667,0.168749
312.8,0.168228
312.8,0.168228
312.8,0.168228
312.8,0.168228
312.8,0.168228
312.8,0.168228
312.8,0.168228
312.8,0.168228
312.8,0.168228
312.8,0.168228
312.8,0.168228
312.8,0.168228
312.8,0.168228
312.8,0.168228
312.8,0.168228
312.8,0.168228
312.8,0.168228
313.933,0.179016
313.933,0.179016
313.933,0.179016
313.933,0.179016
313.933,0.179016
313.933,0.179016
313.933,0.179016
313.933,0.179016
313.933,0.179016
313.933,0.179016
313.933,0.179016
313.933,0.179016
313.933,0.179016
313.933,0.179016
313.933,0.179016
313.933,0.179016
313.933,0.179016
315.067,0.239028
315.067,0.239028
315.067,0.239028
315.067,0.239028
315.067,0.239028
315.067,0.239028
315.067,0.239028
315.067,0.239028
315.067,0.239028
315.067,0.239028
315.067,0.239028
315.067,0.239028
315.067,0.239028
315.067,0.239028
315.067,0.239028
315.067,0.239028
315.067,0.239028
316.2,0.204159
316.2,0.204159
316.2,0.204159
316.2,0.204159
316.2,0.204159
316.2,0.204159
316.2,0.204159
316.2,0.204159
316.2,0.204159
316.2,0.204159
316.2,0.204159
316.2,0.204159
316.2,0.204159
316.2,0.204159
316.2,0.204159
316.2,0.204159
316.2,0.204159
317.333,0.130404
317.333,0.130404
317.333,0.130404
317.333,0.130404
317.333,0.130404
317.333,0.130404
317.333,0.130404
317.333,0.130404
317.333,0.130404
317.333,0.130404
317.333,0.130404
317.333,0.130404
317.333,0.130404
317.333,0.130404
317.333,0.130404
317.333,0.130404
317.333,0.130404
318.467,0.0518332
318.467,0.0518332
318.467,0.0518332
318.467,0.0518332
318.467,0.0518332
318.467,0.0518332
318.467,0.0518332
318.467,0.0518332
318.467,0.0518332
318.467,0.0518332
318.467,0.0518332
318.467,0.0518332
318.467,0.0518332
318.467,0.0518332
318.467,0.0518332
318.467,0.0518332
318.467,0.0518332
319.6,0.00137548
319.6,0.00137548
319.6,0.00137548
319.6,0.00137548
319.6,0.00137548
319.6,0.00137548
319.6,0.00137548
319.6,0.00137548
319.6,0.00137548
319.6,0.00137548
319.6,0.00137548
319.6,0.00137548
319.6,0.00137548
319.6,0.00137548
319.6,0.00137548
319.6,0.00137548
319.6,0.00137548
320.733,0.000752398
320.733,0.000752398
320.733,0.000752398
320.733,0.000752398
320.733,0.000752398
320.733,0.000752398
320.733,0.000752398
320.733,0.000752398
320.733,0.000752398
320.733,0.000752398
320.733,0.000752398
320.733,0.000752398
320.733,0.000752398
320.733,0.000752398
320.733,0.000752398
320.733,0.000752398
320.733,0.000752398
321.867,0.0015675
321.867,0.0015675
321.867,0.0015675
321.867,0.0015675
321.867,0.0015675
321.867,0.0015675
321.867,0.0015675
321.867,0.0015675
321.867,0.0015675
321.867,0.0015675
321.867,0.0015675
321.867,0.0015675
321.867,0.0015675
321.867,0.0015675
321.867,0.0015675
321.867,0.0015675
321.867,0.0015675
323,0.00243354
323,0.00243354
323,0.00243354
323,0.00243354
323,0.00243354
323,0.00243354
323,0.00243354
323,0.00243354
323,0.00243354
323,0.00243354
323,0.00243354
323,0.00243354
323,0.00243354
323,0.00243354
323,0.00243354
323,0.00243354
323,0.00243354
324.133,0.00329174
324.133,0.00329174
324.133,0.00329174
324.133,0.00329174
324.133,0.00329174
324.133,0.00329174
324.133,0.00329174
324.133,0.00329174
324.133,0.00329174
324.133,0.00329174
324.133,0.00329174
324.133,0.00329174
324.133,0.00329174
324.133,0.00329174
324.133,0.00329174
324.133,0.00329174
324.133,0.00329174
325.267,0.00265691
325.267,0.00265691
325.267,0.00265691
325.267,0.00265691
325.267,0.00265691
325.267,0.00265691
325.267,0.00265691
325.267,0.00265691
325.267,0.00265691
325.267,0.00265691
325.267,0.00265691
325.267,0.00265691
325.267,0.00265691
325.267,0.00265691
325.267,0.00265691
325.267,0.00265691
325.267,0.00265691
326.4,0.00196721
326.4,0.00196721
326.4,0.00196721
326.4,0.00196721
326.4,0.00196721
326.4,0.00196721
326.4,0.00196721
326.4,0.00196721
326.4,0.00196721
326.4,0.00196721
326.4,0.00196721
326.4,0.00196721
326.4,0.00196721
326.4,0.00196721
326.4,0.00196721
326.4,0.00196721
326.4,0.00196721
327.533,0.00190059
327.533,0.00190059
327.533,0.00190059
327.533,0.00190059
327.533,0.00190059
327.533,0.00190059
327.533,0.00190059
327.533,0.00190059
327.533,0.00190059
327.533,0.00190059
327.533,0.00190059
327.533,0.00190059
327.533,0.00190059
327.533,0.00190059
327.533,0.00190059
327.533,0.00190059
327.533,0.00190059
328.667,0.0892768
328.667,0.0892768
328.667,0.0892768
328.667,0.0892768
328.667,0.0892768
328.667,0.0892768
328.667,0.0892768
328.667,0.0892768
328.667,0.0892768
328.667,0.0892768
328.667,0.0892768
328.667,0.0892768
328.667,0.0892768
328.667,0.0892768
328.667,0.0892768
328.667,0.0892768
328.667,0.0892768
329.8,0.0927644
329.8,0.0927644
329.8,0.0927644
329.8,0.0927644
329.8,0.0927644
329.8,0.0927644
329.8,0.0927644
329.8,0.0927644
329.8,0.0927644
329.8,0.0927644
329.8,0.0927644
329.8,0.0927644
329.8,0.0927644
329.8,0.0927644
329.8,0.0927644
329.8,0.0927644
329.8,0.0927644
330.933,0.0451478
330.933,0.0451478
330.933,0.0451478
330.933,0.0451478
330.933,0.0451478
330.933,0.0451478
330.933,0.0451478
330.933,0.0451478
330.933,0.0451478
330.933,0.0451478
330.933,0.0451478
330.933,0.0451478
330.933,0.0451478
330.933,0.0451478
330.933,0.0451478
330.933,0.0451478
330.933,0.0451478
332.067,0.0803655
332.067,0.0803655
332.067,0.0803655
332.067,0.0803655
332.067,0.0803655
332.067,0.0803655
332.067,0.0803655
332.067,0.0803655
332.067,0.0803655
332.067,0.0803655
332.067,0.0803655
332.067,0.0803655
332.067,0.0803655
332.067,0.0803655
332.067,0.0803655
332.067,0.0803655
332.067,0.0803655
333.2,0.0806555
333.2,0.0806555
333.2,0.0806555
333.2,0.0806555
333.2,0.0806555
333.2,0.0806555
333.2,0.0806555
333.2,0.0806555
333.2,0.0806555
333.2,0.0806555
333.2,0.0806555
333.2,0.0806555
333.2,0.0806555
333.2,0.0806555
333.2,0.0806555
333.2,0.0806555
333.2,0.0806555
334.333,0.0163882
334.333,0.0163882
334.333,0.0163882
334.333,0.0163882
334.333,0.0163882
334.333,0.0163882
334.333,0.0163882
334.333,0.0163882
334.333,0.0163882
334.333,0.0163882
334.333,0.0163882
334.333,0.0163882
334.333,0.0163882
334.333,0.0163882
334.333,0.0163882
334.333,0.0163882
334.333,0.0163882
335.467,0.00906013
335.467,0.00906013
335.467,0.00906013
335.467,0.00906013
335.467,0.00906013
335.467,0.00906013
335.467,0.00906013
335.467,0.00906013
335.467,0.00906013
335.467,0.00906013
335.467,0.00906013
335.467,0.00906013
335.467,0.00906013
335.467,0.00906013
335.467,0.00906013
335.467,0.00906013
335.467,0.00906013
336.6,0.0178342
336.6,0.0178342
336.6,0.0178342
336.6,0.0178342
336.6,0.0178342
336.6,0.0178342
336.6,0.0178342
336.6,0.0178342
336.6,0.0178342
336.6,0.0178342
336.6,0.0178342
336.6,0.0178342
336.6,0.0178342
336.6,0.0178342
336.6,0.0178342
336.6,0.0178342
336.6,0.0178342
337.733,0.0615007
337.733,0.0615007
337.733,0.0615007
337.733,0.0615007
337.733,0.0615007
337.733,0.0615007
337.733,0.0615007
337.733,0.0615007
337.733,0.0615007
337.733,0.0615007
337.733,0.0615007
337.733,0.0615007
337.733,0.0615007
337.733,0.0615007
337.733,0.0615007
337.733,0.0615007
337.733,0.0615007
338.867,0.0900056
338.867,0.0900056
338.867,0.0900056
338.867,0.0900056
338.867,0.0900056
338.867,0.0900056
338.867,0.0900056
338.867,0.0900056
338.867,0.0900056
338.867,0.0900056
338.867,0.0900056
338.867,0.0900056
338.867,0.0900056
338.867,0.0900056
338.867,0.0900056
338.867,0.0900056
338.867,0.0900056
340,0.0572842
340,0.0572842
340,0.0572842
340,0.0572842
340,0.0572842
340,0.0572842
340,0.0572842
340,0.0572842
340,0.0572842
340,0.0572842
340,0.0572842
340,0.0572842
340,0.0572842
340,0.0572842
340,0.0572842
340,0.0572842
340,0.0572842
341.133,0.0175442
341.133,0.0175442
341.133,0.0175442
341.133,0.0175442
341.133,0.0175442
341.133,0.0175442
341.133,0.0175442
341.133,0.0175442
341.133,0.0175442
341.133,0.0175442
341.133,0.0175442
341.133,0.0175442
341.133,0.0175442
341.133,0.0175442
341.133,0.0175442
341.133,0.0175442
341.133,0.0175442
342.267,0.00270785
342.267,0.00270785
342.267,0.00270785
342.267,0.00270785
342.267,0.00270785
342.267,0.00270785
342.267,0.00270785
342.267,0.00270785
342.267,0.00270785
342.267,0.00270785
342.267,0.00270785
342.267,0.00270785
342.267,0.00270785
342.267,0.00270785
342.267,0.00270785
342.267,0.00270785
342.267,0.00270785
343.4,0.00244529
343.4,0.00244529
343.4,0.00244529
343.4,0.00244529
343.4,0.00244529
343.4,0.00244529
343.4,0.00244529
343.4,0.00244529
343.4,0.00244529
343.4,0.00244529
343.4,0.00244529
343.4,0.00244529
343.4,0.00244529
343.4,0.00244529
343.4,0.00244529
343.4,0.00244529
343.4,0.00244529
344.533,0.00235908
344.533,0.00235908
344.533,0.00235908
344.533,0.00235908
344.533,0.00235908
344.533,0.00235908
344.533,0.00235908
344.533,0.00235908
344.533,0.00235908
344.533,0.00235908
344.533,0.00235908
344.533,0.00235908
344.533,0.00235908
344.533,0.00235908
344.533,0.00235908
344.533,0.00235908
344.533,0.00235908
345.667,0.00288811
345.667,0.00288811
345.667,0.00288811
345.667,0.00288811
345.667,0.00288811
345.667,0.00288811
345.667,0.00288811
345.667,0.00288811
345.667,0.00288811
345.667,0.00288811
345.667,0.00288811
345.667,0.00288811
345.667,0.00288811
345.667,0.00288811
345.667,0.00288811
345.667,0.00288811
345.667,0.00288811
346.8,0.00246097
346.8,0.00246097
346.8,0.00246097
346.8,0.00246097
346.8,0.00246097
346.8,0.00246097
346.8,0.00246097
346.8,0.00246097
346.8,0.00246097
346.8,0.00246097
346.8,0.00246097
346.8,0.00246097
346.8,0.00246097
346.8,0.00246097
346.8,0.00246097
346.8,0.00246097
346.8,0.00246097
347.933,0.00261772
347.933,0.00261772
347.933,0.00261772
347.933,0.00261772
347.933,0.00261772
347.933,0.00261772
347.933,0.00261772
347.933,0.00261772
347.933,0.00261772
347.933,0.00261772
347.933,0.00261772
347.933,0.00261772
347.933,0.00261772
347.933,0.00261772
347.933,0.00261772
347.933,0.00261772
347.933,0.00261772
349.067,0.00199072
349.067,0.00199072
349.067,0.00199072
349.067,0.00199072
349.067,0.00199072
349.067,0.00199072
349.067,0.00199072
349.067,0.00199072
349.067,0.00199072
349.067,0.00199072
349.067,0.00199072
349.067,0.00199072
349.067,0.00199072
349.067,0.00199072
349.067,0.00199072
349.067,0.00199072
349.067,0.00199072
350.2,0.00229638
350.2,0.00229638
350.2,0.00229638
350.2,0.00229638
350.2,0.00229638
350.2,0.00229638
350.2,0.00229638
350.2,0.00229638
350.2,0.00229638
350.2,0.00229638
350.2,0.00229638
350.2,0.00229638
350.2,0.00229638
350.2,0.00229638
350.2,0.00229638
350.2,0.00229638
350.2,0.00229638
351.333,0.0561046
351.333,0.0561046
351.333,0.0561046
351.333,0.0561046
351.333,0.0561046
351.333,0.0561046
351.333,0.0561046
351.333,0.0561046
351.333,0.0561046
351.333,0.0561046
351.333,0.0561046
351.333,0.0561046
351.333,0.0561046
351.333,0.0561046
351.333,0.0561046
351.333,0.0561046
351.333,0.0561046
352.467,0.0612578
352.467,0.0612578
352.467,0.0612578
352.467,0.0612578
352.467,0.0612578
352.467,0.0612578
352.467,0.0612578
352.467,0.0612578
352.467,0.0612578
352.467,0.0612578
352.467,0.0612578
352.467,0.0612578
352.467,0.0612578
352.467,0.0612578
352.467,0.0612578
352.467,0.0612578
352.467,0.0612578
353.6,0.108486
353.6,0.108486
353.6,0.108486
353.6,0.108486
353.6,0.108486
353.6,0.108486
353.6,0.108486
353.6,0.108486
353.6,0.108486
353.6,0.108486
353.6,0.108486
353.6,0.108486
353.6,0.108486
353.6,0.108486
353.6,0.108486
353.6,0.108486
353.6,0.108486
354.733,0.112049
354.733,0.112049
354.733,0.112049
354.733,0.112049
354.733,0.112049
354.733,0.112049
354.733,0.112049
354.733,0.112049
354.733,0.112049
354.733,0.112049
354.733,0.112049
354.733,0.112049
354.733,0.112049
354.733,0.112049
354.733,0.112049
354.733,0.112049
354.733,0.112049
355.867,0.145409
355.867,0.145409
355.867,0.145409
355.867,0.145409
355.867,0.145409
355.867,0.145409
355.867,0.145409
355.867,0.145409
355.867,0.145409
355.867,0.145409
355.867,0.145409
355.867,0.145409
355.867,0.145409
355.867,0.145409
355.867,0.145409
355.867,0.145409
355.867,0.145409
357,0.175066
357,0.175066
357,0.175066
357,0.175066
357,0.175066
357,0.175066
357,0.175066
357,0.175066
357,0.175066
357,0.175066
357,0.175066
357,0.175066
357,0.175066
357,0.175066
357,0.175066
357,0.175066
357,0.175066
358.133,0.197458
358.133,0.197458
358.133,0.197458
358.133,0.197458
358.133,0.197458
358.133,0.197458
358.133,0.197458
358.133,0.197458
358.133,0.197458
358.133,0.197458
358.133,0.197458
358.133,0.197458
358.133,0.197458
358.133,0.197458
358.133,0.197458
358.133,0.197458
358.133,0.197458
359.267,0.215448
359.267,0.215448
359.267,0.215448
359.267,0.215448
359.267,0.215448
359.267,0.215448
359.267,0.215448
359.267,0.215448
359.267,0.215448
359.267,0.215448
359.267,0.215448
359.267,0.215448
359.267,0.215448
359.267,0.215448
359.267,0.215448
359.267,0.215448
359.267,0.215448
360.4,0.23525
360.4,0.23525
360.4,0.23525
360.4,0.23525
360.4,0.23525
360.4,0.23525
360.4,0.23525
360.4,0.23525
360.4,0.23525
360.4,0.23525
360.4,0.23525
360.4,0.23525
360.4,0.23525
360.4,0.23525
360.4,0.23525
360.4,0.23525
360.4,0.23525
361.533,0.276393
361.533,0.276393
361.533,0.276393
361.533,0.276393
361.533,0.276393
361.533,0.276393
361.533,0.276393
361.533,0.276393
361.533,0.276393
361.533,0.276393
361.533,0.276393
361.533,0.276393
361.533,0.276393
361.533,0.276393
361.533,0.276393
361.533,0.276393
361.533,0.276393
362.667,0.310529
362.667,0.310529
362.667,0.310529
362.667,0.310529
362.667,0.310529
362.667,0.310529
362.667,0.310529
362.667,0.310529
362.667,0.310529
362.667,0.310529
362.667,0.310529
362.667,0.310529
362.667,0.310529
362.667,0.310529
362.667,0.310529
362.667,0.310529
362.667,0.310529
363.8,0.312845
363.8,0.312845
363.8,0.312845
363.8,0.312845
363.8,0.312845
363.8,0.312845
363.8,0.312845
363.8,0.312845
363.8,0.312845
363.8,0.312845
363.8,0.312845
363.8,0.312845
363.8,0.312845
363.8,0.312845
363.8,0.312845
363.8,0.312845
363.8,0.312845
364.933,0.284457
364.933,0.284457
364.933,0.284457
364.933,0.284457
364.933,0.284457
364.933,0.284457
364.933,0.284457
364.933,0.284457
364.933,0.284457
364.933,0.284457
364.933,0.284457
364.933,0.284457
364.933,0.284457
364.933,0.284457
364.933,0.284457
364.933,0.284457
364.933,0.284457
366.067,0.314483
366.067,0.314483
366.067,0.314483
366.067,0.314483
366.067,0.314483
366.067,0.314483
366.067,0.314483
366.067,0.314483
366.067,0.314483
366.067,0.314483
366.067,0.314483
366.067,0.314483
366.067,0.314483
366.067,0.314483
366.067,0.314483
366.067,0.314483
366.067,0.314483
367.2,0.337263
367.2,0.337263
367.2,0.337263
367.2,0.337263
367.2,0.337263
367.2,0.337263
367.2,0.337263
367.2,0.337263
367.2,0.337263
367.2,0.337263
367.2,0.337263
367.2,0.337263
367.2,0.337263
367.2,0.337263
367.2,0.337263
367.2,0.337263
367.2,0.337263
368.333,0.35175
368.333,0.35175
368.333,0.35175
368.333,0.35175
368.333,0.35175
368.333,0.35175
368.333,0.35175
368.333,0.35175
368.333,0.35175
368.333,0.35175
368.333,0.35175
368.333,0.35175
368.333,0.35175
368.333,0.35175
368.333,0.35175
368.333,0.35175
368.333,0.35175
369.467,0.383245
369.467,0.383245
369.467,0.383245
369.467,0.383245
369.467,0.383245
369.467,0.383245
369.467,0.383245
369.467,0.383245
369.467,0.383245
369.467,0.383245
369.467,0.383245
369.467,0.383245
369.467,0.383245
369.467,0.383245
369.467,0.383245
369.467,0.383245
369.467,0.383245
370.6,0.398336
370.6,0.398336
370.6,0.398336
370.6,0.398336
370.6,0.398336
370.6,0.398336
370.6,0.398336
370.6,0.398336
370.6,0.398336
370.6,0.398336
370.6,0.398336
370.6,0.398336
370.6,0.398336
370.6,0.398336
370.6,0.398336
370.6,0.398336
370.6,0.398336
371.733,0.450385
371.733,0.450385
371.733,0.450385
371.733,0.450385
371.733,0.450385
371.733,0.450385
371.733,0.450385
371.733,0.450385
371.733,0.450385
371.733,0.450385
371.733,0.450385
371.733,0.450385
371.733,0.450385
371.733,0.450385
371.733,0.450385
371.733,0.450385
371.733,0.450385
372.867,0.451298
372.867,0.451298
372.867,0.451298
372.867,0.451298
372.867,0.451298
372.867,0.451298
372.867,0.451298
372.867,0.451298
372.867,0.451298
372.867,0.451298
372.867,0.451298
372.867,0.451298
372.867,0.451298
372.867,0.451298
372.867,0.451298
372.867,0.451298
372.867,0.451298
374,0.443433
374,0.443433
374,0.443433
374,0.443433
374,0.443433
374,0.443433
374,0.443433
374,0.443433
374,0.443433
374,0.443433
374,0.443433
374,0.443433
374,0.443433
374,0.443433
374,0.443433
374,0.443433
374,0.443433
375.133,0.458548
375.133,0.458548
375.133,0.458548
375.133,0.458548
375.133,0.458548
375.133,0.458548
375.133,0.458548
375.133,0.458548
375.133,0.458548
375.133,0.458548
375.133,0.458548
375.133,0.458548
375.133,0.458548
375.133,0.458548
375.133,0.458548
375.133,0.458548
375.133,0.458548
376.267,0.459131
376.267,0.459131
376.267,0.459131
376.267,0.459131
376.267,0.459131
376.267,0.459131
376.267,0.459131
376.267,0.459131
376.267,0.459131
376.267,0.459131
376.267,0.459131
376.267,0.459131
376.267,0.459131
376.267,0.459131
376.267,0.459131
376.267,0.459131
376.267,0.459131
377.4,0.463281
377.4,0.463281
377.4,0.463281
377.4,0.463281
377.4,0.463281
377.4,0.463281
377.4,0.463281
377.4,0.463281
377.4,0.463281
377.4,0.463281
377.4,0.463281
377.4,0.463281
377.4,0.463281
377.4,0.463281
377.4,0.463281
377.4,0.463281
377.4,0.463281
378.533,0.462556
378.533,0.462556
378.533,0.462556
378.533,0.462556
378.533,0.462556
378.533,0.462556
378.533,0.462556
378.533,0.462556
378.533,0.462556
378.533,0.462556
378.533,0.462556
378.533,0.462556
378.533,0.462556
378.533,0.462556
378.533,0.462556
378.533,0.462556
378.533,0.462556
379.667,0.464061
379.667,0.464061
379.667,0.464061
379.667,0.464061
379.667,0.464061
379.667,0.464061
379.667,0.464061
379.667,0.464061
379.667,0.464061
379.667,0.464061
379.667,0.464061
379.667,0.464061
379.667,0.464061
379.667,0.464061
379.667,0.464061
379.667,0.464061
379.667,0.464061
380.8,0.475022
380.8,0.475022
380.8,0.475022
380.8,0.475022
380.8,0.475022
380.8,0.475022
380.8,0.475022
380.8,0.475022
380.8,0.475022
380.8,0.475022
380.8,0.475022
380.8,0.475022
380.8,0.475022
380.8,0.475022
380.8,0.475022
380.8,0.475022
380.8,0.475022
381.933,0.483451
381.933,0.483451
381.933,0.483451
381.933,0.483451
381.933,0.483451
381.933,0.483451
381.933,0.483451
381.933,0.483451
40