0,0.0484552
0,0.0484552
0,0.0484552
0,0.0484552
0,0.0484552
0,0.0484552
0,0.0484552
0,0.0484552
0,0.0484552
0,0.0484552
0,0.0484552
0,0.0484552
0,0.0484552
0,0.0484552
0,0.0484552
0,0.0484552
1.06667,0.0888535
1.06667,0.0888535
1.06667,0.0888535
1.06667,0.0888535
1.06667,0.0888535
1.06667,0.0888535
1.06667,0.0888535
1.06667,0.0888535
1.06667,0.0888535
1.06667,0.0888535
1.06667,0.0888535
1.06667,0.0888535
1.06667,0.0888535
1.06667,0.0888535
1.06667,0.0888535
1.06667,0.0888535
2.13333,0.100241
2.13333,0.100241
2.13333,0.100241
2.13333,0.100241
2.13333,0.100241
2.13333,0.100241
2.13333,0.100241
2.13333,0.100241
2.13333,0.100241
2.13333,0.100241
2.13333,0.100241
2.13333,0.100241
2.13333,0.100241
2.13333,0.100241
2.13333,0.100241
2.13333,0.100241
3.2,0.101903
3.2,0.101903
3.2,0.101903
3.2,0.101903
3.2,0.101903
3.2,0.101903
3.2,0.101903
3.2,0.101903
3.2,0.101903
3.2,0.101903
3.2,0.101903
3.2,0.101903
3.2,0.101903
3.2,0.101903
3.2,0.101903
3.2,0.101903
4.26667,0.101542
4.26667,0.101542
4.26667,0.101542
4.26667,0.101542
4.26667,0.101542
4.26667,0.101542
4.26667,0.101542
4.26667,0.101542
4.26667,0.101542
4.26667,0.101542
4.26667,0.101542
4.26667,0.101542
4.26667,0.101542
4.26667,0.101542
4.26667,0.101542
4.26667,0.101542
5.33333,0.109674
5.33333,0.109674
5.33333,0.109674
5.33333,0.109674
5.33333,0.109674
5.33333,0.109674
5.33333,0.109674
5.33333,0.109674
5.33333,0.109674
5.33333,0.109674
5.33333,0.109674
5.33333,0.109674
5.33333,0.109674
5.33333,0.109674
5.33333,0.109674
5.33333,0.109674
6.4,0.140902
6.4,0.140902
6.4,0.140902
6.4,0.140902
6.4,0.140902
6.4,0.140902
6.4,0.140902
6.4,0.140902
6.4,0.140902
6.4,0.140902
6.4,0.140902
6.4,0.140902
6.4,0.140902
6.4,0.140902
6.4,0.140902
6.4,0.140902
7.46667,0.164861
7.46667,0.164861
7.46667,0.164861
7.46667,0.164861
7.46667,0.164861
7.46667,0.164861
7.46667,0.164861
7.46667,0.164861
7.46667,0.164861
7.46667,0.164861
7.46667,0.164861
7.46667,0.164861
7.46667,0.164861
7.46667,0.164861
7.46667,0.164861
7.46667,0.164861
8.53333,0.174846
8.53333,0.174846
8.53333,0.174846
8.53333,0.174846
8.53333,0.174846
8.53333,0.174846
8.53333,0.174846
8.53333,0.174846
8.53333,0.174846
8.53333,0.174846
8.53333,0.174846
8.53333,0.174846
8.53333,0.174846
8.53333,0.174846
8.53333,0.174846
8.53333,0.174846
9.6,0.178166
9.6,0.178166
9.6,0.178166
9.6,0.178166
9.6,0.178166
9.6,0.178166
9.6,0.178166
9.6,0.178166
9.6,0.178166
9.6,0.178166
9.6,0.178166
9.6,0.178166
9.6,0.178166
9.6,0.178166
9.6,0.178166
9.6,0.178166
10.6667,0.173835
10.6667,0.173835
10.6667,0.173835
10.6667,0.173835
10.6667,0.173835
10.6667,0.173835
10.6667,0.173835
10.6667,0.173835
10.6667,0.173835
10.6667,0.173835
10.6667,0.173835
10.6667,0.173835
10.6667,0.173835
10.6667,0.173835
10.6667,0.173835
10.6667,0.173835
11.7333,0.167393
11.7333,0.167393
11.7333,0.167393
11.7333,0.167393
11.7333,0.167393
11.7333,0.167393
11.7333,0.167393
11.7333,0.167393
11.7333,0.167393
11.7333,0.167393
11.7333,0.167393
11.7333,0.167393
11.7333,0.167393
11.7333,0.167393
11.7333,0.167393
11.7333,0.167393
12.8,0.161256
12.8,0.161256
12.8,0.161256
12.8,0.161256
12.8,0.161256
12.8,0.161256
12.8,0.161256
12.8,0.161256
12.8,0.161256
12.8,0.161256
12.8,0.161256
12.8,0.161256
12.8,0.161256
12.8,0.161256
12.8,0.161256
12.8,0.161256
13.8667,0.160982
13.8667,0.160982
13.8667,0.160982
13.8667,0.160982
13.8667,0.160982
13.8667,0.160982
13.8667,0.160982
13.8667,0.160982
13.8667,0.160982
13.8667,0.160982
13.8667,0.160982
13.8667,0.160982
13.8667,0.160982
13.8667,0.160982
13.8667,0.160982
13.8667,0.160982
14.9333,0.159673
14.9333,0.159673
14.9333,0.159673
14.9333,0.159673
14.9333,0.159673
14.9333,0.159673
14.9333,0.159673
14.9333,0.159673
14.9333,0.159673
14.9333,0.159673
14.9333,0.159673
14.9333,0.159673
14.9333,0.159673
14.9333,0.159673
14.9333,0.159673
14.9333,0.159673
16,0.159497
16,0.159497
16,0.159497
16,0.159497
16,0.159497
16,0.159497
16,0.159497
16,0.159497
16,0.159497
16,0.159497
16,0.159497
16,0.159497
16,0.159497
16,0.159497
16,0.159497
16,0.159497
17.0667,0.160147
17.0667,0.160147
17.0667,0.160147
17.0667,0.160147
17.0667,0.160147
17.0667,0.160147
17.0667,0.160147
17.0667,0.160147
17.0667,0.160147
17.0667,0.160147
17.0667,0.160147
17.0667,0.160147
17.0667,0.160147
17.0667,0.160147
17.0667,0.160147
17.0667,0.160147
18.1333,0.159987
18.1333,0.159987
18.1333,0.159987
18.1333,0.159987
18.1333,0.159987
18.1333,0.159987
18.1333,0.159987
18.1333,0.159987
18.1333,0.159987
18.1333,0.159987
18.1333,0.159987
18.1333,0.159987
18.1333,0.159987
18.1333,0.159987
18.1333,0.159987
18.1333,0.159987
19.2,0.160751
19.2,0.160751
19.2,0.160751
19.2,0.160751
19.2,0.160751
19.2,0.160751
19.2,0.160751
19.2,0.160751
19.2,0.160751
19.2,0.160751
19.2,0.160751
19.2,0.160751
19.2,0.160751
19.2,0.160751
19.2,0.160751
19.2,0.160751
20.2667,0.15771
20.2667,0.15771
20.2667,0.15771
20.2667,0.15771
20.2667,0.15771
20.2667,0.15771
20.2667,0.15771
20.2667,0.15771
20.2667,0.15771
20.2667,0.15771
20.2667,0.15771
20.2667,0.15771
20.2667,0.15771
20.2667,0.15771
20.2667,0.15771
20.2667,0.15771
21.3333,0.157475
21.3333,0.157475
21.3333,0.157475
21.3333,0.157475
21.3333,0.157475
21.3333,0.157475
21.3333,0.157475
21.3333,0.157475
21.3333,0.157475
21.3333,0.157475
21.3333,0.157475
21.3333,0.157475
21.3333,0.157475
21.3333,0.157475
21.3333,0.157475
21.3333,0.157475
22.4,0.158051
22.4,0.158051
22.4,0.158051
22.4,0.158051
22.4,0.158051
22.4,0.158051
22.4,0.158051
22.4,0.158051
22.4,0.158051
22.4,0.158051
22.4,0.158051
22.4,0.158051
22.4,0.158051
22.4,0.158051
22.4,0.158051
22.4,0.158051
23.4667,0.163662
23.4667,0.163662
23.4667,0.163662
23.4667,0.163662
23.4667,0.163662
23.4667,0.163662
23.4667,0.163662
23.4667,0.163662
23.4667,0.163662
23.4667,0.163662
23.4667,0.163662
23.4667,0.163662
23.4667,0.163662
23.4667,0.163662
23.4667,0.163662
23.4667,0.163662
24.5333,0.164007
24.5333,0.164007
24.5333,0.164007
24.5333,0.164007
24.5333,0.164007
24.5333,0.164007
24.5333,0.164007
24.5333,0.164007
24.5333,0.164007
24.5333,0.164007
24.5333,0.164007
24.5333,0.164007
24.5333,0.164007
24.5333,0.164007
24.5333,0.164007
24.5333,0.164007
25.6,0.165128
25.6,0.165128
25.6,0.165128
25.6,0.165128
25.6,0.165128
25.6,0.165128
25.6,0.165128
25.6,0.165128
25.6,0.165128
25.6,0.165128
25.6,0.165128
25.6,0.165128
25.6,0.165128
25.6,0.165128
25.6,0.165128
25.6,0.165128
26.6667,0.17063
26.6667,0.17063
26.6667,0.17063
26.6667,0.17063
26.6667,0.17063
26.6667,0.17063
26.6667,0.17063
26.6667,0.17063
26.6667,0.17063
26.6667,0.17063
26.6667,0.17063
26.6667,0.17063
26.6667,0.17063
26.6667,0.17063
26.6667,0.17063
26.6667,0.17063
27.7333,0.184729
27.7333,0.184729
27.7333,0.184729
27.7333,0.184729
27.7333,0.184729
27.7333,0.184729
27.7333,0.184729
27.7333,0.184729
27.7333,0.184729
27.7333,0.184729
27.7333,0.184729
27.7333,0.184729
27.7333,0.184729
27.7333,0.184729
27.7333,0.184729
27.7333,0.184729
28.8,0.204844
28.8,0.204844
28.8,0.204844
28.8,0.204844
28.8,0.204844
28.8,0.204844
28.8,0.204844
28.8,0.204844
28.8,0.204844
28.8,0.204844
28.8,0.204844
28.8,0.204844
28.8,0.204844
28.8,0.204844
28.8,0.204844
28.8,0.204844
29.8667,0.205244
29.8667,0.205244
29.8667,0.205244
29.8667,0.205244
29.8667,0.205244
29.8667,0.205244
29.8667,0.205244
29.8667,0.205244
29.8667,0.205244
29.8667,0.205244
29.8667,0.205244
29.8667,0.205244
29.8667,0.205244
29.8667,0.205244
29.8667,0.205244
29.8667,0.205244
30.9333,0.209398
30.9333,0.209398
30.9333,0.209398
30.9333,0.209398
30.9333,0.209398
30.9333,0.209398
30.9333,0.209398
30.9333,0.209398
30.9333,0.209398
30.9333,0.209398
30.9333,0.209398
30.9333,0.209398
30.9333,0.209398
30.9333,0.209398
30.9333,0.209398
30.9333,0.209398
32,0.208379
32,0.208379
32,0.208379
32,0.208379
32,0.208379
32,0.208379
32,0.208379
32,0.208379
32,0.208379
32,0.208379
32,0.208379
32,0.208379
32,0.208379
32,0.208379
32,0.208379
32,0.208379
33.0667,0.20515
33.0667,0.20515
33.0667,0.20515
33.0667,0.20515
33.0667,0.20515
33.0667,0.20515
33.0667,0.20515
33.0667,0.20515
33.0667,0.20515
33.0667,0.20515
33.0667,0.20515
33.0667,0.20515
33.0667,0.20515
33.0667,0.20515
33.0667,0.20515
33.0667,0.20515
34.1333,0.255862
34.1333,0.255862
34.1333,0.255862
34.1333,0.255862
34.1333,0.255862
34.1333,0.255862
34.1333,0.255862
34.1333,0.255862
34.1333,0.255862
34.1333,0.255862
34.1333,0.255862
34.1333,0.255862
34.1333,0.255862
34.1333,0.255862
34.1333,0.255862
34.1333,0.255862
35.2,0.274488
35.2,0.274488
35.2,0.274488
35.2,0.274488
35.2,0.274488
35.2,0.274488
35.2,0.274488
35.2,0.274488
35.2,0.274488
35.2,0.274488
35.2,0.274488
35.2,0.274488
35.2,0.274488
35.2,0.274488
35.2,0.274488
35.2,0.274488
36.2667,0.282455
36.2667,0.282455
36.2667,0.282455
36.2667,0.282455
36.2667,0.282455
36.2667,0.282455
36.2667,0.282455
36.2667,0.282455
36.2667,0.282455
36.2667,0.282455
36.2667,0.282455
36.2667,0.282455
36.2667,0.282455
36.2667,0.282455
36.2667,0.282455
36.2667,0.282455
37.3333,0.283478
37.3333,0.283478
37.3333,0.283478
37.3333,0.283478
37.3333,0.283478
37.3333,0.283478
37.3333,0.283478
37.3333,0.283478
37.3333,0.283478
37.3333,0.283478
37.3333,0.283478
37.3333,0.283478
37.3333,0.283478
37.3333,0.283478
37.3333,0.283478
37.3333,0.283478
38.4,0.291382
38.4,0.291382
38.4,0.291382
38.4,0.291382
38.4,0.291382
38.4,0.291382
38.4,0.291382
38.4,0.291382
38.4,0.291382
38.4,0.291382
38.4,0.291382
38.4,0.291382
38.4,0.291382
38.4,0.291382
38.4,0.291382
38.4,0.291382
39.4667,0.32669
39.4667,0.32669
39.4667,0.32669
39.4667,0.32669
39.4667,0.32669
39.4667,0.32669
39.4667,0.32669
39.4667,0.32669
39.4667,0.32669
39.4667,0.32669
39.4667,0.32669
39.4667,0.32669
39.4667,0.32669
39.4667,0.32669
39.4667,0.32669
39.4667,0.32669
40.5333,0.349622
40.5333,0.349622
40.5333,0.349622
40.5333,0.349622
40.5333,0.349622
40.5333,0.349622
40.5333,0.349622
40.5333,0.349622
40.5333,0.349622
40.5333,0.349622
40.5333,0.349622
40.5333,0.349622
40.5333,0.349622
40.5333,0.349622
40.5333,0.349622
40.5333,0.349622
41.6,0.380075
41.6,0.380075
41.6,0.380075
41.6,0.380075
41.6,0.380075
41.6,0.380075
41.6,0.380075
41.6,0.380075
41.6,0.380075
41.6,0.380075
41.6,0.380075
41.6,0.380075
41.6,0.380075
41.6,0.380075
41.6,0.380075
41.6,0.380075
42.6667,0.396099
42.6667,0.396099
42.6667,0.396099
42.6667,0.396099
42.6667,0.396099
42.6667,0.396099
42.6667,0.396099
42.6667,0.396099
42.6667,0.396099
42.6667,0.396099
42.6667,0.396099
42.6667,0.396099
42.6667,0.396099
42.6667,0.396099
42.6667,0.396099
42.6667,0.396099
43.7333,0.410872
43.7333,0.410872
43.7333,0.410872
43.7333,0.410872
43.7333,0.410872
43.7333,0.410872
43.7333,0.410872
43.7333,0.410872
43.7333,0.410872
43.7333,0.410872
43.7333,0.410872
43.7333,0.410872
43.7333,0.410872
43.7333,0.410872
43.7333,0.410872
43.7333,0.410872
44.8,0.419258
44.8,0.419258
44.8,0.419258
44.8,0.419258
44.8,0.419258
44.8,0.419258
44.8,0.419258
44.8,0.419258
44.8,0.419258
44.8,0.419258
44.8,0.419258
44.8,0.419258
44.8,0.419258
44.8,0.419258
44.8,0.419258
44.8,0.419258
45.8667,0.428479
45.8667,0.428479
45.8667,0.428479
45.8667,0.428479
45.8667,0.428479
45.8667,0.428479
45.8667,0.428479
45.8667,0.428479
45.8667,0.428479
45.8667,0.428479
45.8667,0.428479
45.8667,0.428479
45.8667,0.428479
45.8667,0.428479
45.8667,0.428479
45.8667,0.428479
46.9333,0.427879
46.9333,0.427879
46.9333,0.427879
46.9333,0.427879
46.9333,0.427879
46.9333,0.427879
46.9333,0.427879
46.9333,0.427879
46.9333,0.427879
46.9333,0.427879
46.9333,0.427879
46.9333,0.427879
46.9333,0.427879
46.9333,0.427879
46.9333,0.427879
46.9333,0.427879
48,0.418157
48,0.418157
48,0.418157
48,0.418157
48,0.418157
48,0.418157
48,0.418157
48,0.418157
48,0.418157
48,0.418157
48,0.418157
48,0.418157
48,0.418157
48,0.418157
48,0.418157
48,0.418157
49.0667,0.414387
49.0667,0.414387
49.0667,0.414387
49.0667,0.414387
49.0667,0.414387
49.0667,0.414387
49.0667,0.414387
49.0667,0.414387
49.0667,0.414387
49.0667,0.414387
49.0667,0.414387
49.0667,0.414387
49.0667,0.414387
49.0667,0.414387
49.0667,0.414387
49.0667,0.414387
50.1333,0.403815
50.1333,0.403815
50.1333,0.403815
50.1333,0.403815
50.1333,0.403815
50.1333,0.403815
50.1333,0.403815
50.1333,0.403815
50.1333,0.403815
50.1333,0.403815
50.1333,0.403815
50.1333,0.403815
50.1333,0.403815
50.1333,0.403815
50.1333,0.403815
50.1333,0.403815
51.2,0.397948
51.2,0.397948
51.2,0.397948
51.2,0.397948
51.2,0.397948
51.2,0.397948
51.2,0.397948
51.2,0.397948
51.2,0.397948
51.2,0.397948
51.2,0.397948
51.2,0.397948
51.2,0.397948
51.2,0.397948
51.2,0.397948
51.2,0.397948
52.2667,0.390291
52.2667,0.390291
52.2667,0.390291
52.2667,0.390291
52.2667,0.390291
52.2667,0.390291
52.2667,0.390291
52.2667,0.390291
52.2667,0.390291
52.2667,0.390291
52.2667,0.390291
52.2667,0.390291
52.2667,0.390291
52.2667,0.390291
52.2667,0.390291
52.2667,0.390291
53.3333,0.417193
53.3333,0.417193
53.3333,0.417193
53.3333,0.417193
53.3333,0.417193
53.3333,0.417193
53.3333,0.417193
53.3333,0.417193
53.3333,0.417193
53.3333,0.417193
53.3333,0.417193
53.3333,0.417193
53.3333,0.417193
53.3333,0.417193
53.3333,0.417193
53.3333,0.417193
54.4,0.435607
54.4,0.435607
54.4,0.435607
54.4,0.435607
54.4,0.435607
54.4,0.435607
54.4,0.435607
54.4,0.435607
54.4,0.435607
54.4,0.435607
54.4,0.435607
54.4,0.435607
54.4,0.435607
54.4,0.435607
54.4,0.435607
54.4,0.435607
55.4667,0.442183
55.4667,0.442183
55.4667,0.442183
55.4667,0.442183
55.4667,0.442183
55.4667,0.442183
55.4667,0.442183
55.4667,0.442183
55.4667,0.442183
55.4667,0.442183
55.4667,0.442183
55.4667,0.442183
55.4667,0.442183
55.4667,0.442183
55.4667,0.442183
55.4667,0.442183
56.5333,0.443308
56.5333,0.443308
56.5333,0.443308
56.5333,0.443308
56.5333,0.443308
56.5333,0.443308
56.5333,0.443308
56.5333,0.443308
56.5333,0.443308
56.5333,0.443308
56.5333,0.443308
56.5333,0.443308
56.5333,0.443308
56.5333,0.443308
56.5333,0.443308
56.5333,0.443308
57.6,0.445964
57.6,0.445964
57.6,0.445964
57.6,0.445964
57.6,0.445964
57.6,0.445964
57.6,0.445964
57.6,0.445964
57.6,0.445964
57.6,0.445964
57.6,0.445964
57.6,0.445964
57.6,0.445964
57.6,0.445964
57.6,0.445964
57.6,0.445964
58.6667,0.443817
58.6667,0.443817
58.6667,0.443817
58.6667,0.443817
58.6667,0.443817
58.6667,0.443817
58.6667,0.443817
58.6667,0.443817
58.6667,0.443817
58.6667,0.443817
58.6667,0.443817
58.6667,0.443817
58.6667,0.443817
58.6667,0.443817
58.6667,0.443817
58.6667,0.443817
59.7333,0.448982
59.7333,0.448982
59.7333,0.448982
59.7333,0.448982
59.7333,0.448982
59.7333,0.448982
59.7333,0.448982
59.7333,0.448982
59.7333,0.448982
59.7333,0.448982
59.7333,0.448982
59.7333,0.448982
59.7333,0.448982
59.7333,0.448982
59.7333,0.448982
59.7333,0.448982
60.8,0.445369
60.8,0.445369
60.8,0.445369
60.8,0.445369
60.8,0.445369
60.8,0.445369
60.8,0.445369
60.8,0.445369
60.8,0.445369
60.8,0.445369
60.8,0.445369
60.8,0.445369
60.8,0.445369
60.8,0.445369
60.8,0.445369
60.8,0.445369
61.8667,0.436736
61.8667,0.436736
61.8667,0.436736
61.8667,0.436736
61.8667,0.436736
61.8667,0.436736
61.8667,0.436736
61.8667,0.436736
61.8667,0.436736
61.8667,0.436736
61.8667,0.436736
61.8667,0.436736
61.8667,0.436736
61.8667,0.436736
61.8667,0.436736
61.8667,0.436736
62.9333,0.442508
62.9333,0.442508
62.9333,0.442508
62.9333,0.442508
62.9333,0.442508
62.9333,0.442508
62.9333,0.442508
62.9333,0.442508
62.9333,0.442508
62.9333,0.442508
62.9333,0.442508
62.9333,0.442508
62.9333,0.442508
62.9333,0.442508
62.9333,0.442508
62.9333,0.442508
64,0.441003
64,0.441003
64,0.441003
64,0.441003
64,0.441003
64,0.441003
64,0.441003
64,0.441003
64,0.441003
64,0.441003
64,0.441003
64,0.441003
64,0.441003
64,0.441003
64,0.441003
64,0.441003
65.0667,0.446443
65.0667,0.446443
65.0667,0.446443
65.0667,0.446443
65.0667,0.446443
65.0667,0.446443
65.0667,0.446443
65.0667,0.446443
65.0667,0.446443
65.0667,0.446443
65.0667,0.446443
65.0667,0.446443
65.0667,0.446443
65.0667,0.446443
65.0667,0.446443
65.0667,0.446443
66.1333,0.444593
66.1333,0.444593
66.1333,0.444593
66.1333,0.444593
66.1333,0.444593
66.1333,0.444593
66.1333,0.444593
66.1333,0.444593
66.1333,0.444593
66.1333,0.444593
66.1333,0.444593
66.1333,0.444593
66.1333,0.444593
66.1333,0.444593
66.1333,0.444593
66.1333,0.444593
67.2,0.436144
67.2,0.436144
67.2,0.436144
67.2,0.436144
67.2,0.436144
67.2,0.436144
67.2,0.436144
67.2,0.436144
67.2,0.436144
67.2,0.436144
67.2,0.436144
67.2,0.436144
67.2,0.436144
67.2,0.436144
67.2,0.436144
67.2,0.436144
68.2667,0.438264
68.2667,0.438264
68.2667,0.438264
68.2667,0.438264
68.2667,0.438264
68.2667,0.438264
68.2667,0.438264
68.2667,0.438264
68.2667,0.438264
68.2667,0.438264
68.2667,0.438264
68.2667,0.438264
68.2667,0.438264
68.2667,0.438264
68.2667,0.438264
68.2667,0.438264
69.3333,0.43681
69.3333,0.43681
69.3333,0.43681
69.3333,0.43681
69.3333,0.43681
69.3333,0.43681
69.3333,0.43681
69.3333,0.43681
69.3333,0.43681
69.3333,0.43681
69.3333,0.43681
69.3333,0.43681
69.3333,0.43681
69.3333,0.43681
69.3333,0.43681
69.3333,0.43681
70.4,0.439142
70.4,0.439142
70.4,0.439142
70.4,0.439142
70.4,0.439142
70.4,0.439142
70.4,0.439142
70.4,0.439142
70.4,0.439142
70.4,0.439142
70.4,0.439142
70.4,0.439142
70.4,0.439142
70.4,0.439142
70.4,0.439142
70.4,0.439142
71.4667,0.436512
71.4667,0.436512
71.4667,0.436512
71.4667,0.436512
71.4667,0.436512
71.4667,0.436512
71.4667,0.436512
71.4667,0.436512
71.4667,0.436512
71.4667,0.436512
71.4667,0.436512
71.4667,0.436512
71.4667,0.436512
71.4667,0.436512
71.4667,0.436512
71.4667,0.436512
72.5333,0.436301
72.5333,0.436301
72.5333,0.436301
72.5333,0.436301
72.5333,0.436301
72.5333,0.436301
72.5333,0.436301
72.5333,0.436301
72.5333,0.436301
72.5333,0.436301
72.5333,0.436301
72.5333,0.436301
72.5333,0.436301
72.5333,0.436301
72.5333,0.436301
72.5333,0.436301
73.6,0.440055
73.6,0.440055
73.6,0.440055
73.6,0.440055
73.6,0.440055
73.6,0.440055
73.6,0.440055
73.6,0.440055
73.6,0.440055
73.6,0.440055
73.6,0.440055
73.6,0.440055
73.6,0.440055
73.6,0.440055
73.6,0.440055
73.6,0.440055
74.6667,0.435827
74.6667,0.435827
74.6667,0.435827
74.6667,0.435827
74.6667,0.435827
74.6667,0.435827
74.6667,0.435827
74.6667,0.435827
74.6667,0.435827
74.6667,0.435827
74.6667,0.435827
74.6667,0.435827
74.6667,0.435827
74.6667,0.435827
74.6667,0.435827
74.6667,0.435827
75.7333,0.438997
75.7333,0.438997
75.7333,0.438997
75.7333,0.438997
75.7333,0.438997
75.7333,0.438997
75.7333,0.438997
75.7333,0.438997
75.7333,0.438997
75.7333,0.438997
75.7333,0.438997
75.7333,0.438997
75.7333,0.438997
75.7333,0.438997
75.7333,0.438997
75.7333,0.438997
76.8,0.441548
76.8,0.441548
76.8,0.441548
76.8,0.441548
76.8,0.441548
76.8,0.441548
76.8,0.441548
76.8,0.441548
76.8,0.441548
76.8,0.441548
76.8,0.441548
76.8,0.441548
76.8,0.441548
76.8,0.441548
76.8,0.441548
76.8,0.441548
77.8667,0.441434
77.8667,0.441434
77.8667,0.441434
77.8667,0.441434
77.8667,0.441434
77.8667,0.441434
77.8667,0.441434
77.8667,0.441434
77.8667,0.441434
77.8667,0.441434
77.8667,0.441434
77.8667,0.441434
77.8667,0.441434
77.8667,0.441434
77.8667,0.441434
77.8667,0.441434
78.9333,0.436838
78.9333,0.436838
78.9333,0.436838
78.9333,0.436838
78.9333,0.436838
78.9333,0.436838
78.9333,0.436838
78.9333,0.436838
78.9333,0.436838
78.9333,0.436838
78.9333,0.436838
78.9333,0.436838
78.9333,0.436838
78.9333,0.436838
78.9333,0.436838
78.9333,0.436838
80,0.431496
80,0.431496
80,0.431496
80,0.431496
80,0.431496
80,0.431496
80,0.431496
80,0.431496
80,0.431496
80,0.431496
80,0.431496
80,0.431496
80,0.431496
80,0.431496
80,0.431496
80,0.431496
81.0667,0.429831
81.0667,0.429831
81.0667,0.429831
81.0667,0.429831
81.0667,0.429831
81.0667,0.429831
81.0667,0.429831
81.0667,0.429831
81.0667,0.429831
81.0667,0.429831
81.0667,0.429831
81.0667,0.429831
81.0667,0.429831
81.0667,0.429831
81.0667,0.429831
81.0667,0.429831
82.1333,0.434048
82.1333,0.434048
82.1333,0.434048
82.1333,0.434048
82.1333,0.434048
82.1333,0.434048
82.1333,0.434048
82.1333,0.434048
82.1333,0.434048
82.1333,0.434048
82.1333,0.434048
82.1333,0.434048
82.1333,0.434048
82.1333,0.434048
82.1333,0.434048
82.1333,0.434048
83.2,0.437555
83.2,0.437555
83.2,0.437555
83.2,0.437555
83.2,0.437555
83.2,0.437555
83.2,0.437555
83.2,0.437555
83.2,0.437555
83.2,0.437555
83.2,0.437555
83.2,0.437555
83.2,0.437555
83.2,0.437555
83.2,0.437555
83.2,0.437555
84.2667,0.432927
84.2667,0.432927
84.2667,0.432927
84.2667,0.432927
84.2667,0.432927
84.2667,0.432927
84.2667,0.432927
84.2667,0.432927
84.2667,0.432927
84.2667,0.432927
84.2667,0.432927
84.2667,0.432927
84.2667,0.432927
84.2667,0.432927
84.2667,0.432927
84.2667,0.432927
85.3333,0.435885
85.3333,0.435885
85.3333,0.435885
85.3333,0.435885
85.3333,0.435885
85.3333,0.435885
85.3333,0.435885
85.3333,0.435885
85.3333,0.435885
85.3333,0.435885
85.3333,0.435885
85.3333,0.435885
85.3333,0.435885
85.3333,0.435885
85.3333,0.435885
85.3333,0.435885
86.4,0.437998
86.4,0.437998
86.4,0.437998
86.4,0.437998
86.4,0.437998
86.4,0.437998
86.4,0.437998
86.4,0.437998
86.4,0.437998
86.4,0.437998
86.4,0.437998
86.4,0.437998
86.4,0.437998
86.4,0.437998
86.4,0.437998
86.4,0.437998
87.4667,0.433683
87.4667,0.433683
87.4667,0.433683
87.4667,0.433683
87.4667,0.433683
87.4667,0.433683
87.4667,0.433683
87.4667,0.433683
87.4667,0.433683
87.4667,0.433683
87.4667,0.433683
87.4667,0.433683
87.4667,0.433683
87.4667,0.433683
87.4667,0.433683
87.4667,0.433683
88.5333,0.432837
88.5333,0.432837
88.5333,0.432837
88.5333,0.432837
88.5333,0.432837
88.5333,0.432837
88.5333,0.432837
88.5333,0.432837
88.5333,0.432837
88.5333,0.432837
88.5333,0.432837
88.5333,0.432837
88.5333,0.432837
88.5333,0.432837
88.5333,0.432837
88.5333,0.432837
89.6,0.43337
89.6,0.43337
89.6,0.43337
89.6,0.43337
89.6,0.43337
89.6,0.43337
89.6,0.43337
89.6,0.43337
89.6,0.43337
89.6,0.43337
89.6,0.43337
89.6,0.43337
89.6,0.43337
89.6,0.43337
89.6,0.43337
89.6,0.43337
90.6667,0.432731
90.6667,0.432731
90.6667,0.432731
90.6667,0.432731
90.6667,0.432731
90.6667,0.432731
90.6667,0.432731
90.6667,0.432731
90.6667,0.432731
90.6667,0.432731
90.6667,0.432731
90.6667,0.432731
90.6667,0.432731
90.6667,0.432731
90.6667,0.432731
90.6667,0.432731
91.7333,0.425352
91.7333,0.425352
91.7333,0.425352
91.7333,0.425352
91.7333,0.425352
91.7333,0.425352
91.7333,0.425352
91.7333,0.425352
91.7333,0.425352
91.7333,0.425352
91.7333,0.425352
91.7333,0.425352
91.7333,0.425352
91.7333,0.425352
91.7333,0.425352
91.7333,0.425352
92.8,0.418443
92.8,0.418443
92.8,0.418443
92.8,0.418443
92.8,0.418443
92.8,0.418443
92.8,0.418443
92.8,0.418443
92.8,0.418443
92.8,0.418443
92.8,0.418443
92.8,0.418443
92.8,0.418443
92.8,0.418443
92.8,0.418443
92.8,0.418443
93.8667,0.422918
93.8667,0.422918
93.8667,0.422918
93.8667,0.422918
93.8667,0.422918
93.8667,0.422918
93.8667,0.422918
93.8667,0.422918
93.8667,0.422918
93.8667,0.422918
93.8667,0.422918
93.8667,0.422918
93.8667,0.422918
93.8667,0.422918
93.8667,0.422918
93.8667,0.422918
94.9333,0.423698
94.9333,0.423698
94.9333,0.423698
94.9333,0.423698
94.9333,0.423698
94.9333,0.423698
94.9333,0.423698
94.9333,0.423698
94.9333,0.423698
94.9333,0.423698
94.9333,0.423698
94.9333,0.423698
94.9333,0.423698
94.9333,0.423698
94.9333,0.423698
94.9333,0.423698
96,0.439036
96,0.439036
96,0.439036
96,0.439036
96,0.439036
96,0.439036
96,0.439036
96,0.439036
96,0.439036
96,0.439036
96,0.439036
96,0.439036
96,0.439036
96,0.439036
96,0.439036
96,0.439036
97.0667,0.440035
97.0667,0.440035
97.0667,0.440035
97.0667,0.440035
97.0667,0.440035
97.0667,0.440035
97.0667,0.440035
97.0667,0.440035
97.0667,0.440035
97.0667,0.440035
97.0667,0.440035
97.0667,0.440035
97.0667,0.440035
97.0667,0.440035
97.0667,0.440035
97.0667,0.440035
98.1333,0.406009
98.1333,0.406009
98.1333,0.406009
98.1333,0.406009
98.1333,0.406009
98.1333,0.406009
98.1333,0.406009
98.1333,0.406009
98.1333,0.406009
98.1333,0.406009
98.1333,0.406009
98.1333,0.406009
98.1333,0.406009
98.1333,0.406009
98.1333,0.406009
98.1333,0.406009
99.2,0.364807
99.2,0.364807
99.2,0.364807
99.2,0.364807
99.2,0.364807
99.2,0.364807
99.2,0.364807
99.2,0.364807
99.2,0.364807
99.2,0.364807
99.2,0.364807
99.2,0.364807
99.2,0.364807
99.2,0.364807
99.2,0.364807
99.2,0.364807
100.267,0.345747
100.267,0.345747
100.267,0.345747
100.267,0.345747
100.267,0.345747
100.267,0.345747
100.267,0.345747
100.267,0.345747
100.267,0.345747
100.267,0.345747
100.267,0.345747
100.267,0.345747
100.267,0.345747
100.267,0.345747
100.267,0.345747
100.267,0.345747
101.333,0.320047
101.333,0.320047
101.333,0.320047
101.333,0.320047
101.333,0.320047
101.333,0.320047
101.333,0.320047
101.333,0.320047
101.333,0.320047
101.333,0.320047
101.333,0.320047
101.333,0.320047
101.333,0.320047
101.333,0.320047
101.333,0.320047
101.333,0.320047
102.4,0.292526
102.4,0.292526
102.4,0.292526
102.4,0.292526
102.4,0.292526
102.4,0.292526
102.4,0.292526
102.4,0.292526
102.4,0.292526
102.4,0.292526
102.4,0.292526
102.4,0.292526
102.4,0.292526
102.4,0.292526
102.4,0.292526
102.4,0.292526
103.467,0.288937
103.467,0.288937
103.467,0.288937
103.467,0.288937
103.467,0.288937
103.467,0.288937
103.467,0.288937
103.467,0.288937
103.467,0.288937
103.467,0.288937
103.467,0.288937
103.467,0.288937
103.467,0.288937
103.467,0.288937
103.467,0.288937
103.467,0.288937
104.533,0.311567
104.533,0.311567
104.533,0.311567
104.533,0.311567
104.533,0.311567
104.533,0.311567
104.533,0.311567
104.533,0.311567
104.533,0.311567
104.533,0.311567
104.533,0.311567
104.533,0.311567
104.533,0.311567
104.533,0.311567
104.533,0.311567
104.533,0.311567
105.6,0.336424
105.6,0.336424
105.6,0.336424
105.6,0.336424
105.6,0.336424
105.6,0.336424
105.6,0.336424
105.6,0.336424
105.6,0.336424
105.6,0.336424
105.6,0.336424
105.6,0.336424
105.6,0.336424
105.6,0.336424
105.6,0.336424
105.6,0.336424
106.667,0.339876
106.667,0.339876
106.667,0.339876
106.667,0.339876
106.667,0.339876
106.667,0.339876
106.667,0.339876
106.667,0.339876
106.667,0.339876
106.667,0.339876
106.667,0.339876
106.667,0.339876
106.667,0.339876
106.667,0.339876
106.667,0.339876
106.667,0.339876
107.733,0.351158
107.733,0.351158
107.733,0.351158
107.733,0.351158
107.733,0.351158
107.733,0.351158
107.733,0.351158
107.733,0.351158
107.733,0.351158
107.733,0.351158
107.733,0.351158
107.733,0.351158
107.733,0.351158
107.733,0.351158
107.733,0.351158
107.733,0.351158
108.8,0.370764
108.8,0.370764
108.8,0.370764
108.8,0.370764
108.8,0.370764
108.8,0.370764
108.8,0.370764
108.8,0.370764
108.8,0.370764
108.8,0.370764
108.8,0.370764
108.8,0.370764
108.8,0.370764
108.8,0.370764
108.8,0.370764
108.8,0.370764
109.867,0.377151
109.867,0.377151
109.867,0.377151
109.867,0.377151
109.867,0.377151
109.867,0.377151
109.867,0.377151
109.867,0.377151
109.867,0.377151
109.867,0.377151
109.867,0.377151
109.867,0.377151
109.867,0.377151
109.867,0.377151
109.867,0.377151
109.867,0.377151
110.933,0.357734
110.933,0.357734
110.933,0.357734
110.933,0.357734
110.933,0.357734
110.933,0.357734
110.933,0.357734
110.933,0.357734
110.933,0.357734
110.933,0.357734
110.933,0.357734
110.933,0.357734
110.933,0.357734
110.933,0.357734
110.933,0.357734
110.933,0.357734
112,0.34028
112,0.34028
112,0.34028
112,0.34028
112,0.34028
112,0.34028
112,0.34028
112,0.34028
112,0.34028
112,0.34028
112,0.34028
112,0.34028
112,0.34028
112,0.34028
112,0.34028
112,0.34028
113.067,0.363969
113.067,0.363969
113.067,0.363969
113.067,0.363969
113.067,0.363969
113.067,0.363969
113.067,0.363969
113.067,0.363969
113.067,0.363969
113.067,0.363969
113.067,0.363969
113.067,0.363969
113.067,0.363969
113.067,0.363969
113.067,0.363969
113.067,0.363969
114.133,0.33555
114.133,0.33555
114.133,0.33555
114.133,0.33555
114.133,0.33555
114.133,0.33555
114.133,0.33555
114.133,0.33555
114.133,0.33555
114.133,0.33555
114.133,0.33555
114.133,0.33555
114.133,0.33555
114.133,0.33555
114.133,0.33555
114.133,0.33555
115.2,0.276165
115.2,0.276165
115.2,0.276165
115.2,0.276165
115.2,0.276165
115.2,0.276165
115.2,0.276165
115.2,0.276165
115.2,0.276165
115.2,0.276165
115.2,0.276165
115.2,0.276165
115.2,0.276165
115.2,0.276165
115.2,0.276165
115.2,0.276165
116.267,0.229881
116.267,0.229881
116.267,0.229881
116.267,0.229881
116.267,0.229881
116.267,0.229881
116.267,0.229881
116.267,0.229881
116.267,0.229881
116.267,0.229881
116.267,0.229881
116.267,0.229881
116.267,0.229881
116.267,0.229881
116.267,0.229881
116.267,0.229881
117.333,0.202148
117.333,0.202148
117.333,0.202148
117.333,0.202148
117.333,0.202148
117.333,0.202148
117.333,0.202148
117.333,0.202148
117.333,0.202148
117.333,0.202148
117.333,0.202148
117.333,0.202148
117.333,0.202148
117.333,0.202148
117.333,0.202148
117.333,0.202148
118.4,0.216036
118.4,0.216036
118.4,0.216036
118.4,0.216036
118.4,0.216036
118.4,0.216036
118.4,0.216036
118.4,0.216036
118.4,0.216036
118.4,0.216036
118.4,0.216036
118.4,0.216036
118.4,0.216036
118.4,0.216036
118.4,0.216036
118.4,0.216036
119.467,0.176096
119.467,0.176096
119.467,0.176096
119.467,0.176096
119.467,0.176096
119.467,0.176096
119.467,0.176096
119.467,0.176096
119.467,0.176096
119.467,0.176096
119.467,0.176096
119.467,0.176096
119.467,0.176096
119.467,0.176096
119.467,0.176096
119.467,0.176096
120.533,0.199554
120.533,0.199554
120.533,0.199554
120.533,0.199554
120.533,0.199554
120.533,0.199554
120.533,0.199554
120.533,0.199554
120.533,0.199554
120.533,0.199554
120.533,0.199554
120.533,0.199554
120.533,0.199554
120.533,0.199554
120.533,0.199554
120.533,0.199554
121.6,0.201286
121.6,0.201286
121.6,0.201286
121.6,0.201286
121.6,0.201286
121.6,0.201286
121.6,0.201286
121.6,0.201286
121.6,0.201286
121.6,0.201286
121.6,0.201286
121.6,0.201286
121.6,0.201286
121.6,0.201286
121.6,0.201286
121.6,0.201286
122.667,0.185678
122.667,0.185678
122.667,0.185678
122.667,0.185678
122.667,0.185678
122.667,0.185678
122.667,0.185678
122.667,0.185678
122.667,0.185678
122.667,0.185678
122.667,0.185678
122.667,0.185678
122.667,0.185678
122.667,0.185678
122.667,0.185678
122.667,0.185678
123.733,0.119757
123.733,0.119757
123.733,0.119757
123.733,0.119757
123.733,0.119757
123.733,0.119757
123.733,0.119757
123.733,0.119757
123.733,0.119757
123.733,0.119757
123.733,0.119757
123.733,0.119757
123.733,0.119757
123.733,0.119757
123.733,0.119757
123.733,0.119757
124.8,0.163333
124.8,0.163333
124.8,0.163333
124.8,0.163333
124.8,0.163333
124.8,0.163333
124.8,0.163333
124.8,0.163333
124.8,0.163333
124.8,0.163333
124.8,0.163333
124.8,0.163333
124.8,0.163333
124.8,0.163333
124.8,0.163333
124.8,0.163333
125.867,0.197426
125.867,0.197426
125.867,0.197426
125.867,0.197426
125.867,0.197426
125.867,0.197426
125.867,0.197426
125.867,0.197426
125.867,0.197426
125.867,0.197426
125.867,0.197426
125.867,0.197426
125.867,0.197426
125.867,0.197426
125.867,0.197426
125.867,0.197426
126.933,0.229109
126.933,0.229109
126.933,0.229109
126.933,0.229109
126.933,0.229109
126.933,0.229109
126.933,0.229109
126.933,0.229109
126.933,0.229109
126.933,0.229109
126.933,0.229109
126.933,0.229109
126.933,0.229109
126.933,0.229109
126.933,0.229109
126.933,0.229109
128,0.157239
128,0.157239
128,0.157239
128,0.157239
128,0.157239
128,0.157239
128,0.157239
128,0.157239
128,0.157239
128,0.157239
128,0.157239
128,0.157239
128,0.157239
128,0.157239
128,0.157239
128,0.157239
129.067,0.110093
129.067,0.110093
129.067,0.110093
129.067,0.110093
129.067,0.110093
129.067,0.110093
129.067,0.110093
129.067,0.110093
129.067,0.110093
129.067,0.110093
129.067,0.110093
129.067,0.110093
129.067,0.110093
129.067,0.110093
129.067,0.110093
129.067,0.110093
130.133,0.054639
130.133,0.054639
130.133,0.054639
130.133,0.054639
130.133,0.054639
130.133,0.054639
130.133,0.054639
130.133,0.054639
130.133,0.054639
130.133,0.054639
130.133,0.054639
130.133,0.054639
130.133,0.054639
130.133,0.054639
130.133,0.054639
130.133,0.054639
131.2,0.00183789
131.2,0.00183789
131.2,0.00183789
131.2,0.00183789
131.2,0.00183789
131.2,0.00183789
131.2,0.00183789
131.2,0.00183789
131.2,0.00183789
131.2,0.00183789
131.2,0.00183789
131.2,0.00183789
131.2,0.00183789
131.2,0.00183789
131.2,0.00183789
131.2,0.00183789
132.267,0.000877798
132.267,0.000877798
132.267,0.000877798
132.267,0.000877798
132.267,0.000877798
132.267,0.000877798
132.267,0.000877798
132.267,0.000877798
132.267,0.000877798
132.267,0.000877798
132.267,0.000877798
132.267,0.000877798
132.267,0.000877798
132.267,0.000877798
132.267,0.000877798
132.267,0.000877798
133.333,0.00447912
133.333,0.00447912
133.333,0.00447912
133.333,0.00447912
133.333,0.00447912
133.333,0.00447912
133.333,0.00447912
133.333,0.00447912
133.333,0.00447912
133.333,0.00447912
133.333,0.00447912
133.333,0.00447912
133.333,0.00447912
133.333,0.00447912
133.333,0.00447912
133.333,0.00447912
134.4,0.177966
134.4,0.177966
134.4,0.177966
134.4,0.177966
134.4,0.177966
134.4,0.177966
134.4,0.177966
134.4,0.177966
134.4,0.177966
134.4,0.177966
134.4,0.177966
134.4,0.177966
134.4,0.177966
134.4,0.177966
134.4,0.177966
134.4,0.177966
135.467,0.195772
135.467,0.195772
135.467,0.195772
135.467,0.195772
135.467,0.195772
135.467,0.195772
135.467,0.195772
135.467,0.195772
135.467,0.195772
135.467,0.195772
135.467,0.195772
135.467,0.195772
135.467,0.195772
135.467,0.195772
135.467,0.195772
135.467,0.195772
136.533,0.0645142
136.533,0.0645142
136.533,0.0645142
136.533,0.0645142
136.533,0.0645142
136.533,0.0645142
136.533,0.0645142
136.533,0.0645142
136.533,0.0645142
136.533,0.0645142
136.533,0.0645142
136.533,0.0645142
136.533,0.0645142
136.533,0.0645142
136.533,0.0645142
136.533,0.0645142
137.6,0.02749
137.6,0.02749
137.6,0.02749
137.6,0.02749
137.6,0.02749
137.6,0.02749
137.6,0.02749
137.6,0.02749
137.6,0.02749
137.6,0.02749
137.6,0.02749
137.6,0.02749
137.6,0.02749
137.6,0.02749
137.6,0.02749
137.6,0.02749
138.667,0.00561947
138.667,0.00561947
138.667,0.00561947
138.667,0.00561947
138.667,0.00561947
138.667,0.00561947
138.667,0.00561947
138.667,0.00561947
138.667,0.00561947
138.667,0.00561947
138.667,0.00561947
138.667,0.00561947
138.667,0.00561947
138.667,0.00561947
138.667,0.00561947
138.667,0.00561947
139.733,0.00479262
139.733,0.00479262
139.733,0.00479262
139.733,0.00479262
139.733,0.00479262
139.733,0.00479262
139.733,0.00479262
139.733,0.00479262
139.733,0.00479262
139.733,0.00479262
139.733,0.00479262
139.733,0.00479262
139.733,0.00479262
139.733,0.00479262
139.733,0.00479262
139.733,0.00479262
140.8,0.0390071
140.8,0.0390071
140.8,0.0390071
140.8,0.0390071
140.8,0.0390071
140.8,0.0390071
140.8,0.0390071
140.8,0.0390071
140.8,0.0390071
140.8,0.0390071
140.8,0.0390071
140.8,0.0390071
140.8,0.0390071
140.8,0.0390071
140.8,0.0390071
140.8,0.0390071
141.867,0.13919
141.867,0.13919
141.867,0.13919
141.867,0.13919
141.867,0.13919
141.867,0.13919
141.867,0.13919
141.867,0.13919
141.867,0.13919
141.867,0.13919
141.867,0.13919
141.867,0.13919
141.867,0.13919
141.867,0.13919
141.867,0.13919
141.867,0.13919
142.933,0.190192
142.933,0.190192
142.933,0.190192
142.933,0.190192
142.933,0.190192
142.933,0.190192
142.933,0.190192
142.933,0.190192
142.933,0.190192
142.933,0.190192
142.933,0.190192
142.933,0.190192
142.933,0.190192
142.933,0.190192
142.933,0.190192
142.933,0.190192
144,0.206541
144,0.206541
144,0.206541
144,0.206541
144,0.206541
144,0.206541
144,0.206541
144,0.206541
144,0.206541
144,0.206541
144,0.206541
144,0.206541
144,0.206541
144,0.206541
144,0.206541
144,0.206541
145.067,0.125368
145.067,0.125368
145.067,0.125368
145.067,0.125368
145.067,0.125368
145.067,0.125368
145.067,0.125368
145.067,0.125368
145.067,0.125368
145.067,0.125368
145.067,0.125368
145.067,0.125368
145.067,0.125368
145.067,0.125368
145.067,0.125368
145.067,0.125368
146.133,0.0236927
146.133,0.0236927
146.133,0.0236927
146.133,0.0236927
146.133,0.0236927
146.133,0.0236927
146.133,0.0236927
146.133,0.0236927
146.133,0.0236927
146.133,0.0236927
146.133,0.0236927
146.133,0.0236927
146.133,0.0236927
146.133,0.0236927
146.133,0.0236927
146.133,0.0236927
147.2,2.35124e-05
147.2,2.35124e-05
147.2,2.35124e-05
147.2,2.35124e-05
147.2,2.35124e-05
147.2,2.35124e-05
147.2,2.35124e-05
147.2,2.35124e-05
147.2,2.35124e-05
147.2,2.35124e-05
147.2,2.35124e-05
147.2,2.35124e-05
147.2,2.35124e-05
147.2,2.35124e-05
147.2,2.35124e-05
147.2,2.35124e-05
148.267,0.00114427
148.267,0.00114427
148.267,0.00114427
148.267,0.00114427
148.267,0.00114427
148.267,0.00114427
148.267,0.00114427
148.267,0.00114427
148.267,0.00114427
148.267,0.00114427
148.267,0.00114427
148.267,0.00114427
148.267,0.00114427
148.267,0.00114427
148.267,0.00114427
148.267,0.00114427
149.333,0.00182221
149.333,0.00182221
149.333,0.00182221
149.333,0.00182221
149.333,0.00182221
149.333,0.00182221
149.333,0.00182221
149.333,0.00182221
149.333,0.00182221
149.333,0.00182221
149.333,0.00182221
149.333,0.00182221
149.333,0.00182221
149.333,0.00182221
149.333,0.00182221
149.333,0.00182221
150.4,0.00139507
150.4,0.00139507
150.4,0.00139507
150.4,0.00139507
150.4,0.00139507
150.4,0.00139507
150.4,0.00139507
150.4,0.00139507
150.4,0.00139507
150.4,0.00139507
150.4,0.00139507
150.4,0.00139507
150.4,0.00139507
150.4,0.00139507
150.4,0.00139507
150.4,0.00139507
151.467,0.0390424
151.467,0.0390424
151.467,0.0390424
151.467,0.0390424
151.467,0.0390424
151.467,0.0390424
151.467,0.0390424
151.467,0.0390424
151.467,0.0390424
151.467,0.0390424
151.467,0.0390424
151.467,0.0390424
151.467,0.0390424
151.467,0.0390424
151.467,0.0390424
151.467,0.0390424
152.533,0.0659446
152.533,0.0659446
152.533,0.0659446
152.533,0.0659446
152.533,0.0659446
152.533,0.0659446
152.533,0.0659446
152.533,0.0659446
152.533,0.0659446
152.533,0.0659446
152.533,0.0659446
152.533,0.0659446
152.533,0.0659446
152.533,0.0659446
152.533,0.0659446
152.533,0.0659446
153.6,0.0672809
153.6,0.0672809
153.6,0.0672809
153.6,0.0672809
153.6,0.0672809
153.6,0.0672809
153.6,0.0672809
153.6,0.0672809
153.6,0.0672809
153.6,0.0672809
153.6,0.0672809
153.6,0.0672809
153.6,0.0672809
153.6,0.0672809
153.6,0.0672809
153.6,0.0672809
154.667,0.0318476
154.667,0.0318476
154.667,0.0318476
154.667,0.0318476
154.667,0.0318476
154.667,0.0318476
154.667,0.0318476
154.667,0.0318476
154.667,0.0318476
154.667,0.0318476
154.667,0.0318476
154.667,0.0318476
154.667,0.0318476
154.667,0.0318476
154.667,0.0318476
154.667,0.0318476
155.733,0.0158004
155.733,0.0158004
155.733,0.0158004
155.733,0.0158004
155.733,0.0158004
155.733,0.0158004
155.733,0.0158004
155.733,0.0158004
155.733,0.0158004
155.733,0.0158004
155.733,0.0158004
155.733,0.0158004
155.733,0.0158004
155.733,0.0158004
155.733,0.0158004
155.733,0.0158004
156.8,0.00438899
156.8,0.00438899
156.8,0.00438899
156.8,0.00438899
156.8,0.00438899
156.8,0.00438899
156.8,0.00438899
156.8,0.00438899
156.8,0.00438899
156.8,0.00438899
156.8,0.00438899
156.8,0.00438899
156.8,0.00438899
156.8,0.00438899
156.8,0.00438899
156.8,0.00438899
157.867,0.00637187
157.867,0.00637187
157.867,0.00637187
157.867,0.00637187
157.867,0.00637187
157.867,0.00637187
157.867,0.00637187
157.867,0.00637187
157.867,0.00637187
157.867,0.00637187
157.867,0.00637187
157.867,0.00637187
157.867,0.00637187
157.867,0.00637187
157.867,0.00637187
157.867,0.00637187
158.933,0.0229638
158.933,0.0229638
158.933,0.0229638
158.933,0.0229638
158.933,0.0229638
158.933,0.0229638
158.933,0.0229638
158.933,0.0229638
158.933,0.0229638
158.933,0.0229638
158.933,0.0229638
158.933,0.0229638
158.933,0.0229638
158.933,0.0229638
158.933,0.0229638
158.933,0.0229638
160,0.0649766
160,0.0649766
160,0.0649766
160,0.0649766
160,0.0649766
160,0.0649766
160,0.0649766
160,0.0649766
160,0.0649766
160,0.0649766
160,0.0649766
160,0.0649766
160,0.0649766
160,0.0649766
160,0.0649766
160,0.0649766
161.067,0.0423851
161.067,0.0423851
161.067,0.0423851
161.067,0.0423851
161.067,0.0423851
161.067,0.0423851
161.067,0.0423851
161.067,0.0423851
161.067,0.0423851
161.067,0.0423851
161.067,0.0423851
161.067,0.0423851
161.067,0.0423851
161.067,0.0423851
161.067,0.0423851
161.067,0.0423851
162.133,0.00775519
162.133,0.00775519
162.133,0.00775519
162.133,0.00775519
162.133,0.00775519
162.133,0.00775519
162.133,0.00775519
162.133,0.00775519
162.133,0.00775519
162.133,0.00775519
162.133,0.00775519
162.133,0.00775519
162.133,0.00775519
162.133,0.00775519
162.133,0.00775519
162.133,0.00775519
163.2,0.0469622
163.2,0.0469622
163.2,0.0469622
163.2,0.0469622
163.2,0.0469622
163.2,0.0469622
163.2,0.0469622
163.2,0.0469622
163.2,0.0469622
163.2,0.0469622
163.2,0.0469622
163.2,0.0469622
163.2,0.0469622
163.2,0.0469622
163.2,0.0469622
163.2,0.0469622
164.267,0.0242884
164.267,0.0242884
164.267,0.0242884
164.267,0.0242884
164.267,0.0242884
164.267,0.0242884
164.267,0.0242884
164.267,0.0242884
164.267,0.0242884
164.267,0.0242884
164.267,0.0242884
164.267,0.0242884
164.267,0.0242884
164.267,0.0242884
164.267,0.0242884
164.267,0.0242884
165.333,0.00622688
165.333,0.00622688
165.333,0.00622688
165.333,0.00622688
165.333,0.00622688
165.333,0.00622688
165.333,0.00622688
165.333,0.00622688
165.333,0.00622688
165.333,0.00622688
165.333,0.00622688
165.333,0.00622688
165.333,0.00622688
165.333,0.00622688
165.333,0.00622688
165.333,0.00622688
166.4,0.0101691
166.4,0.0101691
166.4,0.0101691
166.4,0.0101691
166.4,0.0101691
166.4,0.0101691
166.4,0.0101691
166.4,0.0101691
166.4,0.0101691
166.4,0.0101691
166.4,0.0101691
166.4,0.0101691
166.4,0.0101691
166.4,0.0101691
166.4,0.0101691
166.4,0.0101691
167.467,0.0426908
167.467,0.0426908
167.467,0.0426908
167.467,0.0426908
167.467,0.0426908
167.467,0.0426908
167.467,0.0426908
167.467,0.0426908
167.467,0.0426908
167.467,0.0426908
167.467,0.0426908
167.467,0.0426908
167.467,0.0426908
167.467,0.0426908
167.467,0.0426908
167.467,0.0426908
168.533,0.0672534
168.533,0.0672534
168.533,0.0672534
168.533,0.0672534
168.533,0.0672534
168.533,0.0672534
168.533,0.0672534
168.533,0.0672534
168.533,0.0672534
168.533,0.0672534
168.533,0.0672534
168.533,0.0672534
168.533,0.0672534
168.533,0.0672534
168.533,0.0672534
168.533,0.0672534
169.6,0.0733706
169.6,0.0733706
169.6,0.0733706
169.6,0.0733706
169.6,0.0733706
169.6,0.0733706
169.6,0.0733706
169.6,0.0733706
169.6,0.0733706
169.6,0.0733706
169.6,0.0733706
169.6,0.0733706
169.6,0.0733706
169.6,0.0733706
169.6,0.0733706
169.6,0.0733706
170.667,0.0111371
170.667,0.0111371
170.667,0.0111371
170.667,0.0111371
170.667,0.0111371
170.667,0.0111371
170.667,0.0111371
170.667,0.0111371
170.667,0.0111371
170.667,0.0111371
170.667,0.0111371
170.667,0.0111371
170.667,0.0111371
170.667,0.0111371
170.667,0.0111371
170.667,0.0111371
171.733,0.00202991
171.733,0.00202991
171.733,0.00202991
171.733,0.00202991
171.733,0.00202991
171.733,0.00202991
171.733,0.00202991
171.733,0.00202991
171.733,0.00202991
171.733,0.00202991
171.733,0.00202991
171.733,0.00202991
171.733,0.00202991
171.733,0.00202991
171.733,0.00202991
171.733,0.00202991
172.8,0.0018183
172.8,0.0018183
172.8,0.0018183
172.8,0.0018183
172.8,0.0018183
172.8,0.0018183
172.8,0.0018183
172.8,0.0018183
172.8,0.0018183
172.8,0.0018183
172.8,0.0018183
172.8,0.0018183
172.8,0.0018183
172.8,0.0018183
172.8,0.0018183
172.8,0.0018183
173.867,0.00194761
173.867,0.00194761
173.867,0.00194761
173.867,0.00194761
173.867,0.00194761
173.867,0.00194761
173.867,0.00194761
173.867,0.00194761
173.867,0.00194761
173.867,0.00194761
173.867,0.00194761
173.867,0.00194761
173.867,0.00194761
173.867,0.00194761
173.867,0.00194761
173.867,0.00194761
174.933,0.00672456
174.933,0.00672456
174.933,0.00672456
174.933,0.00672456
174.933,0.00672456
174.933,0.00672456
174.933,0.00672456
174.933,0.00672456
174.933,0.00672456
174.933,0.00672456
174.933,0.00672456
174.933,0.00672456
174.933,0.00672456
174.933,0.00672456
174.933,0.00672456
174.933,0.00672456
176,0.0717404
176,0.0717404
176,0.0717404
176,0.0717404
176,0.0717404
176,0.0717404
176,0.0717404
176,0.0717404
176,0.0717404
176,0.0717404
176,0.0717404
176,0.0717404
176,0.0717404
176,0.0717404
176,0.0717404
176,0.0717404
177.067,0.146459
177.067,0.146459
177.067,0.146459
177.067,0.146459
177.067,0.146459
177.067,0.146459
177.067,0.146459
177.067,0.146459
177.067,0.146459
177.067,0.146459
177.067,0.146459
177.067,0.146459
177.067,0.146459
177.067,0.146459
177.067,0.146459
177.067,0.146459
178.133,0.120486
178.133,0.120486
178.133,0.120486
178.133,0.120486
178.133,0.120486
178.133,0.120486
178.133,0.120486
178.133,0.120486
178.133,0.120486
178.133,0.120486
178.133,0.120486
178.133,0.120486
178.133,0.120486
178.133,0.120486
178.133,0.120486
178.133,0.120486
179.2,0.093893
179.2,0.093893
179.2,0.093893
179.2,0.093893
179.2,0.093893
179.2,0.093893
179.2,0.093893
179.2,0.093893
179.2,0.093893
179.2,0.093893
179.2,0.093893
179.2,0.093893
179.2,0.093893
179.2,0.093893
179.2,0.093893
179.2,0.093893
180.267,0.0344497
180.267,0.0344497
180.267,0.0344497
180.267,0.0344497
180.267,0.0344497
180.267,0.0344497
180.267,0.0344497
180.267,0.0344497
180.267,0.0344497
180.267,0.0344497
180.267,0.0344497
180.267,0.0344497
180.267,0.0344497
180.267,0.0344497
180.267,0.0344497
180.267,0.0344497
181.333,0.0362405
181.333,0.0362405
181.333,0.0362405
181.333,0.0362405
181.333,0.0362405
181.333,0.0362405
181.333,0.0362405
181.333,0.0362405
181.333,0.0362405
181.333,0.0362405
181.333,0.0362405
181.333,0.0362405
181.333,0.0362405
181.333,0.0362405
181.333,0.0362405
181.333,0.0362405
182.4,0.0750165
182.4,0.0750165
182.4,0.0750165
182.4,0.0750165
182.4,0.0750165
182.4,0.0750165
182.4,0.0750165
182.4,0.0750165
182.4,0.0750165
182.4,0.0750165
182.4,0.0750165
182.4,0.0750165
182.4,0.0750165
182.4,0.0750165
182.4,0.0750165
182.4,0.0750165
183.467,0.0884813
183.467,0.0884813
183.467,0.0884813
183.467,0.0884813
183.467,0.0884813
183.467,0.0884813
183.467,0.0884813
183.467,0.0884813
183.467,0.0884813
183.467,0.0884813
183.467,0.0884813
183.467,0.0884813
183.467,0.0884813
183.467,0.0884813
183.467,0.0884813
183.467,0.0884813
184.533,0.0945004
184.533,0.0945004
184.533,0.0945004
184.533,0.0945004
184.533,0.0945004
184.533,0.0945004
184.533,0.0945004
184.533,0.0945004
184.533,0.0945004
184.533,0.0945004
184.533,0.0945004
184.533,0.0945004
184.533,0.0945004
184.533,0.0945004
184.533,0.0945004
184.533,0.0945004
185.6,0.0966048
185.6,0.0966048
185.6,0.0966048
185.6,0.0966048
185.6,0.0966048
185.6,0.0966048
185.6,0.0966048
185.6,0.0966048
185.6,0.0966048
185.6,0.0966048
185.6,0.0966048
185.6,0.0966048
185.6,0.0966048
185.6,0.0966048
185.6,0.0966048
185.6,0.0966048
186.667,0.0981801
186.667,0.0981801
186.667,0.0981801
186.667,0.0981801
186.667,0.0981801
186.667,0.0981801
186.667,0.0981801
186.667,0.0981801
186.667,0.0981801
186.667,0.0981801
186.667,0.0981801
186.667,0.0981801
186.667,0.0981801
186.667,0.0981801
186.667,0.0981801
186.667,0.0981801
187.733,0.0988267
187.733,0.0988267
187.733,0.0988267
187.733,0.0988267
187.733,0.0988267
187.733,0.0988267
187.733,0.0988267
187.733,0.0988267
187.733,0.0988267
187.733,0.0988267
187.733,0.0988267
187.733,0.0988267
187.733,0.0988267
187.733,0.0988267
187.733,0.0988267
187.733,0.0988267
188.8,0.0996536
188.8,0.0996536
188.8,0.0996536
188.8,0.0996536
188.8,0.0996536
188.8,0.0996536
188.8,0.0996536
188.8,0.0996536
188.8,0.0996536
188.8,0.0996536
188.8,0.0996536
188.8,0.0996536
188.8,0.0996536
188.8,0.0996536
188.8,0.0996536
188.8,0.0996536
189.867,0.103008
189.867,0.103008
189.867,0.103008
189.867,0.103008
189.867,0.103008
189.867,0.103008
189.867,0.103008
189.867,0.103008
189.867,0.103008
189.867,0.103008
189.867,0.103008
189.867,0.103008
189.867,0.103008
189.867,0.103008
189.867,0.103008
189.867,0.103008
190.933,0.101558
190.933,0.101558
190.933,0.101558
190.933,0.101558
190.933,0.101558
190.933,0.101558
190.933,0.101558
190.933,0.101558
190.933,0.101558
190.933,0.101558
190.933,0.101558
190.933,0.101558
190.933,0.101558
190.933,0.101558
190.933,0.101558
190.933,0.101558
192,0.106821
192,0.106821
192,0.106821
192,0.106821
192,0.106821
192,0.106821
192,0.106821
192,0.106821
192,0.106821
192,0.106821
192,0.106821
192,0.106821
192,0.106821
192,0.106821
192,0.106821
192,0.106821
193.067,0.107765
193.067,0.107765
193.067,0.107765
193.067,0.107765
193.067,0.107765
193.067,0.107765
193.067,0.107765
193.067,0.107765
193.067,0.107765
193.067,0.107765
193.067,0.107765
193.067,0.107765
193.067,0.107765
193.067,0.107765
193.067,0.107765
193.067,0.107765
194.133,0.106978
194.133,0.106978
194.133,0.106978
194.133,0.106978
194.133,0.106978
194.133,0.106978
194.133,0.106978
194.133,0.106978
194.133,0.106978
194.133,0.106978
194.133,0.106978
194.133,0.106978
194.133,0.106978
194.133,0.106978
194.133,0.106978
194.133,0.106978
195.2,0.10679
195.2,0.10679
195.2,0.10679
195.2,0.10679
195.2,0.10679
195.2,0.10679
195.2,0.10679
195.2,0.10679
195.2,0.10679
195.2,0.10679
195.2,0.10679
195.2,0.10679
195.2,0.10679
195.2,0.10679
195.2,0.10679
195.2,0.10679
196.267,0.116422
196.267,0.116422
196.267,0.116422
196.267,0.116422
196.267,0.116422
196.267,0.116422
196.267,0.116422
196.267,0.116422
196.267,0.116422
196.267,0.116422
196.267,0.116422
196.267,0.116422
196.267,0.116422
196.267,0.116422
196.267,0.116422
196.267,0.116422
197.333,0.146835
197.333,0.146835
197.333,0.146835
197.333,0.146835
197.333,0.146835
197.333,0.146835
197.333,0.146835
197.333,0.146835
197.333,0.146835
197.333,0.146835
197.333,0.146835
197.333,0.146835
197.333,0.146835
197.333,0.146835
197.333,0.146835
197.333,0.146835
198.4,0.180787
198.4,0.180787
198.4,0.180787
198.4,0.180787
198.4,0.180787
198.4,0.180787
198.4,0.180787
198.4,0.180787
198.4,0.180787
198.4,0.180787
198.4,0.180787
198.4,0.180787
198.4,0.180787
198.4,0.180787
198.4,0.180787
198.4,0.180787
199.467,0.230935
199.467,0.230935
199.467,0.230935
199.467,0.230935
199.467,0.230935
199.467,0.230935
199.467,0.230935
199.467,0.230935
199.467,0.230935
199.467,0.230935
199.467,0.230935
199.467,0.230935
199.467,0.230935
199.467,0.230935
199.467,0.230935
199.467,0.230935
200.533,0.287628
200.533,0.287628
200.533,0.287628
200.533,0.287628
200.533,0.287628
200.533,0.287628
200.533,0.287628
200.533,0.287628
200.533,0.287628
200.533,0.287628
200.533,0.287628
200.533,0.287628
200.533,0.287628
200.533,0.287628
200.533,0.287628
200.533,0.287628
201.6,0.322567
201.6,0.322567
201.6,0.322567
201.6,0.322567
201.6,0.322567
201.6,0.322567
201.6,0.322567
201.6,0.322567
201.6,0.322567
201.6,0.322567
201.6,0.322567
201.6,0.322567
201.6,0.322567
201.6,0.322567
201.6,0.322567
201.6,0.322567
202.667,0.31172
202.667,0.31172
202.667,0.31172
202.667,0.31172
202.667,0.31172
202.667,0.31172
202.667,0.31172
202.667,0.31172
202.667,0.31172
202.667,0.31172
202.667,0.31172
202.667,0.31172
202.667,0.31172
202.667,0.31172
202.667,0.31172
202.667,0.31172
203.733,0.314056
203.733,0.314056
203.733,0.314056
203.733,0.314056
203.733,0.314056
203.733,0.314056
203.733,0.314056
203.733,0.314056
203.733,0.314056
203.733,0.314056
203.733,0.314056
203.733,0.314056
203.733,0.314056
203.733,0.314056
203.733,0.314056
203.733,0.314056
204.8,0.352267
204.8,0.352267
204.8,0.352267
204.8,0.352267
204.8,0.352267
204.8,0.352267
204.8,0.352267
204.8,0.352267
204.8,0.352267
204.8,0.352267
204.8,0.352267
204.8,0.352267
204.8,0.352267
204.8,0.352267
204.8,0.352267
204.8,0.352267
205.867,0.355688
205.867,0.355688
205.867,0.355688
205.867,0.355688
205.867,0.355688
205.867,0.355688
205.867,0.355688
205.867,0.355688
205.867,0.355688
205.867,0.355688
205.867,0.355688
205.867,0.355688
205.867,0.355688
205.867,0.355688
205.867,0.355688
205.867,0.355688
206.933,0.366782
206.933,0.366782
206.933,0.366782
206.933,0.366782
206.933,0.366782
206.933,0.366782
206.933,0.366782
206.933,0.366782
206.933,0.366782
206.933,0.366782
206.933,0.366782
206.933,0.366782
206.933,0.366782
206.933,0.366782
206.933,0.366782
206.933,0.366782
208,0.348302
208,0.348302
208,0.348302
208,0.348302
208,0.348302
208,0.348302
208,0.348302
208,0.348302
208,0.348302
208,0.348302
208,0.348302
208,0.348302
208,0.348302
208,0.348302
208,0.348302
208,0.348302
209.067,0.353153
209.067,0.353153
209.067,0.353153
209.067,0.353153
209.067,0.353153
209.067,0.353153
209.067,0.353153
209.067,0.353153
209.067,0.353153
209.067,0.353153
209.067,0.353153
209.067,0.353153
209.067,0.353153
209.067,0.353153
209.067,0.353153
209.067,0.353153
210.133,0.366265
210.133,0.366265
210.133,0.366265
210.133,0.366265
210.133,0.366265
210.133,0.366265
210.133,0.366265
210.133,0.366265
210.133,0.366265
210.133,0.366265
210.133,0.366265
210.133,0.366265
210.133,0.366265
210.133,0.366265
210.133,0.366265
210.133,0.366265
211.2,0.36962
211.2,0.36962
211.2,0.36962
211.2,0.36962
211.2,0.36962
211.2,0.36962
211.2,0.36962
211.2,0.36962
211.2,0.36962
211.2,0.36962
211.2,0.36962
211.2,0.36962
211.2,0.36962
211.2,0.36962
211.2,0.36962
211.2,0.36962
212.267,0.378006
212.267,0.378006
212.267,0.378006
212.267,0.378006
212.267,0.378006
212.267,0.378006
212.267,0.378006
212.267,0.378006
212.267,0.378006
212.267,0.378006
212.267,0.378006
212.267,0.378006
212.267,0.378006
212.267,0.378006
212.267,0.378006
212.267,0.378006
213.333,0.401953
213.333,0.401953
213.333,0.401953
213.333,0.401953
213.333,0.401953
213.333,0.401953
213.333,0.401953
213.333,0.401953
213.333,0.401953
213.333,0.401953
213.333,0.401953
213.333,0.401953
213.333,0.401953
213.333,0.401953
213.333,0.401953
213.333,0.401953
214.4,0.411025
214.4,0.411025
214.4,0.411025
214.4,0.411025
214.4,0.411025
214.4,0.411025
214.4,0.411025
214.4,0.411025
214.4,0.411025
214.4,0.411025
214.4,0.411025
214.4,0.411025
214.4,0.411025
214.4,0.411025
214.4,0.411025
214.4,0.411025
215.467,0.416135
215.467,0.416135
215.467,0.416135
215.467,0.416135
215.467,0.416135
215.467,0.416135
215.467,0.416135
215.467,0.416135
215.467,0.416135
215.467,0.416135
215.467,0.416135
215.467,0.416135
215.467,0.416135
215.467,0.416135
215.467,0.416135
215.467,0.416135
216.533,0.41329
216.533,0.41329
216.533,0.41329
216.533,0.41329
216.533,0.41329
216.533,0.41329
216.533,0.41329
216.533,0.41329
216.533,0.41329
216.533,0.41329
216.533,0.41329
216.533,0.41329
216.533,0.41329
216.533,0.41329
216.533,0.41329
216.533,0.41329
217.6,0.414893
217.6,0.414893
217.6,0.414893
217.6,0.414893
217.6,0.414893
217.6,0.414893
217.6,0.414893
217.6,0.414893
217.6,0.414893
217.6,0.414893
217.6,0.414893
217.6,0.414893
217.6,0.414893
217.6,0.414893
217.6,0.414893
217.6,0.414893
218.667,0.419764
218.667,0.419764
218.667,0.419764
218.667,0.419764
218.667,0.419764
218.667,0.419764
218.667,0.419764
218.667,0.419764
218.667,0.419764
218.667,0.419764
218.667,0.419764
218.667,0.419764
218.667,0.419764
218.667,0.419764
218.667,0.419764
218.667,0.419764
219.733,0.409614
219.733,0.409614
219.733,0.409614
219.733,0.409614
219.733,0.409614
219.733,0.409614
219.733,0.409614
219.733,0.409614
219.733,0.409614
219.733,0.409614
219.733,0.409614
219.733,0.409614
219.733,0.409614
219.733,0.409614
219.733,0.409614
219.733,0.409614
220.8,0.400558
220.8,0.400558
220.8,0.400558
220.8,0.400558
220.8,0.400558
220.8,0.400558
220.8,0.400558
220.8,0.400558
220.8,0.400558
220.8,0.400558
220.8,0.400558
220.8,0.400558
220.8,0.400558
220.8,0.400558
220.8,0.400558
220.8,0.400558
221.867,0.4022
221.867,0.4022
221.867,0.4022
221.867,0.4022
221.867,0.4022
221.867,0.4022
221.867,0.4022
221.867,0.4022
221.867,0.4022
221.867,0.4022
221.867,0.4022
221.867,0.4022
221.867,0.4022
221.867,0.4022
221.867,0.4022
221.867,0.4022
222.933,0.405288
222.933,0.405288
222.933,0.405288
222.933,0.405288
222.933,0.405288
222.933,0.405288
222.933,0.405288
222.933,0.405288
222.933,0.405288
222.933,0.405288
222.933,0.405288
222.933,0.405288
222.933,0.405288
222.933,0.405288
222.933,0.405288
222.933,0.405288
224,0.401467
224,0.401467
224,0.401467
224,0.401467
224,0.401467
224,0.401467
224,0.401467
224,0.401467
224,0.401467
224,0.401467
224,0.401467
224,0.401467
224,0.401467
224,0.401467
224,0.401467
224,0.401467
225.067,0.41177
225.067,0.41177
225.067,0.41177
225.067,0.41177
225.067,0.41177
225.067,0.41177
225.067,0.41177
225.067,0.41177
225.067,0.41177
225.067,0.41177
225.067,0.41177
225.067,0.41177
225.067,0.41177
225.067,0.41177
225.067,0.41177
225.067,0.41177
226.133,0.40945
226.133,0.40945
226.133,0.40945
226.133,0.40945
226.133,0.40945
226.133,0.40945
226.133,0.40945
226.133,0.40945
226.133,0.40945
226.133,0.40945
226.133,0.40945
226.133,0.40945
226.133,0.40945
226.133,0.40945
226.133,0.40945
226.133,0.40945
227.2,0.414466
227.2,0.414466
227.2,0.414466
227.2,0.414466
227.2,0.414466
227.2,0.414466
227.2,0.414466
227.2,0.414466
227.2,0.414466
227.2,0.414466
227.2,0.414466
227.2,0.414466
227.2,0.414466
227.2,0.414466
227.2,0.414466
227.2,0.414466
228.267,0.414905
228.267,0.414905
228.267,0.414905
228.267,0.414905
228.267,0.414905
228.267,0.414905
228.267,0.414905
228.267,0.414905
228.267,0.414905
228.267,0.414905
228.267,0.414905
228.267,0.414905
228.267,0.414905
228.267,0.414905
228.267,0.414905
228.267,0.414905
229.333,0.419584
229.333,0.419584
229.333,0.419584
229.333,0.419584
229.333,0.419584
229.333,0.419584
229.333,0.419584
229.333,0.419584
229.333,0.419584
229.333,0.419584
229.333,0.419584
229.333,0.419584
229.333,0.419584
229.333,0.419584
229.333,0.419584
229.333,0.419584
230.4,0.420567
230.4,0.420567
230.4,0.420567
230.4,0.420567
230.4,0.420567
230.4,0.420567
230.4,0.420567
230.4,0.420567
230.4,0.420567
230.4,0.420567
230.4,0.420567
230.4,0.420567
230.4,0.420567
230.4,0.420567
230.4,0.420567
230.4,0.420567
231.467,0.413968
231.467,0.413968
231.467,0.413968
231.467,0.413968
231.467,0.413968
231.467,0.413968
231.467,0.413968
231.467,0.413968
231.467,0.413968
231.467,0.413968
231.467,0.413968
231.467,0.413968
231.467,0.413968
231.467,0.413968
231.467,0.413968
231.467,0.413968
232.533,0.411487
232.533,0.411487
232.533,0.411487
232.533,0.411487
232.533,0.411487
232.533,0.411487
232.533,0.411487
232.533,0.411487
232.533,0.411487
232.533,0.411487
232.533,0.411487
232.533,0.411487
232.533,0.411487
232.533,0.411487
232.533,0.411487
232.533,0.411487
233.6,0.413306
233.6,0.413306
233.6,0.413306
233.6,0.413306
233.6,0.413306
233.6,0.413306
233.6,0.413306
233.6,0.413306
233.6,0.413306
233.6,0.413306
233.6,0.413306
233.6,0.413306
233.6,0.413306
233.6,0.413306
233.6,0.413306
233.6,0.413306
234.667,0.411875
234.667,0.411875
234.667,0.411875
234.667,0.411875
234.667,0.411875
234.667,0.411875
234.667,0.411875
234.667,0.411875
234.667,0.411875
234.667,0.411875
234.667,0.411875
234.667,0.411875
234.667,0.411875
234.667,0.411875
234.667,0.411875
234.667,0.411875
235.733,0.408842
235.733,0.408842
235.733,0.408842
235.733,0.408842
235.733,0.408842
235.733,0.408842
235.733,0.408842
235.733,0.408842
235.733,0.408842
235.733,0.408842
235.733,0.408842
235.733,0.408842
235.733,0.408842
235.733,0.408842
235.733,0.408842
235.733,0.408842
236.8,0.417585
236.8,0.417585
236.8,0.417585
236.8,0.417585
236.8,0.417585
236.8,0.417585
236.8,0.417585
236.8,0.417585
236.8,0.417585
236.8,0.417585
236.8,0.417585
236.8,0.417585
236.8,0.417585
236.8,0.417585
236.8,0.417585
236.8,0.417585
237.867,0.416707
237.867,0.416707
237.867,0.416707
237.867,0.416707
237.867,0.416707
237.867,0.416707
237.867,0.416707
237.867,0.416707
237.867,0.416707
237.867,0.416707
237.867,0.416707
237.867,0.416707
237.867,0.416707
237.867,0.416707
237.867,0.416707
237.867,0.416707
238.933,0.419137
238.933,0.419137
238.933,0.419137
238.933,0.419137
238.933,0.419137
238.933,0.419137
238.933,0.419137
238.933,0.419137
238.933,0.419137
238.933,0.419137
238.933,0.419137
238.933,0.419137
238.933,0.419137
238.933,0.419137
238.933,0.419137
238.933,0.419137
240,0.412906
240,0.412906
240,0.412906
240,0.412906
240,0.412906
240,0.412906
240,0.412906
240,0.412906
240,0.412906
240,0.412906
240,0.412906
240,0.412906
240,0.412906
240,0.412906
240,0.412906
240,0.412906
241.067,0.415774
241.067,0.415774
241.067,0.415774
241.067,0.415774
241.067,0.415774
241.067,0.415774
241.067,0.415774
241.067,0.415774
241.067,0.415774
241.067,0.415774
241.067,0.415774
241.067,0.415774
241.067,0.415774
241.067,0.415774
241.067,0.415774
241.067,0.415774
242.133,0.415677
242.133,0.415677
242.133,0.415677
242.133,0.415677
242.133,0.415677
242.133,0.415677
242.133,0.415677
242.133,0.415677
242.133,0.415677
242.133,0.415677
242.133,0.415677
242.133,0.415677
242.133,0.415677
242.133,0.415677
242.133,0.415677
242.133,0.415677
243.2,0.41289
243.2,0.41289
243.2,0.41289
243.2,0.41289
243.2,0.41289
243.2,0.41289
243.2,0.41289
243.2,0.41289
243.2,0.41289
243.2,0.41289
243.2,0.41289
243.2,0.41289
243.2,0.41289
243.2,0.41289
243.2,0.41289
243.2,0.41289
244.267,0.41597
244.267,0.41597
244.267,0.41597
244.267,0.41597
244.267,0.41597
244.267,0.41597
244.267,0.41597
244.267,0.41597
244.267,0.41597
244.267,0.41597
244.267,0.41597
244.267,0.41597
244.267,0.41597
244.267,0.41597
244.267,0.41597
244.267,0.41597
245.333,0.415892
245.333,0.415892
245.333,0.415892
245.333,0.415892
245.333,0.415892
245.333,0.415892
245.333,0.415892
245.333,0.415892
245.333,0.415892
245.333,0.415892
245.333,0.415892
245.333,0.415892
245.333,0.415892
245.333,0.415892
245.333,0.415892
245.333,0.415892
246.4,0.417624
246.4,0.417624
246.4,0.417624
246.4,0.417624
246.4,0.417624
246.4,0.417624
246.4,0.417624
246.4,0.417624
246.4,0.417624
246.4,0.417624
246.4,0.417624
246.4,0.417624
246.4,0.417624
246.4,0.417624
246.4,0.417624
246.4,0.417624
247.467,0.419815
247.467,0.419815
247.467,0.419815
247.467,0.419815
247.467,0.419815
247.467,0.419815
247.467,0.419815
247.467,0.419815
247.467,0.419815
247.467,0.419815
247.467,0.419815
247.467,0.419815
247.467,0.419815
247.467,0.419815
247.467,0.419815
247.467,0.419815
248.533,0.4188
248.533,0.4188
248.533,0.4188
248.533,0.4188
248.533,0.4188
248.533,0.4188
248.533,0.4188
248.533,0.4188
248.533,0.4188
248.533,0.4188
248.533,0.4188
248.533,0.4188
248.533,0.4188
248.533,0.4188
248.533,0.4188
248.533,0.4188
249.6,0.414716
249.6,0.414716
249.6,0.414716
249.6,0.414716
249.6,0.414716
249.6,0.414716
249.6,0.414716
249.6,0.414716
249.6,0.414716
249.6,0.414716
249.6,0.414716
249.6,0.414716
249.6,0.414716
249.6,0.414716
249.6,0.414716
249.6,0.414716
250.667,0.413984
250.667,0.413984
250.667,0.413984
250.667,0.413984
250.667,0.413984
250.667,0.413984
250.667,0.413984
250.667,0.413984
250.667,0.413984
250.667,0.413984
250.667,0.413984
250.667,0.413984
250.667,0.413984
250.667,0.413984
250.667,0.413984
250.667,0.413984
251.733,0.405131
251.733,0.405131
251.733,0.405131
251.733,0.405131
251.733,0.405131
251.733,0.405131
251.733,0.405131
251.733,0.405131
251.733,0.405131
251.733,0.405131
251.733,0.405131
251.733,0.405131
251.733,0.405131
251.733,0.405131
251.733,0.405131
251.733,0.405131
252.8,0.427868
252.8,0.427868
252.8,0.427868
252.8,0.427868
252.8,0.427868
252.8,0.427868
252.8,0.427868
252.8,0.427868
252.8,0.427868
252.8,0.427868
252.8,0.427868
252.8,0.427868
252.8,0.427868
252.8,0.427868
252.8,0.427868
252.8,0.427868
253.867,0.432723
253.867,0.432723
253.867,0.432723
253.867,0.432723
253.867,0.432723
253.867,0.432723
253.867,0.432723
253.867,0.432723
253.867,0.432723
253.867,0.432723
253.867,0.432723
253.867,0.432723
253.867,0.432723
253.867,0.432723
253.867,0.432723
253.867,0.432723
254.933,0.443366
254.933,0.443366
254.933,0.443366
254.933,0.443366
254.933,0.443366
254.933,0.443366
254.933,0.443366
254.933,0.443366
254.933,0.443366
254.933,0.443366
254.933,0.443366
254.933,0.443366
254.933,0.443366
254.933,0.443366
254.933,0.443366
254.933,0.443366
256,0.446305
256,0.446305
256,0.446305
256,0.446305
256,0.446305
256,0.446305
256,0.446305
256,0.446305
256,0.446305
256,0.446305
256,0.446305
256,0.446305
256,0.446305
256,0.446305
256,0.446305
256,0.446305
257.067,0.444801
257.067,0.444801
257.067,0.444801
257.067,0.444801
257.067,0.444801
257.067,0.444801
257.067,0.444801
257.067,0.444801
257.067,0.444801
257.067,0.444801
257.067,0.444801
257.067,0.444801
257.067,0.444801
257.067,0.444801
257.067,0.444801
257.067,0.444801
258.133,0.443664
258.133,0.443664
258.133,0.443664
258.133,0.443664
258.133,0.443664
258.133,0.443664
258.133,0.443664
258.133,0.443664
258.133,0.443664
258.133,0.443664
258.133,0.443664
258.133,0.443664
258.133,0.443664
258.133,0.443664
258.133,0.443664
258.133,0.443664
259.2,0.444048
259.2,0.444048
259.2,0.444048
259.2,0.444048
259.2,0.444048
259.2,0.444048
259.2,0.444048
259.2,0.444048
259.2,0.444048
259.2,0.444048
259.2,0.444048
259.2,0.444048
259.2,0.444048
259.2,0.444048
259.2,0.444048
259.2,0.444048
260.267,0.440161
260.267,0.440161
260.267,0.440161
260.267,0.440161
260.267,0.440161
260.267,0.440161
260.267,0.440161
260.267,0.440161
260.267,0.440161
260.267,0.440161
260.267,0.440161
260.267,0.440161
260.267,0.440161
260.267,0.440161
260.267,0.440161
260.267,0.440161
261.333,0.438915
261.333,0.438915
261.333,0.438915
261.333,0.438915
261.333,0.438915
261.333,0.438915
261.333,0.438915
261.333,0.438915
261.333,0.438915
261.333,0.438915
261.333,0.438915
261.333,0.438915
261.333,0.438915
261.333,0.438915
261.333,0.438915
261.333,0.438915
262.4,0.441509
262.4,0.441509
262.4,0.441509
262.4,0.441509
262.4,0.441509
262.4,0.441509
262.4,0.441509
262.4,0.441509
262.4,0.441509
262.4,0.441509
262.4,0.441509
262.4,0.441509
262.4,0.441509
262.4,0.441509
262.4,0.441509
262.4,0.441509
263.467,0.441419
263.467,0.441419
263.467,0.441419
263.467,0.441419
263.467,0.441419
263.467,0.441419
263.467,0.441419
263.467,0.441419
263.467,0.441419
263.467,0.441419
263.467,0.441419
263.467,0.441419
263.467,0.441419
263.467,0.441419
263.467,0.441419
263.467,0.441419
264.533,0.442779
264.533,0.442779
264.533,0.442779
264.533,0.442779
264.533,0.442779
264.533,0.442779
264.533,0.442779
264.533,0.442779
264.533,0.442779
264.533,0.442779
264.533,0.442779
264.533,0.442779
264.533,0.442779
264.533,0.442779
264.533,0.442779
264.533,0.442779
265.6,0.432061
265.6,0.432061
265.6,0.432061
265.6,0.432061
265.6,0.432061
265.6,0.432061
265.6,0.432061
265.6,0.432061
265.6,0.432061
265.6,0.432061
265.6,0.432061
265.6,0.432061
265.6,0.432061
265.6,0.432061
265.6,0.432061
265.6,0.432061
266.667,0.438848
266.667,0.438848
266.667,0.438848
266.667,0.438848
266.667,0.438848
266.667,0.438848
266.667,0.438848
266.667,0.438848
266.667,0.438848
266.667,0.438848
266.667,0.438848
266.667,0.438848
266.667,0.438848
266.667,0.438848
266.667,0.438848
266.667,0.438848
267.733,0.439436
267.733,0.439436
267.733,0.439436
267.733,0.439436
267.733,0.439436
267.733,0.439436
267.733,0.439436
267.733,0.439436
267.733,0.439436
267.733,0.439436
267.733,0.439436
267.733,0.439436
267.733,0.439436
267.733,0.439436
267.733,0.439436
267.733,0.439436
268.8,0.432786
268.8,0.432786
268.8,0.432786
268.8,0.432786
268.8,0.432786
268.8,0.432786
268.8,0.432786
268.8,0.432786
268.8,0.432786
268.8,0.432786
268.8,0.432786
268.8,0.432786
268.8,0.432786
268.8,0.432786
268.8,0.432786
268.8,0.432786
269.867,0.43623
269.867,0.43623
269.867,0.43623
269.867,0.43623
269.867,0.43623
269.867,0.43623
269.867,0.43623
269.867,0.43623
269.867,0.43623
269.867,0.43623
269.867,0.43623
269.867,0.43623
269.867,0.43623
269.867,0.43623
269.867,0.43623
269.867,0.43623
270.933,0.435968
270.933,0.435968
270.933,0.435968
270.933,0.435968
270.933,0.435968
270.933,0.435968
270.933,0.435968
270.933,0.435968
270.933,0.435968
270.933,0.435968
270.933,0.435968
270.933,0.435968
270.933,0.435968
270.933,0.435968
270.933,0.435968
270.933,0.435968
272,0.433997
272,0.433997
272,0.433997
272,0.433997
272,0.433997
272,0.433997
272,0.433997
272,0.433997
272,0.433997
272,0.433997
272,0.433997
272,0.433997
272,0.433997
272,0.433997
272,0.433997
272,0.433997
273.067,0.435337
273.067,0.435337
273.067,0.435337
273.067,0.435337
273.067,0.435337
273.067,0.435337
273.067,0.435337
273.067,0.435337
273.067,0.435337
273.067,0.435337
273.067,0.435337
273.067,0.435337
273.067,0.435337
273.067,0.435337
273.067,0.435337
273.067,0.435337
274.133,0.440063
274.133,0.440063
274.133,0.440063
274.133,0.440063
274.133,0.440063
274.133,0.440063
274.133,0.440063
274.133,0.440063
274.133,0.440063
274.133,0.440063
274.133,0.440063
274.133,0.440063
274.133,0.440063
274.133,0.440063
274.133,0.440063
274.133,0.440063
275.2,0.440314
275.2,0.440314
275.2,0.440314
275.2,0.440314
275.2,0.440314
275.2,0.440314
275.2,0.440314
275.2,0.440314
275.2,0.440314
275.2,0.440314
275.2,0.440314
275.2,0.440314
275.2,0.440314
275.2,0.440314
275.2,0.440314
275.2,0.440314
276.267,0.442222
276.267,0.442222
276.267,0.442222
276.267,0.442222
276.267,0.442222
276.267,0.442222
276.267,0.442222
276.267,0.442222
276.267,0.442222
276.267,0.442222
276.267,0.442222
276.267,0.442222
276.267,0.442222
276.267,0.442222
276.267,0.442222
276.267,0.442222
277.333,0.451717
277.333,0.451717
277.333,0.451717
277.333,0.451717
277.333,0.451717
277.333,0.451717
277.333,0.451717
277.333,0.451717
277.333,0.451717
277.333,0.451717
277.333,0.451717
277.333,0.451717
277.333,0.451717
277.333,0.451717
277.333,0.451717
277.333,0.451717
278.4,0.473482
278.4,0.473482
278.4,0.473482
278.4,0.473482
278.4,0.473482
278.4,0.473482
278.4,0.473482
278.4,0.473482
278.4,0.473482
278.4,0.473482
278.4,0.473482
278.4,0.473482
278.4,0.473482
278.4,0.473482
278.4,0.473482
278.4,0.473482
279.467,0.45553
279.467,0.45553
279.467,0.45553
279.467,0.45553
279.467,0.45553
279.467,0.45553
279.467,0.45553
279.467,0.45553
279.467,0.45553
279.467,0.45553
279.467,0.45553
279.467,0.45553
279.467,0.45553
279.467,0.45553
279.467,0.45553
279.467,0.45553
280.533,0.448982
280.533,0.448982
280.533,0.448982
280.533,0.448982
280.533,0.448982
280.533,0.448982
280.533,0.448982
280.533,0.448982
280.533,0.448982
280.533,0.448982
280.533,0.448982
280.533,0.448982
280.533,0.448982
280.533,0.448982
280.533,0.448982
280.533,0.448982
281.6,0.419964
281.6,0.419964
281.6,0.419964
281.6,0.419964
281.6,0.419964
281.6,0.419964
281.6,0.419964
281.6,0.419964
281.6,0.419964
281.6,0.419964
281.6,0.419964
281.6,0.419964
281.6,0.419964
281.6,0.419964
281.6,0.419964
281.6,0.419964
282.667,0.391314
282.667,0.391314
282.667,0.391314
282.667,0.391314
282.667,0.391314
282.667,0.391314
282.667,0.391314
282.667,0.391314
282.667,0.391314
282.667,0.391314
282.667,0.391314
282.667,0.391314
282.667,0.391314
282.667,0.391314
282.667,0.391314
282.667,0.391314
283.733,0.363052
283.733,0.363052
283.733,0.363052
283.733,0.363052
283.733,0.363052
283.733,0.363052
283.733,0.363052
283.733,0.363052
283.733,0.363052
283.733,0.363052
283.733,0.363052
283.733,0.363052
283.733,0.363052
283.733,0.363052
283.733,0.363052
283.733,0.363052
284.8,0.347957
284.8,0.347957
284.8,0.347957
284.8,0.347957
284.8,0.347957
284.8,0.347957
284.8,0.347957
284.8,0.347957
284.8,0.347957
284.8,0.347957
284.8,0.347957
284.8,0.347957
284.8,0.347957
284.8,0.347957
284.8,0.347957
284.8,0.347957
285.867,0.329402
285.867,0.329402
285.867,0.329402
285.867,0.329402
285.867,0.329402
285.867,0.329402
285.867,0.329402
285.867,0.329402
285.867,0.329402
285.867,0.329402
285.867,0.329402
285.867,0.329402
285.867,0.329402
285.867,0.329402
285.867,0.329402
285.867,0.329402
286.933,0.340758
286.933,0.340758
286.933,0.340758
286.933,0.340758
286.933,0.340758
286.933,0.340758
286.933,0.340758
286.933,0.340758
286.933,0.340758
286.933,0.340758
286.933,0.340758
286.933,0.340758
286.933,0.340758
286.933,0.340758
286.933,0.340758
286.933,0.340758
288,0.319609
288,0.319609
288,0.319609
288,0.319609
288,0.319609
288,0.319609
288,0.319609
288,0.319609
288,0.319609
288,0.319609
288,0.319609
288,0.319609
288,0.319609
288,0.319609
288,0.319609
288,0.319609
289.067,0.260443
289.067,0.260443
289.067,0.260443
289.067,0.260443
289.067,0.260443
289.067,0.260443
289.067,0.260443
289.067,0.260443
289.067,0.260443
289.067,0.260443
289.067,0.260443
289.067,0.260443
289.067,0.260443
289.067,0.260443
289.067,0.260443
289.067,0.260443
290.133,0.276252
290.133,0.276252
290.133,0.276252
290.133,0.276252
290.133,0.276252
290.133,0.276252
290.133,0.276252
290.133,0.276252
290.133,0.276252
290.133,0.276252
290.133,0.276252
290.133,0.276252
290.133,0.276252
290.133,0.276252
290.133,0.276252
290.133,0.276252
291.2,0.279442
291.2,0.279442
291.2,0.279442
291.2,0.279442
291.2,0.279442
291.2,0.279442
291.2,0.279442
291.2,0.279442
291.2,0.279442
291.2,0.279442
291.2,0.279442
291.2,0.279442
291.2,0.279442
291.2,0.279442
291.2,0.279442
291.2,0.279442
292.267,0.26408
292.267,0.26408
292.267,0.26408
292.267,0.26408
292.267,0.26408
292.267,0.26408
292.267,0.26408
292.267,0.26408
292.267,0.26408
292.267,0.26408
292.267,0.26408
292.267,0.26408
292.267,0.26408
292.267,0.26408
292.267,0.26408
292.267,0.26408
293.333,0.237288
293.333,0.237288
293.333,0.237288
293.333,0.237288
293.333,0.237288
293.333,0.237288
293.333,0.237288
293.333,0.237288
293.333,0.237288
293.333,0.237288
293.333,0.237288
293.333,0.237288
293.333,0.237288
293.333,0.237288
293.333,0.237288
293.333,0.237288
294.4,0.26995
294.4,0.26995
294.4,0.26995
294.4,0.26995
294.4,0.26995
294.4,0.26995
294.4,0.26995
294.4,0.26995
294.4,0.26995
294.4,0.26995
294.4,0.26995
294.4,0.26995
294.4,0.26995
294.4,0.26995
294.4,0.26995
294.4,0.26995
295.467,0.302805
295.467,0.302805
295.467,0.302805
295.467,0.302805
295.467,0.302805
295.467,0.302805
295.467,0.302805
295.467,0.302805
295.467,0.302805
295.467,0.302805
295.467,0.302805
295.467,0.302805
295.467,0.302805
295.467,0.302805
295.467,0.302805
295.467,0.302805
296.533,0.30835
296.533,0.30835
296.533,0.30835
296.533,0.30835
296.533,0.30835
296.533,0.30835
296.533,0.30835
296.533,0.30835
296.533,0.30835
296.533,0.30835
296.533,0.30835
296.533,0.30835
296.533,0.30835
296.533,0.30835
296.533,0.30835
296.533,0.30835
297.6,0.288435
297.6,0.288435
297.6,0.288435
297.6,0.288435
297.6,0.288435
297.6,0.288435
297.6,0.288435
297.6,0.288435
297.6,0.288435
297.6,0.288435
297.6,0.288435
297.6,0.288435
297.6,0.288435
297.6,0.288435
297.6,0.288435
297.6,0.288435
298.667,0.25571
298.667,0.25571
298.667,0.25571
298.667,0.25571
298.667,0.25571
298.667,0.25571
298.667,0.25571
298.667,0.25571
298.667,0.25571
298.667,0.25571
298.667,0.25571
298.667,0.25571
298.667,0.25571
298.667,0.25571
298.667,0.25571
298.667,0.25571
299.733,0.249224
299.733,0.249224
299.733,0.249224
299.733,0.249224
299.733,0.249224
299.733,0.249224
299.733,0.249224
299.733,0.249224
299.733,0.249224
299.733,0.249224
299.733,0.249224
299.733,0.249224
299.733,0.249224
299.733,0.249224
299.733,0.249224
299.733,0.249224
300.8,0.262869
300.8,0.262869
300.8,0.262869
300.8,0.262869
300.8,0.262869
300.8,0.262869
300.8,0.262869
300.8,0.262869
300.8,0.262869
300.8,0.262869
300.8,0.262869
300.8,0.262869
300.8,0.262869
300.8,0.262869
300.8,0.262869
300.8,0.262869
301.867,0.302793
301.867,0.302793
301.867,0.302793
301.867,0.302793
301.867,0.302793
301.867,0.302793
301.867,0.302793
301.867,0.302793
301.867,0.302793
301.867,0.302793
301.867,0.302793
301.867,0.302793
301.867,0.302793
301.867,0.302793
301.867,0.302793
301.867,0.302793
302.933,0.305646
302.933,0.305646
302.933,0.305646
302.933,0.305646
302.933,0.305646
302.933,0.305646
302.933,0.305646
302.933,0.305646
302.933,0.305646
302.933,0.305646
302.933,0.305646
302.933,0.305646
302.933,0.305646
302.933,0.305646
302.933,0.305646
302.933,0.305646
304,0.310733
304,0.310733
304,0.310733
304,0.310733
304,0.310733
304,0.310733
304,0.310733
304,0.310733
304,0.310733
304,0.310733
304,0.310733
304,0.310733
304,0.310733
304,0.310733
304,0.310733
304,0.310733
305.067,0.338787
305.067,0.338787
305.067,0.338787
305.067,0.338787
305.067,0.338787
305.067,0.338787
305.067,0.338787
305.067,0.338787
305.067,0.338787
305.067,0.338787
305.067,0.338787
305.067,0.338787
305.067,0.338787
305.067,0.338787
305.067,0.338787
305.067,0.338787
306.133,0.328481
306.133,0.328481
306.133,0.328481
306.133,0.328481
306.133,0.328481
306.133,0.328481
306.133,0.328481
306.133,0.328481
306.133,0.328481
306.133,0.328481
306.133,0.328481
306.133,0.328481
306.133,0.328481
306.133,0.328481
306.133,0.328481
306.133,0.328481
307.2,0.275448
307.2,0.275448
307.2,0.275448
307.2,0.275448
307.2,0.275448
307.2,0.275448
307.2,0.275448
307.2,0.275448
307.2,0.275448
307.2,0.275448
307.2,0.275448
307.2,0.275448
307.2,0.275448
307.2,0.275448
307.2,0.275448
307.2,0.275448
308.267,0.221856
308.267,0.221856
308.267,0.221856
308.267,0.221856
308.267,0.221856
308.267,0.221856
308.267,0.221856
308.267,0.221856
308.267,0.221856
308.267,0.221856
308.267,0.221856
308.267,0.221856
308.267,0.221856
308.267,0.221856
308.267,0.221856
308.267,0.221856
309.333,0.240912
309.333,0.240912
309.333,0.240912
309.333,0.240912
309.333,0.240912
309.333,0.240912
309.333,0.240912
309.333,0.240912
309.333,0.240912
309.333,0.240912
309.333,0.240912
309.333,0.240912
309.333,0.240912
309.333,0.240912
309.333,0.240912
309.333,0.240912
310.4,0.243534
310.4,0.243534
310.4,0.243534
310.4,0.243534
310.4,0.243534
310.4,0.243534
310.4,0.243534
310.4,0.243534
310.4,0.243534
310.4,0.243534
310.4,0.243534
310.4,0.243534
310.4,0.243534
310.4,0.243534
310.4,0.243534
310.4,0.243534
311.467,0.177915
311.467,0.177915
311.467,0.177915
311.467,0.177915
311.467,0.177915
311.467,0.177915
311.467,0.177915
311.467,0.177915
311.467,0.177915
311.467,0.177915
311.467,0.177915
311.467,0.177915
311.467,0.177915
311.467,0.177915
311.467,0.177915
311.467,0.177915
312.533,0.172816
312.533,0.172816
312.533,0.172816
312.533,0.172816
312.533,0.172816
312.533,0.172816
312.533,0.172816
312.533,0.172816
312.533,0.172816
312.533,0.172816
312.533,0.172816
312.533,0.172816
312.533,0.172816
312.533,0.172816
312.533,0.172816
312.533,0.172816
313.6,0.169768
313.6,0.169768
313.6,0.169768
313.6,0.169768
313.6,0.169768
313.6,0.169768
313.6,0.169768
313.6,0.169768
313.6,0.169768
313.6,0.169768
313.6,0.169768
313.6,0.169768
313.6,0.169768
313.6,0.169768
313.6,0.169768
313.6,0.169768
314.667,0.238263
314.667,0.238263
314.667,0.238263
314.667,0.238263
314.667,0.238263
314.667,0.238263
314.667,0.238263
314.667,0.238263
314.667,0.238263
314.667,0.238263
314.667,0.238263
314.667,0.238263
314.667,0.238263
314.667,0.238263
314.667,0.238263
314.667,0.238263
315.733,0.221922
315.733,0.221922
315.733,0.221922
315.733,0.221922
315.733,0.221922
315.733,0.221922
315.733,0.221922
315.733,0.221922
315.733,0.221922
315.733,0.221922
315.733,0.221922
315.733,0.221922
315.733,0.221922
315.733,0.221922
315.733,0.221922
315.733,0.221922
316.8,0.17052
316.8,0.17052
316.8,0.17052
316.8,0.17052
316.8,0.17052
316.8,0.17052
316.8,0.17052
316.8,0.17052
316.8,0.17052
316.8,0.17052
316.8,0.17052
316.8,0.17052
316.8,0.17052
316.8,0.17052
316.8,0.17052
316.8,0.17052
317.867,0.0988698
317.867,0.0988698
317.867,0.0988698
317.867,0.0988698
317.867,0.0988698
317.867,0.0988698
317.867,0.0988698
317.867,0.0988698
317.867,0.0988698
317.867,0.0988698
317.867,0.0988698
317.867,0.0988698
317.867,0.0988698
317.867,0.0988698
317.867,0.0988698
317.867,0.0988698
318.933,0.0148285
318.933,0.0148285
318.933,0.0148285
318.933,0.0148285
318.933,0.0148285
318.933,0.0148285
318.933,0.0148285
318.933,0.0148285
318.933,0.0148285
318.933,0.0148285
318.933,0.0148285
318.933,0.0148285
318.933,0.0148285
318.933,0.0148285
318.933,0.0148285
318.933,0.0148285
320,0.000889554
320,0.000889554
320,0.000889554
320,0.000889554
320,0.000889554
320,0.000889554
320,0.000889554
320,0.000889554
320,0.000889554
320,0.000889554
320,0.000889554
320,0.000889554
320,0.000889554
320,0.000889554
320,0.000889554
320,0.000889554
321.067,0.000948335
321.067,0.000948335
321.067,0.000948335
321.067,0.000948335
321.067,0.000948335
321.067,0.000948335
321.067,0.000948335
321.067,0.000948335
321.067,0.000948335
321.067,0.000948335
321.067,0.000948335
321.067,0.000948335
321.067,0.000948335
321.067,0.000948335
321.067,0.000948335
321.067,0.000948335
322.133,0.00155966
322.133,0.00155966
322.133,0.00155966
322.133,0.00155966
322.133,0.00155966
322.133,0.00155966
322.133,0.00155966
322.133,0.00155966
322.133,0.00155966
322.133,0.00155966
322.133,0.00155966
322.133,0.00155966
322.133,0.00155966
322.133,0.00155966
322.133,0.00155966
322.133,0.00155966
323.2,0.0025511
323.2,0.0025511
323.2,0.0025511
323.2,0.0025511
323.2,0.0025511
323.2,0.0025511
323.2,0.0025511
323.2,0.0025511
323.2,0.0025511
323.2,0.0025511
323.2,0.0025511
323.2,0.0025511
323.2,0.0025511
323.2,0.0025511
323.2,0.0025511
323.2,0.0025511
324.267,0.00311148
324.267,0.00311148
324.267,0.00311148
324.267,0.00311148
324.267,0.00311148
324.267,0.00311148
324.267,0.00311148
324.267,0.00311148
324.267,0.00311148
324.267,0.00311148
324.267,0.00311148
324.267,0.00311148
324.267,0.00311148
324.267,0.00311148
324.267,0.00311148
324.267,0.00311148
325.333,0.00265691
325.333,0.00265691
325.333,0.00265691
325.333,0.00265691
325.333,0.00265691
325.333,0.00265691
325.333,0.00265691
325.333,0.00265691
325.333,0.00265691
325.333,0.00265691
325.333,0.00265691
325.333,0.00265691
325.333,0.00265691
325.333,0.00265691
325.333,0.00265691
325.333,0.00265691
326.4,0.00196721
326.4,0.00196721
326.4,0.00196721
326.4,0.00196721
326.4,0.00196721
326.4,0.00196721
326.4,0.00196721
326.4,0.00196721
326.4,0.00196721
326.4,0.00196721
326.4,0.00196721
326.4,0.00196721
326.4,0.00196721
326.4,0.00196721
326.4,0.00196721
326.4,0.00196721
327.467,0.00190451
327.467,0.00190451
327.467,0.00190451
327.467,0.00190451
327.467,0.00190451
327.467,0.00190451
327.467,0.00190451
327.467,0.00190451
327.467,0.00190451
327.467,0.00190451
327.467,0.00190451
327.467,0.00190451
327.467,0.00190451
327.467,0.00190451
327.467,0.00190451
327.467,0.00190451
328.533,0.0720931
328.533,0.0720931
328.533,0.0720931
328.533,0.0720931
328.533,0.0720931
328.533,0.0720931
328.533,0.0720931
328.533,0.0720931
328.533,0.0720931
328.533,0.0720931
328.533,0.0720931
328.533,0.0720931
328.533,0.0720931
328.533,0.0720931
328.533,0.0720931
328.533,0.0720931
329.6,0.103063
329.6,0.103063
329.6,0.103063
329.6,0.103063
329.6,0.103063
329.6,0.103063
329.6,0.103063
329.6,0.103063
329.6,0.103063
329.6,0.103063
329.6,0.103063
329.6,0.103063
329.6,0.103063
329.6,0.103063
329.6,0.103063
329.6,0.103063
330.667,0.0662973
330.667,0.0662973
330.667,0.0662973
330.667,0.0662973
330.667,0.0662973
330.667,0.0662973
330.667,0.0662973
330.667,0.0662973
330.667,0.0662973
330.667,0.0662973
330.667,0.0662973
330.667,0.0662973
330.667,0.0662973
330.667,0.0662973
330.667,0.0662973
330.667,0.0662973
331.733,0.0717326
331.733,0.0717326
331.733,0.0717326
331.733,0.0717326
331.733,0.0717326
331.733,0.0717326
331.733,0.0717326
331.733,0.0717326
331.733,0.0717326
331.733,0.0717326
331.733,0.0717326
331.733,0.0717326
331.733,0.0717326
331.733,0.0717326
331.733,0.0717326
331.733,0.0717326
332.8,0.0855735
332.8,0.0855735
332.8,0.0855735
332.8,0.0855735
332.8,0.0855735
332.8,0.0855735
332.8,0.0855735
332.8,0.0855735
332.8,0.0855735
332.8,0.0855735
332.8,0.0855735
332.8,0.0855735
332.8,0.0855735
332.8,0.0855735
332.8,0.0855735
332.8,0.0855735
333.867,0.0555677
333.867,0.0555677
333.867,0.0555677
333.867,0.0555677
333.867,0.0555677
333.867,0.0555677
333.867,0.0555677
333.867,0.0555677
333.867,0.0555677
333.867,0.0555677
333.867,0.0555677
333.867,0.0555677
333.867,0.0555677
333.867,0.0555677
333.867,0.0555677
333.867,0.0555677
334.933,0.00657173
334.933,0.00657173
334.933,0.00657173
334.933,0.00657173
334.933,0.00657173
334.933,0.00657173
334.933,0.00657173
334.933,0.00657173
334.933,0.00657173
334.933,0.00657173
334.933,0.00657173
334.933,0.00657173
334.933,0.00657173
334.933,0.00657173
334.933,0.00657173
334.933,0.00657173
336,0.00997711
336,0.00997711
336,0.00997711
336,0.00997711
336,0.00997711
336,0.00997711
336,0.00997711
336,0.00997711
336,0.00997711
336,0.00997711
336,0.00997711
336,0.00997711
336,0.00997711
336,0.00997711
336,0.00997711
336,0.00997711
337.067,0.0262987
337.067,0.0262987
337.067,0.0262987
337.067,0.0262987
337.067,0.0262987
337.067,0.0262987
337.067,0.0262987
337.067,0.0262987
337.067,0.0262987
337.067,0.0262987
337.067,0.0262987
337.067,0.0262987
337.067,0.0262987
337.067,0.0262987
337.067,0.0262987
337.067,0.0262987
338.133,0.0973611
338.133,0.0973611
338.133,0.0973611
338.133,0.0973611
338.133,0.0973611
338.133,0.0973611
338.133,0.0973611
338.133,0.0973611
338.133,0.0973611
338.133,0.0973611
338.133,0.0973611
338.133,0.0973611
338.133,0.0973611
338.133,0.0973611
338.133,0.0973611
338.133,0.0973611
339.2,0.0830224
339.2,0.0830224
339.2,0.0830224
339.2,0.0830224
339.2,0.0830224
339.2,0.0830224
339.2,0.0830224
339.2,0.0830224
339.2,0.0830224
339.2,0.0830224
339.2,0.0830224
339.2,0.0830224
339.2,0.0830224
339.2,0.0830224
339.2,0.0830224
339.2,0.0830224
340.267,0.0465194
340.267,0.0465194
340.267,0.0465194
340.267,0.0465194
340.267,0.0465194
340.267,0.0465194
340.267,0.0465194
340.267,0.0465194
340.267,0.0465194
340.267,0.0465194
340.267,0.0465194
340.267,0.0465194
340.267,0.0465194
340.267,0.0465194
340.267,0.0465194
340.267,0.0465194
341.333,0.00511788
341.333,0.00511788
341.333,0.00511788
341.333,0.00511788
341.333,0.00511788
341.333,0.00511788
341.333,0.00511788
341.333,0.00511788
341.333,0.00511788
341.333,0.00511788
341.333,0.00511788
341.333,0.00511788
341.333,0.00511788
341.333,0.00511788
341.333,0.00511788
341.333,0.00511788
342.4,0.00275096
342.4,0.00275096
342.4,0.00275096
342.4,0.00275096
342.4,0.00275096
342.4,0.00275096
342.4,0.00275096
342.4,0.00275096
342.4,0.00275096
342.4,0.00275096
342.4,0.00275096
342.4,0.00275096
342.4,0.00275096
342.4,0.00275096
342.4,0.00275096
342.4,0.00275096
343.467,0.00248056
343.467,0.00248056
343.467,0.00248056
343.467,0.00248056
343.467,0.00248056
343.467,0.00248056
343.467,0.00248056
343.467,0.00248056
343.467,0.00248056
343.467,0.00248056
343.467,0.00248056
343.467,0.00248056
343.467,0.00248056
343.467,0.00248056
343.467,0.00248056
343.467,0.00248056
344.533,0.00235908
344.533,0.00235908
344.533,0.00235908
344.533,0.00235908
344.533,0.00235908
344.533,0.00235908
344.533,0.00235908
344.533,0.00235908
344.533,0.00235908
344.533,0.00235908
344.533,0.00235908
344.533,0.00235908
344.533,0.00235908
344.533,0.00235908
344.533,0.00235908
344.533,0.00235908
345.6,0.00295865
345.6,0.00295865
345.6,0.00295865
345.6,0.00295865
345.6,0.00295865
345.6,0.00295865
345.6,0.00295865
345.6,0.00295865
345.6,0.00295865
345.6,0.00295865
345.6,0.00295865
345.6,0.00295865
345.6,0.00295865
345.6,0.00295865
345.6,0.00295865
345.6,0.00295865
346.667,0.00239043
346.667,0.00239043
346.667,0.00239043
346.667,0.00239043
346.667,0.00239043
346.667,0.00239043
346.667,0.00239043
346.667,0.00239043
346.667,0.00239043
346.667,0.00239043
346.667,0.00239043
346.667,0.00239043
346.667,0.00239043
346.667,0.00239043
346.667,0.00239043
346.667,0.00239043
347.733,0.00246489
347.733,0.00246489
347.733,0.00246489
347.733,0.00246489
347.733,0.00246489
347.733,0.00246489
347.733,0.00246489
347.733,0.00246489
347.733,0.00246489
347.733,0.00246489
347.733,0.00246489
347.733,0.00246489
347.733,0.00246489
347.733,0.00246489
347.733,0.00246489
347.733,0.00246489
348.8,0.00208085
348.8,0.00208085
348.8,0.00208085
348.8,0.00208085
348.8,0.00208085
348.8,0.00208085
348.8,0.00208085
348.8,0.00208085
348.8,0.00208085
348.8,0.00208085
348.8,0.00208085
348.8,0.00208085
348.8,0.00208085
348.8,0.00208085
348.8,0.00208085
348.8,0.00208085
349.867,0.00222976
349.867,0.00222976
349.867,0.00222976
349.867,0.00222976
349.867,0.00222976
349.867,0.00222976
349.867,0.00222976
349.867,0.00222976
349.867,0.00222976
349.867,0.00222976
349.867,0.00222976
349.867,0.00222976
349.867,0.00222976
349.867,0.00222976
349.867,0.00222976
349.867,0.00222976
350.933,0.0516529
350.933,0.0516529
350.933,0.0516529
350.933,0.0516529
350.933,0.0516529
350.933,0.0516529
350.933,0.0516529
350.933,0.0516529
350.933,0.0516529
350.933,0.0516529
350.933,0.0516529
350.933,0.0516529
350.933,0.0516529
350.933,0.0516529
350.933,0.0516529
350.933,0.0516529
352,0.0592984
352,0.0592984
352,0.0592984
352,0.0592984
352,0.0592984
352,0.0592984
352,0.0592984
352,0.0592984
352,0.0592984
352,0.0592984
352,0.0592984
352,0.0592984
352,0.0592984
352,0.0592984
352,0.0592984
352,0.0592984
353.067,0.100688
353.067,0.100688
353.067,0.100688
353.067,0.100688
353.067,0.100688
353.067,0.100688
353.067,0.100688
353.067,0.100688
353.067,0.100688
353.067,0.100688
353.067,0.100688
353.067,0.100688
353.067,0.100688
353.067,0.100688
353.067,0.100688
353.067,0.100688
354.133,0.112903
354.133,0.112903
354.133,0.112903
354.133,0.112903
354.133,0.112903
354.133,0.112903
354.133,0.112903
354.133,0.112903
354.133,0.112903
354.133,0.112903
354.133,0.112903
354.133,0.112903
354.133,0.112903
354.133,0.112903
354.133,0.112903
354.133,0.112903
355.2,0.116359
355.2,0.116359
355.2,0.116359
355.2,0.116359
355.2,0.116359
355.2,0.116359
355.2,0.116359
355.2,0.116359
355.2,0.116359
355.2,0.116359
355.2,0.116359
355.2,0.116359
355.2,0.116359
355.2,0.116359
355.2,0.116359
355.2,0.116359
356.267,0.148462
356.267,0.148462
356.267,0.148462
356.267,0.148462
356.267,0.148462
356.267,0.148462
356.267,0.148462
356.267,0.148462
356.267,0.148462
356.267,0.148462
356.267,0.148462
356.267,0.148462
356.267,0.148462
356.267,0.148462
356.267,0.148462
356.267,0.148462
357.333,0.190827
357.333,0.190827
357.333,0.190827
357.333,0.190827
357.333,0.190827
357.333,0.190827
357.333,0.190827
357.333,0.190827
357.333,0.190827
357.333,0.190827
357.333,0.190827
357.333,0.190827
357.333,0.190827
357.333,0.190827
357.333,0.190827
357.333,0.190827
358.4,0.198359
358.4,0.198359
358.4,0.198359
358.4,0.198359
358.4,0.198359
358.4,0.198359
358.4,0.198359
358.4,0.198359
358.4,0.198359
358.4,0.198359
358.4,0.198359
358.4,0.198359
358.4,0.198359
358.4,0.198359
358.4,0.198359
358.4,0.198359
359.467,0.22414
359.467,0.22414
359.467,0.22414
359.467,0.22414
359.467,0.22414
359.467,0.22414
359.467,0.22414
359.467,0.22414
359.467,0.22414
359.467,0.22414
359.467,0.22414
359.467,0.22414
359.467,0.22414
359.467,0.22414
359.467,0.22414
359.467,0.22414
360.533,0.23641
360.533,0.23641
360.533,0.23641
360.533,0.23641
360.533,0.23641
360.533,0.23641
360.533,0.23641
360.533,0.23641
360.533,0.23641
360.533,0.23641
360.533,0.23641
360.533,0.23641
360.533,0.23641
360.533,0.23641
360.533,0.23641
360.533,0.23641
361.6,0.279496
361.6,0.279496
361.6,0.279496
361.6,0.279496
361.6,0.279496
361.6,0.279496
361.6,0.279496
361.6,0.279496
361.6,0.279496
361.6,0.279496
361.6,0.279496
361.6,0.279496
361.6,0.279496
361.6,0.279496
361.6,0.279496
361.6,0.279496
362.667,0.310529
362.667,0.310529
362.667,0.310529
362.667,0.310529
362.667,0.310529
362.667,0.310529
362.667,0.310529
362.667,0.310529
362.667,0.310529
362.667,0.310529
362.667,0.310529
362.667,0.310529
362.667,0.310529
362.667,0.310529
362.667,0.310529
362.667,0.310529
363.733,0.314001
363.733,0.314001
363.733,0.314001
363.733,0.314001
363.733,0.314001
363.733,0.314001
363.733,0.314001
363.733,0.314001
363.733,0.314001
363.733,0.314001
363.733,0.314001
363.733,0.314001
363.733,0.314001
363.733,0.314001
363.733,0.314001
363.733,0.314001
364.8,0.286581
364.8,0.286581
364.8,0.286581
364.8,0.286581
364.8,0.286581
364.8,0.286581
364.8,0.286581
364.8,0.286581
364.8,0.286581
364.8,0.286581
364.8,0.286581
364.8,0.286581
364.8,0.286581
364.8,0.286581
364.8,0.286581
364.8,0.286581
365.867,0.306716
365.867,0.306716
365.867,0.306716
365.867,0.306716
365.867,0.306716
365.867,0.306716
365.867,0.306716
365.867,0.306716
365.867,0.306716
365.867,0.306716
365.867,0.306716
365.867,0.306716
365.867,0.306716
365.867,0.306716
365.867,0.306716
365.867,0.306716
366.933,0.335636
366.933,0.335636
366.933,0.335636
366.933,0.335636
366.933,0.335636
366.933,0.335636
366.933,0.335636
366.933,0.335636
366.933,0.335636
366.933,0.335636
366.933,0.335636
366.933,0.335636
366.933,0.335636
366.933,0.335636
366.933,0.335636
366.933,0.335636
368,0.33794
368,0.33794
368,0.33794
368,0.33794
368,0.33794
368,0.33794
368,0.33794
368,0.33794
368,0.33794
368,0.33794
368,0.33794
368,0.33794
368,0.33794
368,0.33794
368,0.33794
368,0.33794
369.067,0.375831
369.067,0.375831
369.067,0.375831
369.067,0.375831
369.067,0.375831
369.067,0.375831
369.067,0.375831
369.067,0.375831
369.067,0.375831
369.067,0.375831
369.067,0.375831
369.067,0.375831
369.067,0.375831
369.067,0.375831
369.067,0.375831
369.067,0.375831
370.133,0.383668
370.133,0.383668
370.133,0.383668
370.133,0.383668
370.133,0.383668
370.133,0.383668
370.133,0.383668
370.133,0.383668
370.133,0.383668
370.133,0.383668
370.133,0.383668
370.133,0.383668
370.133,0.383668
370.133,0.383668
370.133,0.383668
370.133,0.383668
371.2,0.428103
371.2,0.428103
371.2,0.428103
371.2,0.428103
371.2,0.428103
371.2,0.428103
371.2,0.428103
371.2,0.428103
371.2,0.428103
371.2,0.428103
371.2,0.428103
371.2,0.428103
371.2,0.428103
371.2,0.428103
371.2,0.428103
371.2,0.428103
372.267,0.455781
372.267,0.455781
372.267,0.455781
372.267,0.455781
372.267,0.455781
372.267,0.455781
372.267,0.455781
372.267,0.455781
372.267,0.455781
372.267,0.455781
372.267,0.455781
372.267,0.455781
372.267,0.455781
372.267,0.455781
372.267,0.455781
372.267,0.455781
373.333,0.438476
373.333,0.438476
373.333,0.438476
373.333,0.438476
373.333,0.438476
373.333,0.438476
373.333,0.438476
373.333,0.438476
373.333,0.438476
373.333,0.438476
373.333,0.438476
373.333,0.438476
373.333,0.438476
373.333,0.438476
373.333,0.438476
373.333,0.438476
374.4,0.454801
374.4,0.454801
374.4,0.454801
374.4,0.454801
374.4,0.454801
374.4,0.454801
374.4,0.454801
374.4,0.454801
374.4,0.454801
374.4,0.454801
374.4,0.454801
374.4,0.454801
374.4,0.454801
374.4,0.454801
374.4,0.454801
374.4,0.454801
375.467,0.462031
375.467,0.462031
375.467,0.462031
375.467,0.462031
375.467,0.462031
375.467,0.462031
375.467,0.462031
375.467,0.462031
375.467,0.462031
375.467,0.462031
375.467,0.462031
375.467,0.462031
375.467,0.462031
375.467,0.462031
375.467,0.462031
375.467,0.462031
376.533,0.463689
376.533,0.463689
376.533,0.463689
376.533,0.463689
376.533,0.463689
376.533,0.463689
376.533,0.463689
376.533,0.463689
376.533,0.463689
376.533,0.463689
376.533,0.463689
376.533,0.463689
376.533,0.463689
376.533,0.463689
376.533,0.463689
376.533,0.463689
377.6,0.464531
377.6,0.464531
377.6,0.464531
377.6,0.464531
377.6,0.464531
377.6,0.464531
377.6,0.464531
377.6,0.464531
377.6,0.464531
377.6,0.464531
377.6,0.464531
377.6,0.464531
377.6,0.464531
377.6,0.464531
377.6,0.464531
377.6,0.464531
378.667,0.46452
378.667,0.46452
378.667,0.46452
378.667,0.46452
378.667,0.46452
378.667,0.46452
378.667,0.46452
378.667,0.46452
378.667,0.46452
378.667,0.46452
378.667,0.46452
378.667,0.46452
378.667,0.46452
378.667,0.46452
378.667,0.46452
378.667,0.46452
379.733,0.464449
379.733,0.464449
379.733,0.464449
379.733,0.464449
379.733,0.464449
379.733,0.464449
379.733,0.464449
379.733,0.464449
379.733,0.464449
379.733,0.464449
379.733,0.464449
379.733,0.464449
379.733,0.464449
379.733,0.464449
379.733,0.464449
379.733,0.464449
380.8,0.475022
380.8,0.475022
380.8,0.475022
380.8,0.475022
380.8,0.475022
380.8,0.475022
380.8,0.475022
380.8,0.475022
380.8,0.475022
380.8,0.475022
380.8,0.475022
380.8,0.475022
380.8,0.475022
380.8,0.475022
380.8,0.475022
380.8,0.475022
381.867,0.482985
381.867,0.482985
381.867,0.482985
381.867,0.482985
381.867,0.482985
381.867,0.482985
381.867,0.482985
381.867,0.482985
381.867,0.482985
44