0,0.0484552
0,0.0484552
0,0.0484552
0,0.0484552
0,0.0484552
0,0.0484552
0,0.0484552
0,0.0484552
0,0.0484552
0,0.0484552
0,0.0484552
0,0.0484552
0,0.0484552
0.866667,0.0861966
0.866667,0.0861966
0.866667,0.0861966
0.866667,0.0861966
0.866667,0.0861966
0.866667,0.0861966
0.866667,0.0861966
0.866667,0.0861966
0.866667,0.0861966
0.866667,0.0861966
0.866667,0.0861966
0.866667,0.0861966
0.866667,0.0861966
1.73333,0.0963462
1.73333,0.0963462
1.73333,0.0963462
1.73333,0.0963462
1.73333,0.0963462
1.73333,0.0963462
1.73333,0.0963462
1.73333,0.0963462
1.73333,0.0963462
1.73333,0.0963462
1.73333,0.0963462
1.73333,0.0963462
1.73333,0.0963462
2.6,0.101687
2.6,0.101687
2.6,0.101687
2.6,0.101687
2.6,0.101687
2.6,0.101687
2.6,0.101687
2.6,0.101687
2.6,0.101687
2.6,0.101687
2.6,0.101687
2.6,0.101687
2.6,0.101687
3.46667,0.101926
3.46667,0.101926
3.46667,0.101926
3.46667,0.101926
3.46667,0.101926
3.46667,0.101926
3.46667,0.101926
3.46667,0.101926
3.46667,0.101926
3.46667,0.101926
3.46667,0.101926
3.46667,0.101926
3.46667,0.101926
4.33333,0.101691
4.33333,0.101691
4.33333,0.101691
4.33333,0.101691
4.33333,0.101691
4.33333,0.101691
4.33333,0.101691
4.33333,0.101691
4.33333,0.101691
4.33333,0.101691
4.33333,0.101691
4.33333,0.101691
4.33333,0.101691
5.2,0.105794
5.2,0.105794
5.2,0.105794
5.2,0.105794
5.2,0.105794
5.2,0.105794
5.2,0.105794
5.2,0.105794
5.2,0.105794
5.2,0.105794
5.2,0.105794
5.2,0.105794
5.2,0.105794
6.06667,0.142133
6.06667,0.142133
6.06667,0.142133
6.06667,0.142133
6.06667,0.142133
6.06667,0.142133
6.06667,0.142133
6.06667,0.142133
6.06667,0.142133
6.06667,0.142133
6.06667,0.142133
6.06667,0.142133
6.06667,0.142133
6.93333,0.142866
6.93333,0.142866
6.93333,0.142866
6.93333,0.142866
6.93333,0.142866
6.93333,0.142866
6.93333,0.142866
6.93333,0.142866
6.93333,0.142866
6.93333,0.142866
6.93333,0.142866
6.93333,0.142866
6.93333,0.142866
7.8,0.172609
7.8,0.172609
7.8,0.172609
7.8,0.172609
7.8,0.172609
7.8,0.172609
7.8,0.172609
7.8,0.172609
7.8,0.172609
7.8,0.172609
7.8,0.172609
7.8,0.172609
7.8,0.172609
8.66667,0.175473
8.66667,0.175473
8.66667,0.175473
8.66667,0.175473
8.66667,0.175473
8.66667,0.175473
8.66667,0.175473
8.66667,0.175473
8.66667,0.175473
8.66667,0.175473
8.66667,0.175473
8.66667,0.175473
8.66667,0.175473
9.53333,0.17938
9.53333,0.17938
9.53333,0.17938
9.53333,0.17938
9.53333,0.17938
9.53333,0.17938
9.53333,0.17938
9.53333,0.17938
9.53333,0.17938
9.53333,0.17938
9.53333,0.17938
9.53333,0.17938
9.53333,0.17938
10.4,0.174995
10.4,0.174995
10.4,0.174995
10.4,0.174995
10.4,0.174995
10.4,0.174995
10.4,0.174995
10.4,0.174995
10.4,0.174995
10.4,0.174995
10.4,0.174995
10.4,0.174995
10.4,0.174995
11.2667,0.169689
11.2667,0.169689
11.2667,0.169689
11.2667,0.169689
11.2667,0.169689
11.2667,0.169689
11.2667,0.169689
11.2667,0.169689
11.2667,0.169689
11.2667,0.169689
11.2667,0.169689
11.2667,0.169689
11.2667,0.169689
12.1333,0.165226
12.1333,0.165226
12.1333,0.165226
12.1333,0.165226
12.1333,0.165226
12.1333,0.165226
12.1333,0.165226
12.1333,0.165226
12.1333,0.165226
12.1333,0.165226
12.1333,0.165226
12.1333,0.165226
12.1333,0.165226
13,0.160433
13,0.160433
13,0.160433
13,0.160433
13,0.160433
13,0.160433
13,0.160433
13,0.160433
13,0.160433
13,0.160433
13,0.160433
13,0.160433
13,0.160433
13.8667,0.160982
13.8667,0.160982
13.8667,0.160982
13.8667,0.160982
13.8667,0.160982
13.8667,0.160982
13.8667,0.160982
13.8667,0.160982
13.8667,0.160982
13.8667,0.160982
13.8667,0.160982
13.8667,0.160982
13.8667,0.160982
14.7333,0.159536
14.7333,0.159536
14.7333,0.159536
14.7333,0.159536
14.7333,0.159536
14.7333,0.159536
14.7333,0.159536
14.7333,0.159536
14.7333,0.159536
14.7333,0.159536
14.7333,0.159536
14.7333,0.159536
14.7333,0.159536
15.6,0.161429
15.6,0.161429
15.6,0.161429
15.6,0.161429
15.6,0.161429
15.6,0.161429
15.6,0.161429
15.6,0.161429
15.6,0.161429
15.6,0.161429
15.6,0.161429
15.6,0.161429
15.6,0.161429
16.4667,0.160378
16.4667,0.160378
16.4667,0.160378
16.4667,0.160378
16.4667,0.160378
16.4667,0.160378
16.4667,0.160378
16.4667,0.160378
16.4667,0.160378
16.4667,0.160378
16.4667,0.160378
16.4667,0.160378
16.4667,0.160378
17.3333,0.16057
17.3333,0.16057
17.3333,0.16057
17.3333,0.16057
17.3333,0.16057
17.3333,0.16057
17.3333,0.16057
17.3333,0.16057
17.3333,0.16057
17.3333,0.16057
17.3333,0.16057
17.3333,0.16057
17.3333,0.16057
18.2,0.160304
18.2,0.160304
18.2,0.160304
18.2,0.160304
18.2,0.160304
18.2,0.160304
18.2,0.160304
18.2,0.160304
18.2,0.160304
18.2,0.160304
18.2,0.160304
18.2,0.160304
18.2,0.160304
19.0667,0.162067
19.0667,0.162067
19.0667,0.162067
19.0667,0.162067
19.0667,0.162067
19.0667,0.162067
19.0667,0.162067
19.0667,0.162067
19.0667,0.162067
19.0667,0.162067
19.0667,0.162067
19.0667,0.162067
19.0667,0.162067
19.9333,0.157044
19.9333,0.157044
19.9333,0.157044
19.9333,0.157044
19.9333,0.157044
19.9333,0.157044
19.9333,0.157044
19.9333,0.157044
19.9333,0.157044
19.9333,0.157044
19.9333,0.157044
19.9333,0.157044
19.9333,0.157044
20.8,0.158125
20.8,0.158125
20.8,0.158125
20.8,0.158125
20.8,0.158125
20.8,0.158125
20.8,0.158125
20.8,0.158125
20.8,0.158125
20.8,0.158125
20.8,0.158125
20.8,0.158125
20.8,0.158125
21.6667,0.158113
21.6667,0.158113
21.6667,0.158113
21.6667,0.158113
21.6667,0.158113
21.6667,0.158113
21.6667,0.158113
21.6667,0.158113
21.6667,0.158113
21.6667,0.158113
21.6667,0.158113
21.6667,0.158113
21.6667,0.158113
22.5333,0.158207
22.5333,0.158207
22.5333,0.158207
22.5333,0.158207
22.5333,0.158207
22.5333,0.158207
22.5333,0.158207
22.5333,0.158207
22.5333,0.158207
22.5333,0.158207
22.5333,0.158207
22.5333,0.158207
22.5333,0.158207
23.4,0.163717
23.4,0.163717
23.4,0.163717
23.4,0.163717
23.4,0.163717
23.4,0.163717
23.4,0.163717
23.4,0.163717
23.4,0.163717
23.4,0.163717
23.4,0.163717
23.4,0.163717
23.4,0.163717
24.2667,0.164387
24.2667,0.164387
24.2667,0.164387
24.2667,0.164387
24.2667,0.164387
24.2667,0.164387
24.2667,0.164387
24.2667,0.164387
24.2667,0.164387
24.2667,0.164387
24.2667,0.164387
24.2667,0.164387
24.2667,0.164387
25.1333,0.16309
25.1333,0.16309
25.1333,0.16309
25.1333,0.16309
25.1333,0.16309
25.1333,0.16309
25.1333,0.16309
25.1333,0.16309
25.1333,0.16309
25.1333,0.16309
25.1333,0.16309
25.1333,0.16309
25.1333,0.16309
26,0.16804
26,0.16804
26,0.16804
26,0.16804
26,0.16804
26,0.16804
26,0.16804
26,0.16804
26,0.16804
26,0.16804
26,0.16804
26,0.16804
26,0.16804
26.8667,0.170336
26.8667,0.170336
26.8667,0.170336
26.8667,0.170336
26.8667,0.170336
26.8667,0.170336
26.8667,0.170336
26.8667,0.170336
26.8667,0.170336
26.8667,0.170336
26.8667,0.170336
26.8667,0.170336
26.8667,0.170336
27.7333,0.184729
27.7333,0.184729
27.7333,0.184729
27.7333,0.184729
27.7333,0.184729
27.7333,0.184729
27.7333,0.184729
27.7333,0.184729
27.7333,0.184729
27.7333,0.184729
27.7333,0.184729
27.7333,0.184729
27.7333,0.184729
28.6,0.201267
28.6,0.201267
28.6,0.201267
28.6,0.201267
28.6,0.201267
28.6,0.201267
28.6,0.201267
28.6,0.201267
28.6,0.201267
28.6,0.201267
28.6,0.201267
28.6,0.201267
28.6,0.201267
29.4667,0.208434
29.4667,0.208434
29.4667,0.208434
29.4667,0.208434
29.4667,0.208434
29.4667,0.208434
29.4667,0.208434
29.4667,0.208434
29.4667,0.208434
29.4667,0.208434
29.4667,0.208434
29.4667,0.208434
29.4667,0.208434
30.3333,0.20861
30.3333,0.20861
30.3333,0.20861
30.3333,0.20861
30.3333,0.20861
30.3333,0.20861
30.3333,0.20861
30.3333,0.20861
30.3333,0.20861
30.3333,0.20861
30.3333,0.20861
30.3333,0.20861
30.3333,0.20861
31.2,0.209504
31.2,0.209504
31.2,0.209504
31.2,0.209504
31.2,0.209504
31.2,0.209504
31.2,0.209504
31.2,0.209504
31.2,0.209504
31.2,0.209504
31.2,0.209504
31.2,0.209504
31.2,0.209504
32.0667,0.208164
32.0667,0.208164
32.0667,0.208164
32.0667,0.208164
32.0667,0.208164
32.0667,0.208164
32.0667,0.208164
32.0667,0.208164
32.0667,0.208164
32.0667,0.208164
32.0667,0.208164
32.0667,0.208164
32.0667,0.208164
32.9333,0.203383
32.9333,0.203383
32.9333,0.203383
32.9333,0.203383
32.9333,0.203383
32.9333,0.203383
32.9333,0.203383
32.9333,0.203383
32.9333,0.203383
32.9333,0.203383
32.9333,0.203383
32.9333,0.203383
32.9333,0.203383
33.8,0.243056
33.8,0.243056
33.8,0.243056
33.8,0.243056
33.8,0.243056
33.8,0.243056
33.8,0.243056
33.8,0.243056
33.8,0.243056
33.8,0.243056
33.8,0.243056
33.8,0.243056
33.8,0.243056
34.6667,0.264288
34.6667,0.264288
34.6667,0.264288
34.6667,0.264288
34.6667,0.264288
34.6667,0.264288
34.6667,0.264288
34.6667,0.264288
34.6667,0.264288
34.6667,0.264288
34.6667,0.264288
34.6667,0.264288
34.6667,0.264288
35.5333,0.278611
35.5333,0.278611
35.5333,0.278611
35.5333,0.278611
35.5333,0.278611
35.5333,0.278611
35.5333,0.278611
35.5333,0.278611
35.5333,0.278611
35.5333,0.278611
35.5333,0.278611
35.5333,0.278611
35.5333,0.278611
36.4,0.284849
36.4,0.284849
36.4,0.284849
36.4,0.284849
36.4,0.284849
36.4,0.284849
36.4,0.284849
36.4,0.284849
36.4,0.284849
36.4,0.284849
36.4,0.284849
36.4,0.284849
36.4,0.284849
37.2667,0.284136
37.2667,0.284136
37.2667,0.284136
37.2667,0.284136
37.2667,0.284136
37.2667,0.284136
37.2667,0.284136
37.2667,0.284136
37.2667,0.284136
37.2667,0.284136
37.2667,0.284136
37.2667,0.284136
37.2667,0.284136
38.1333,0.279387
38.1333,0.279387
38.1333,0.279387
38.1333,0.279387
38.1333,0.279387
38.1333,0.279387
38.1333,0.279387
38.1333,0.279387
38.1333,0.279387
38.1333,0.279387
38.1333,0.279387
38.1333,0.279387
38.1333,0.279387
39,0.314287
39,0.314287
39,0.314287
39,0.314287
39,0.314287
39,0.314287
39,0.314287
39,0.314287
39,0.314287
39,0.314287
39,0.314287
39,0.314287
39,0.314287
39.8667,0.332196
39.8667,0.332196
39.8667,0.332196
39.8667,0.332196
39.8667,0.332196
39.8667,0.332196
39.8667,0.332196
39.8667,0.332196
39.8667,0.332196
39.8667,0.332196
39.8667,0.332196
39.8667,0.332196
39.8667,0.332196
40.7333,0.35621
40.7333,0.35621
40.7333,0.35621
40.7333,0.35621
40.7333,0.35621
40.7333,0.35621
40.7333,0.35621
40.7333,0.35621
40.7333,0.35621
40.7333,0.35621
40.7333,0.35621
40.7333,0.35621
40.7333,0.35621
41.6,0.380075
41.6,0.380075
41.6,0.380075
41.6,0.380075
41.6,0.380075
41.6,0.380075
41.6,0.380075
41.6,0.380075
41.6,0.380075
41.6,0.380075
41.6,0.380075
41.6,0.380075
41.6,0.380075
42.4667,0.395993
42.4667,0.395993
42.4667,0.395993
42.4667,0.395993
42.4667,0.395993
42.4667,0.395993
42.4667,0.395993
42.4667,0.395993
42.4667,0.395993
42.4667,0.395993
42.4667,0.395993
42.4667,0.395993
42.4667,0.395993
43.3333,0.403309
43.3333,0.403309
43.3333,0.403309
43.3333,0.403309
43.3333,0.403309
43.3333,0.403309
43.3333,0.403309
43.3333,0.403309
43.3333,0.403309
43.3333,0.403309
43.3333,0.403309
43.3333,0.403309
43.3333,0.403309
44.2,0.417342
44.2,0.417342
44.2,0.417342
44.2,0.417342
44.2,0.417342
44.2,0.417342
44.2,0.417342
44.2,0.417342
44.2,0.417342
44.2,0.417342
44.2,0.417342
44.2,0.417342
44.2,0.417342
45.0667,0.421225
45.0667,0.421225
45.0667,0.421225
45.0667,0.421225
45.0667,0.421225
45.0667,0.421225
45.0667,0.421225
45.0667,0.421225
45.0667,0.421225
45.0667,0.421225
45.0667,0.421225
45.0667,0.421225
45.0667,0.421225
45.9333,0.428796
45.9333,0.428796
45.9333,0.428796
45.9333,0.428796
45.9333,0.428796
45.9333,0.428796
45.9333,0.428796
45.9333,0.428796
45.9333,0.428796
45.9333,0.428796
45.9333,0.428796
45.9333,0.428796
45.9333,0.428796
46.8,0.428103
46.8,0.428103
46.8,0.428103
46.8,0.428103
46.8,0.428103
46.8,0.428103
46.8,0.428103
46.8,0.428103
46.8,0.428103
46.8,0.428103
46.8,0.428103
46.8,0.428103
46.8,0.428103
47.6667,0.429427
47.6667,0.429427
47.6667,0.429427
47.6667,0.429427
47.6667,0.429427
47.6667,0.429427
47.6667,0.429427
47.6667,0.429427
47.6667,0.429427
47.6667,0.429427
47.6667,0.429427
47.6667,0.429427
47.6667,0.429427
48.5333,0.419411
48.5333,0.419411
48.5333,0.419411
48.5333,0.419411
48.5333,0.419411
48.5333,0.419411
48.5333,0.419411
48.5333,0.419411
48.5333,0.419411
48.5333,0.419411
48.5333,0.419411
48.5333,0.419411
48.5333,0.419411
49.4,0.413192
49.4,0.413192
49.4,0.413192
49.4,0.413192
49.4,0.413192
49.4,0.413192
49.4,0.413192
49.4,0.413192
49.4,0.413192
49.4,0.413192
49.4,0.413192
49.4,0.413192
49.4,0.413192
50.2667,0.403462
50.2667,0.403462
50.2667,0.403462
50.2667,0.403462
50.2667,0.403462
50.2667,0.403462
50.2667,0.403462
50.2667,0.403462
50.2667,0.403462
50.2667,0.403462
50.2667,0.403462
50.2667,0.403462
50.2667,0.403462
51.1333,0.398152
51.1333,0.398152
51.1333,0.398152
51.1333,0.398152
51.1333,0.398152
51.1333,0.398152
51.1333,0.398152
51.1333,0.398152
51.1333,0.398152
51.1333,0.398152
51.1333,0.398152
51.1333,0.398152
51.1333,0.398152
52,0.389652
52,0.389652
52,0.389652
52,0.389652
52,0.389652
52,0.389652
52,0.389652
52,0.389652
52,0.389652
52,0.389652
52,0.389652
52,0.389652
52,0.389652
52.8667,0.403062
52.8667,0.403062
52.8667,0.403062
52.8667,0.403062
52.8667,0.403062
52.8667,0.403062
52.8667,0.403062
52.8667,0.403062
52.8667,0.403062
52.8667,0.403062
52.8667,0.403062
52.8667,0.403062
52.8667,0.403062
53.7333,0.422836
53.7333,0.422836
53.7333,0.422836
53.7333,0.422836
53.7333,0.422836
53.7333,0.422836
53.7333,0.422836
53.7333,0.422836
53.7333,0.422836
53.7333,0.422836
53.7333,0.422836
53.7333,0.422836
53.7333,0.422836
54.6,0.435717
54.6,0.435717
54.6,0.435717
54.6,0.435717
54.6,0.435717
54.6,0.435717
54.6,0.435717
54.6,0.435717
54.6,0.435717
54.6,0.435717
54.6,0.435717
54.6,0.435717
54.6,0.435717
55.4667,0.442183
55.4667,0.442183
55.4667,0.442183
55.4667,0.442183
55.4667,0.442183
55.4667,0.442183
55.4667,0.442183
55.4667,0.442183
55.4667,0.442183
55.4667,0.442183
55.4667,0.442183
55.4667,0.442183
55.4667,0.442183
56.3333,0.441489
56.3333,0.441489
56.3333,0.441489
56.3333,0.441489
56.3333,0.441489
56.3333,0.441489
56.3333,0.441489
56.3333,0.441489
56.3333,0.441489
56.3333,0.441489
56.3333,0.441489
56.3333,0.441489
56.3333,0.441489
57.2,0.444601
57.2,0.444601
57.2,0.444601
57.2,0.444601
57.2,0.444601
57.2,0.444601
57.2,0.444601
57.2,0.444601
57.2,0.444601
57.2,0.444601
57.2,0.444601
57.2,0.444601
57.2,0.444601
58.0667,0.44424
58.0667,0.44424
58.0667,0.44424
58.0667,0.44424
58.0667,0.44424
58.0667,0.44424
58.0667,0.44424
58.0667,0.44424
58.0667,0.44424
58.0667,0.44424
58.0667,0.44424
58.0667,0.44424
58.0667,0.44424
58.9333,0.444338
58.9333,0.444338
58.9333,0.444338
58.9333,0.444338
58.9333,0.444338
58.9333,0.444338
58.9333,0.444338
58.9333,0.444338
58.9333,0.444338
58.9333,0.444338
58.9333,0.444338
58.9333,0.444338
58.9333,0.444338
59.8,0.449542
59.8,0.449542
59.8,0.449542
59.8,0.449542
59.8,0.449542
59.8,0.449542
59.8,0.449542
59.8,0.449542
59.8,0.449542
59.8,0.449542
59.8,0.449542
59.8,0.449542
59.8,0.449542
60.6667,0.44591
60.6667,0.44591
60.6667,0.44591
60.6667,0.44591
60.6667,0.44591
60.6667,0.44591
60.6667,0.44591
60.6667,0.44591
60.6667,0.44591
60.6667,0.44591
60.6667,0.44591
60.6667,0.44591
60.6667,0.44591
61.5333,0.438468
61.5333,0.438468
61.5333,0.438468
61.5333,0.438468
61.5333,0.438468
61.5333,0.438468
61.5333,0.438468
61.5333,0.438468
61.5333,0.438468
61.5333,0.438468
61.5333,0.438468
61.5333,0.438468
61.5333,0.438468
62.4,0.436465
62.4,0.436465
62.4,0.436465
62.4,0.436465
62.4,0.436465
62.4,0.436465
62.4,0.436465
62.4,0.436465
62.4,0.436465
62.4,0.436465
62.4,0.436465
62.4,0.436465
62.4,0.436465
63.2667,0.443037
63.2667,0.443037
63.2667,0.443037
63.2667,0.443037
63.2667,0.443037
63.2667,0.443037
63.2667,0.443037
63.2667,0.443037
63.2667,0.443037
63.2667,0.443037
63.2667,0.443037
63.2667,0.443037
63.2667,0.443037
64.1333,0.442206
64.1333,0.442206
64.1333,0.442206
64.1333,0.442206
64.1333,0.442206
64.1333,0.442206
64.1333,0.442206
64.1333,0.442206
64.1333,0.442206
64.1333,0.442206
64.1333,0.442206
64.1333,0.442206
64.1333,0.442206
65,0.445867
65,0.445867
65,0.445867
65,0.445867
65,0.445867
65,0.445867
65,0.445867
65,0.445867
65,0.445867
65,0.445867
65,0.445867
65,0.445867
65,0.445867
65.8667,0.444593
65.8667,0.444593
65.8667,0.444593
65.8667,0.444593
65.8667,0.444593
65.8667,0.444593
65.8667,0.444593
65.8667,0.444593
65.8667,0.444593
65.8667,0.444593
65.8667,0.444593
65.8667,0.444593
65.8667,0.444593
66.7333,0.442007
66.7333,0.442007
66.7333,0.442007
66.7333,0.442007
66.7333,0.442007
66.7333,0.442007
66.7333,0.442007
66.7333,0.442007
66.7333,0.442007
66.7333,0.442007
66.7333,0.442007
66.7333,0.442007
66.7333,0.442007
67.6,0.438053
67.6,0.438053
67.6,0.438053
67.6,0.438053
67.6,0.438053
67.6,0.438053
67.6,0.438053
67.6,0.438053
67.6,0.438053
67.6,0.438053
67.6,0.438053
67.6,0.438053
67.6,0.438053
68.4667,0.438499
68.4667,0.438499
68.4667,0.438499
68.4667,0.438499
68.4667,0.438499
68.4667,0.438499
68.4667,0.438499
68.4667,0.438499
68.4667,0.438499
68.4667,0.438499
68.4667,0.438499
68.4667,0.438499
68.4667,0.438499
69.3333,0.43681
69.3333,0.43681
69.3333,0.43681
69.3333,0.43681
69.3333,0.43681
69.3333,0.43681
69.3333,0.43681
69.3333,0.43681
69.3333,0.43681
69.3333,0.43681
69.3333,0.43681
69.3333,0.43681
69.3333,0.43681
70.2,0.438601
70.2,0.438601
70.2,0.438601
70.2,0.438601
70.2,0.438601
70.2,0.438601
70.2,0.438601
70.2,0.438601
70.2,0.438601
70.2,0.438601
70.2,0.438601
70.2,0.438601
70.2,0.438601
71.0667,0.434244
71.0667,0.434244
71.0667,0.434244
71.0667,0.434244
71.0667,0.434244
71.0667,0.434244
71.0667,0.434244
71.0667,0.434244
71.0667,0.434244
71.0667,0.434244
71.0667,0.434244
71.0667,0.434244
71.0667,0.434244
71.9333,0.43797
71.9333,0.43797
71.9333,0.43797
71.9333,0.43797
71.9333,0.43797
71.9333,0.43797
71.9333,0.43797
71.9333,0.43797
71.9333,0.43797
71.9333,0.43797
71.9333,0.43797
71.9333,0.43797
71.9333,0.43797
72.8,0.437571
72.8,0.437571
72.8,0.437571
72.8,0.437571
72.8,0.437571
72.8,0.437571
72.8,0.437571
72.8,0.437571
72.8,0.437571
72.8,0.437571
72.8,0.437571
72.8,0.437571
72.8,0.437571
73.6667,0.440208
73.6667,0.440208
73.6667,0.440208
73.6667,0.440208
73.6667,0.440208
73.6667,0.440208
73.6667,0.440208
73.6667,0.440208
73.6667,0.440208
73.6667,0.440208
73.6667,0.440208
73.6667,0.440208
73.6667,0.440208
74.5333,0.435631
74.5333,0.435631
74.5333,0.435631
74.5333,0.435631
74.5333,0.435631
74.5333,0.435631
74.5333,0.435631
74.5333,0.435631
74.5333,0.435631
74.5333,0.435631
74.5333,0.435631
74.5333,0.435631
74.5333,0.435631
75.4,0.440901
75.4,0.440901
75.4,0.440901
75.4,0.440901
75.4,0.440901
75.4,0.440901
75.4,0.440901
75.4,0.440901
75.4,0.440901
75.4,0.440901
75.4,0.440901
75.4,0.440901
75.4,0.440901
76.2667,0.439165
76.2667,0.439165
76.2667,0.439165
76.2667,0.439165
76.2667,0.439165
76.2667,0.439165
76.2667,0.439165
76.2667,0.439165
76.2667,0.439165
76.2667,0.439165
76.2667,0.439165
76.2667,0.439165
76.2667,0.439165
77.1333,0.441705
77.1333,0.441705
77.1333,0.441705
77.1333,0.441705
77.1333,0.441705
77.1333,0.441705
77.1333,0.441705
77.1333,0.441705
77.1333,0.441705
77.1333,0.441705
77.1333,0.441705
77.1333,0.441705
77.1333,0.441705
78,0.440635
78,0.440635
78,0.440635
78,0.440635
78,0.440635
78,0.440635
78,0.440635
78,0.440635
78,0.440635
78,0.440635
78,0.440635
78,0.440635
78,0.440635
78.8667,0.436826
78.8667,0.436826
78.8667,0.436826
78.8667,0.436826
78.8667,0.436826
78.8667,0.436826
78.8667,0.436826
78.8667,0.436826
78.8667,0.436826
78.8667,0.436826
78.8667,0.436826
78.8667,0.436826
78.8667,0.436826
79.7333,0.431152
79.7333,0.431152
79.7333,0.431152
79.7333,0.431152
79.7333,0.431152
79.7333,0.431152
79.7333,0.431152
79.7333,0.431152
79.7333,0.431152
79.7333,0.431152
79.7333,0.431152
79.7333,0.431152
79.7333,0.431152
80.6,0.431681
80.6,0.431681
80.6,0.431681
80.6,0.431681
80.6,0.431681
80.6,0.431681
80.6,0.431681
80.6,0.431681
80.6,0.431681
80.6,0.431681
80.6,0.431681
80.6,0.431681
80.6,0.431681
81.4667,0.431575
81.4667,0.431575
81.4667,0.431575
81.4667,0.431575
81.4667,0.431575
81.4667,0.431575
81.4667,0.431575
81.4667,0.431575
81.4667,0.431575
81.4667,0.431575
81.4667,0.431575
81.4667,0.431575
81.4667,0.431575
82.3333,0.431371
82.3333,0.431371
82.3333,0.431371
82.3333,0.431371
82.3333,0.431371
82.3333,0.431371
82.3333,0.431371
82.3333,0.431371
82.3333,0.431371
82.3333,0.431371
82.3333,0.431371
82.3333,0.431371
82.3333,0.431371
83.2,0.437555
83.2,0.437555
83.2,0.437555
83.2,0.437555
83.2,0.437555
83.2,0.437555
83.2,0.437555
83.2,0.437555
83.2,0.437555
83.2,0.437555
83.2,0.437555
83.2,0.437555
83.2,0.437555
84.0667,0.431928
84.0667,0.431928
84.0667,0.431928
84.0667,0.431928
84.0667,0.431928
84.0667,0.431928
84.0667,0.431928
84.0667,0.431928
84.0667,0.431928
84.0667,0.431928
84.0667,0.431928
84.0667,0.431928
84.0667,0.431928
84.9333,0.434894
84.9333,0.434894
84.9333,0.434894
84.9333,0.434894
84.9333,0.434894
84.9333,0.434894
84.9333,0.434894
84.9333,0.434894
84.9333,0.434894
84.9333,0.434894
84.9333,0.434894
84.9333,0.434894
84.9333,0.434894
85.8,0.433299
85.8,0.433299
85.8,0.433299
85.8,0.433299
85.8,0.433299
85.8,0.433299
85.8,0.433299
85.8,0.433299
85.8,0.433299
85.8,0.433299
85.8,0.433299
85.8,0.433299
85.8,0.433299
86.6667,0.440227
86.6667,0.440227
86.6667,0.440227
86.6667,0.440227
86.6667,0.440227
86.6667,0.440227
86.6667,0.440227
86.6667,0.440227
86.6667,0.440227
86.6667,0.440227
86.6667,0.440227
86.6667,0.440227
86.6667,0.440227
87.5333,0.433362
87.5333,0.433362
87.5333,0.433362
87.5333,0.433362
87.5333,0.433362
87.5333,0.433362
87.5333,0.433362
87.5333,0.433362
87.5333,0.433362
87.5333,0.433362
87.5333,0.433362
87.5333,0.433362
87.5333,0.433362
88.4,0.433001
88.4,0.433001
88.4,0.433001
88.4,0.433001
88.4,0.433001
88.4,0.433001
88.4,0.433001
88.4,0.433001
88.4,0.433001
88.4,0.433001
88.4,0.433001
88.4,0.433001
88.4,0.433001
89.2667,0.431077
89.2667,0.431077
89.2667,0.431077
89.2667,0.431077
89.2667,0.431077
89.2667,0.431077
89.2667,0.431077
89.2667,0.431077
89.2667,0.431077
89.2667,0.431077
89.2667,0.431077
89.2667,0.431077
89.2667,0.431077
90.1333,0.436716
90.1333,0.436716
90.1333,0.436716
90.1333,0.436716
90.1333,0.436716
90.1333,0.436716
90.1333,0.436716
90.1333,0.436716
90.1333,0.436716
90.1333,0.436716
90.1333,0.436716
90.1333,0.436716
90.1333,0.436716
91,0.432927
91,0.432927
91,0.432927
91,0.432927
91,0.432927
91,0.432927
91,0.432927
91,0.432927
91,0.432927
91,0.432927
91,0.432927
91,0.432927
91,0.432927
91.8667,0.424251
91.8667,0.424251
91.8667,0.424251
91.8667,0.424251
91.8667,0.424251
91.8667,0.424251
91.8667,0.424251
91.8667,0.424251
91.8667,0.424251
91.8667,0.424251
91.8667,0.424251
91.8667,0.424251
91.8667,0.424251
92.7333,0.417942
92.7333,0.417942
92.7333,0.417942
92.7333,0.417942
92.7333,0.417942
92.7333,0.417942
92.7333,0.417942
92.7333,0.417942
92.7333,0.417942
92.7333,0.417942
92.7333,0.417942
92.7333,0.417942
92.7333,0.417942
93.6,0.422189
93.6,0.422189
93.6,0.422189
93.6,0.422189
93.6,0.422189
93.6,0.422189
93.6,0.422189
93.6,0.422189
93.6,0.422189
93.6,0.422189
93.6,0.422189
93.6,0.422189
93.6,0.422189
94.4667,0.420007
94.4667,0.420007
94.4667,0.420007
94.4667,0.420007
94.4667,0.420007
94.4667,0.420007
94.4667,0.420007
94.4667,0.420007
94.4667,0.420007
94.4667,0.420007
94.4667,0.420007
94.4667,0.420007
94.4667,0.420007
95.3333,0.43016
95.3333,0.43016
95.3333,0.43016
95.3333,0.43016
95.3333,0.43016
95.3333,0.43016
95.3333,0.43016
95.3333,0.43016
95.3333,0.43016
95.3333,0.43016
95.3333,0.43016
95.3333,0.43016
95.3333,0.43016
96.2,0.442775
96.2,0.442775
96.2,0.442775
96.2,0.442775
96.2,0.442775
96.2,0.442775
96.2,0.442775
96.2,0.442775
96.2,0.442775
96.2,0.442775
96.2,0.442775
96.2,0.442775
96.2,0.442775
97.0667,0.440035
97.0667,0.440035
97.0667,0.440035
97.0667,0.440035
97.0667,0.440035
97.0667,0.440035
97.0667,0.440035
97.0667,0.440035
97.0667,0.440035
97.0667,0.440035
97.0667,0.440035
97.0667,0.440035
97.0667,0.440035
97.9333,0.413623
97.9333,0.413623
97.9333,0.413623
97.9333,0.413623
97.9333,0.413623
97.9333,0.413623
97.9333,0.413623
97.9333,0.413623
97.9333,0.413623
97.9333,0.413623
97.9333,0.413623
97.9333,0.413623
97.9333,0.413623
98.8,0.379671
98.8,0.379671
98.8,0.379671
98.8,0.379671
98.8,0.379671
98.8,0.379671
98.8,0.379671
98.8,0.379671
98.8,0.379671
98.8,0.379671
98.8,0.379671
98.8,0.379671
98.8,0.379671
99.6667,0.355093
99.6667,0.355093
99.6667,0.355093
99.6667,0.355093
99.6667,0.355093
99.6667,0.355093
99.6667,0.355093
99.6667,0.355093
99.6667,0.355093
99.6667,0.355093
99.6667,0.355093
99.6667,0.355093
99.6667,0.355093
100.533,0.341726
100.533,0.341726
100.533,0.341726
100.533,0.341726
100.533,0.341726
100.533,0.341726
100.533,0.341726
100.533,0.341726
100.533,0.341726
100.533,0.341726
100.533,0.341726
100.533,0.341726
100.533,0.341726
101.4,0.316172
101.4,0.316172
101.4,0.316172
101.4,0.316172
101.4,0.316172
101.4,0.316172
101.4,0.316172
101.4,0.316172
101.4,0.316172
101.4,0.316172
101.4,0.316172
101.4,0.316172
101.4,0.316172
102.267,0.298008
102.267,0.298008
102.267,0.298008
102.267,0.298008
102.267,0.298008
102.267,0.298008
102.267,0.298008
102.267,0.298008
102.267,0.298008
102.267,0.298008
102.267,0.298008
102.267,0.298008
102.267,0.298008
103.133,0.289571
103.133,0.289571
103.133,0.289571
103.133,0.289571
103.133,0.289571
103.133,0.289571
103.133,0.289571
103.133,0.289571
103.133,0.289571
103.133,0.289571
103.133,0.289571
103.133,0.289571
103.133,0.289571
104,0.307664
104,0.307664
104,0.307664
104,0.307664
104,0.307664
104,0.307664
104,0.307664
104,0.307664
104,0.307664
104,0.307664
104,0.307664
104,0.307664
104,0.307664
104.867,0.315118
104.867,0.315118
104.867,0.315118
104.867,0.315118
104.867,0.315118
104.867,0.315118
104.867,0.315118
104.867,0.315118
104.867,0.315118
104.867,0.315118
104.867,0.315118
104.867,0.315118
104.867,0.315118
105.733,0.334406
105.733,0.334406
105.733,0.334406
105.733,0.334406
105.733,0.334406
105.733,0.334406
105.733,0.334406
105.733,0.334406
105.733,0.334406
105.733,0.334406
105.733,0.334406
105.733,0.334406
105.733,0.334406
106.6,0.339053
106.6,0.339053
106.6,0.339053
106.6,0.339053
106.6,0.339053
106.6,0.339053
106.6,0.339053
106.6,0.339053
106.6,0.339053
106.6,0.339053
106.6,0.339053
106.6,0.339053
106.6,0.339053
107.467,0.361437
107.467,0.361437
107.467,0.361437
107.467,0.361437
107.467,0.361437
107.467,0.361437
107.467,0.361437
107.467,0.361437
107.467,0.361437
107.467,0.361437
107.467,0.361437
107.467,0.361437
107.467,0.361437
108.333,0.349219
108.333,0.349219
108.333,0.349219
108.333,0.349219
108.333,0.349219
108.333,0.349219
108.333,0.349219
108.333,0.349219
108.333,0.349219
108.333,0.349219
108.333,0.349219
108.333,0.349219
108.333,0.349219
109.2,0.375799
109.2,0.375799
109.2,0.375799
109.2,0.375799
109.2,0.375799
109.2,0.375799
109.2,0.375799
109.2,0.375799
109.2,0.375799
109.2,0.375799
109.2,0.375799
109.2,0.375799
109.2,0.375799
110.067,0.371262
110.067,0.371262
110.067,0.371262
110.067,0.371262
110.067,0.371262
110.067,0.371262
110.067,0.371262
110.067,0.371262
110.067,0.371262
110.067,0.371262
110.067,0.371262
110.067,0.371262
110.067,0.371262
110.933,0.357734
110.933,0.357734
110.933,0.357734
110.933,0.357734
110.933,0.357734
110.933,0.357734
110.933,0.357734
110.933,0.357734
110.933,0.357734
110.933,0.357734
110.933,0.357734
110.933,0.357734
110.933,0.357734
111.8,0.338979
111.8,0.338979
111.8,0.338979
111.8,0.338979
111.8,0.338979
111.8,0.338979
111.8,0.338979
111.8,0.338979
111.8,0.338979
111.8,0.338979
111.8,0.338979
111.8,0.338979
111.8,0.338979
112.667,0.349712
112.667,0.349712
112.667,0.349712
112.667,0.349712
112.667,0.349712
112.667,0.349712
112.667,0.349712
112.667,0.349712
112.667,0.349712
112.667,0.349712
112.667,0.349712
112.667,0.349712
112.667,0.349712
113.533,0.368961
113.533,0.368961
113.533,0.368961
113.533,0.368961
113.533,0.368961
113.533,0.368961
113.533,0.368961
113.533,0.368961
113.533,0.368961
113.533,0.368961
113.533,0.368961
113.533,0.368961
113.533,0.368961
114.4,0.323653
114.4,0.323653
114.4,0.323653
114.4,0.323653
114.4,0.323653
114.4,0.323653
114.4,0.323653
114.4,0.323653
114.4,0.323653
114.4,0.323653
114.4,0.323653
114.4,0.323653
114.4,0.323653
115.267,0.274292
115.267,0.274292
115.267,0.274292
115.267,0.274292
115.267,0.274292
115.267,0.274292
115.267,0.274292
115.267,0.274292
115.267,0.274292
115.267,0.274292
115.267,0.274292
115.267,0.274292
115.267,0.274292
116.133,0.235916
116.133,0.235916
116.133,0.235916
116.133,0.235916
116.133,0.235916
116.133,0.235916
116.133,0.235916
116.133,0.235916
116.133,0.235916
116.133,0.235916
116.133,0.235916
116.133,0.235916
116.133,0.235916
117,0.209664
117,0.209664
117,0.209664
117,0.209664
117,0.209664
117,0.209664
117,0.209664
117,0.209664
117,0.209664
117,0.209664
117,0.209664
117,0.209664
117,0.209664
117.867,0.214582
117.867,0.214582
117.867,0.214582
117.867,0.214582
117.867,0.214582
117.867,0.214582
117.867,0.214582
117.867,0.214582
117.867,0.214582
117.867,0.214582
117.867,0.214582
117.867,0.214582
117.867,0.214582
118.733,0.203308
118.733,0.203308
118.733,0.203308
118.733,0.203308
118.733,0.203308
118.733,0.203308
118.733,0.203308
118.733,0.203308
118.733,0.203308
118.733,0.203308
118.733,0.203308
118.733,0.203308
118.733,0.203308
119.6,0.168537
119.6,0.168537
119.6,0.168537
119.6,0.168537
119.6,0.168537
119.6,0.168537
119.6,0.168537
119.6,0.168537
119.6,0.168537
119.6,0.168537
119.6,0.168537
119.6,0.168537
119.6,0.168537
120.467,0.197238
120.467,0.197238
120.467,0.197238
120.467,0.197238
120.467,0.197238
120.467,0.197238
120.467,0.197238
120.467,0.197238
120.467,0.197238
120.467,0.197238
120.467,0.197238
120.467,0.197238
120.467,0.197238
121.333,0.190647
121.333,0.190647
121.333,0.190647
121.333,0.190647
121.333,0.190647
121.333,0.190647
121.333,0.190647
121.333,0.190647
121.333,0.190647
121.333,0.190647
121.333,0.190647
121.333,0.190647
121.333,0.190647
122.2,0.20691
122.2,0.20691
122.2,0.20691
122.2,0.20691
122.2,0.20691
122.2,0.20691
122.2,0.20691
122.2,0.20691
122.2,0.20691
122.2,0.20691
122.2,0.20691
122.2,0.20691
122.2,0.20691
123.067,0.153368
123.067,0.153368
123.067,0.153368
123.067,0.153368
123.067,0.153368
123.067,0.153368
123.067,0.153368
123.067,0.153368
123.067,0.153368
123.067,0.153368
123.067,0.153368
123.067,0.153368
123.067,0.153368
123.933,0.123895
123.933,0.123895
123.933,0.123895
123.933,0.123895
123.933,0.123895
123.933,0.123895
123.933,0.123895
123.933,0.123895
123.933,0.123895
123.933,0.123895
123.933,0.123895
123.933,0.123895
123.933,0.123895
124.8,0.163333
124.8,0.163333
124.8,0.163333
124.8,0.163333
124.8,0.163333
124.8,0.163333
124.8,0.163333
124.8,0.163333
124.8,0.163333
124.8,0.163333
124.8,0.163333
124.8,0.163333
124.8,0.163333
125.667,0.185517
125.667,0.185517
125.667,0.185517
125.667,0.185517
125.667,0.185517
125.667,0.185517
125.667,0.185517
125.667,0.185517
125.667,0.185517
125.667,0.185517
125.667,0.185517
125.667,0.185517
125.667,0.185517
126.533,0.191109
126.533,0.191109
126.533,0.191109
126.533,0.191109
126.533,0.191109
126.533,0.191109
126.533,0.191109
126.533,0.191109
126.533,0.191109
126.533,0.191109
126.533,0.191109
126.533,0.191109
126.533,0.191109
127.4,0.186947
127.4,0.186947
127.4,0.186947
127.4,0.186947
127.4,0.186947
127.4,0.186947
127.4,0.186947
127.4,0.186947
127.4,0.186947
127.4,0.186947
127.4,0.186947
127.4,0.186947
127.4,0.186947
128.267,0.149108
128.267,0.149108
128.267,0.149108
128.267,0.149108
128.267,0.149108
128.267,0.149108
128.267,0.149108
128.267,0.149108
128.267,0.149108
128.267,0.149108
128.267,0.149108
128.267,0.149108
128.267,0.149108
129.133,0.110085
129.133,0.110085
129.133,0.110085
129.133,0.110085
129.133,0.110085
129.133,0.110085
129.133,0.110085
129.133,0.110085
129.133,0.110085
129.133,0.110085
129.133,0.110085
129.133,0.110085
129.133,0.110085
130,0.0609952
130,0.0609952
130,0.0609952
130,0.0609952
130,0.0609952
130,0.0609952
130,0.0609952
130,0.0609952
130,0.0609952
130,0.0609952
130,0.0609952
130,0.0609952
130,0.0609952
130.867,0.0185082
130.867,0.0185082
130.867,0.0185082
130.867,0.0185082
130.867,0.0185082
130.867,0.0185082
130.867,0.0185082
130.867,0.0185082
130.867,0.0185082
130.867,0.0185082
130.867,0.0185082
130.867,0.0185082
130.867,0.0185082
131.733,0.000971848
131.733,0.000971848
131.733,0.000971848
131.733,0.000971848
131.733,0.000971848
131.733,0.000971848
131.733,0.000971848
131.733,0.000971848
131.733,0.000971848
131.733,0.000971848
131.733,0.000971848
131.733,0.000971848
131.733,0.000971848
132.6,0.00121089
132.6,0.00121089
132.6,0.00121089
132.6,0.00121089
132.6,0.00121089
132.6,0.00121089
132.6,0.00121089
132.6,0.00121089
132.6,0.00121089
132.6,0.00121089
132.6,0.00121089
132.6,0.00121089
132.6,0.00121089
133.467,0.020256
133.467,0.020256
133.467,0.020256
133.467,0.020256
133.467,0.020256
133.467,0.020256
133.467,0.020256
133.467,0.020256
133.467,0.020256
133.467,0.020256
133.467,0.020256
133.467,0.020256
133.467,0.020256
134.333,0.163572
134.333,0.163572
134.333,0.163572
134.333,0.163572
134.333,0.163572
134.333,0.163572
134.333,0.163572
134.333,0.163572
134.333,0.163572
134.333,0.163572
134.333,0.163572
134.333,0.163572
134.333,0.163572
135.2,0.220382
135.2,0.220382
135.2,0.220382
135.2,0.220382
135.2,0.220382
135.2,0.220382
135.2,0.220382
135.2,0.220382
135.2,0.220382
135.2,0.220382
135.2,0.220382
135.2,0.220382
135.2,0.220382
136.067,0.128723
136.067,0.128723
136.067,0.128723
136.067,0.128723
136.067,0.128723
136.067,0.128723
136.067,0.128723
136.067,0.128723
136.067,0.128723
136.067,0.128723
136.067,0.128723
136.067,0.128723
136.067,0.128723
136.933,0.0476284
136.933,0.0476284
136.933,0.0476284
136.933,0.0476284
136.933,0.0476284
136.933,0.0476284
136.933,0.0476284
136.933,0.0476284
136.933,0.0476284
136.933,0.0476284
136.933,0.0476284
136.933,0.0476284
136.933,0.0476284
137.8,0.0277016
137.8,0.0277016
137.8,0.0277016
137.8,0.0277016
137.8,0.0277016
137.8,0.0277016
137.8,0.0277016
137.8,0.0277016
137.8,0.0277016
137.8,0.0277016
137.8,0.0277016
137.8,0.0277016
137.8,0.0277016
138.667,0.00561947
138.667,0.00561947
138.667,0.00561947
138.667,0.00561947
138.667,0.00561947
138.667,0.00561947
138.667,0.00561947
138.667,0.00561947
138.667,0.00561947
138.667,0.00561947
138.667,0.00561947
138.667,0.00561947
138.667,0.00561947
139.533,0.00413819
139.533,0.00413819
139.533,0.00413819
139.533,0.00413819
139.533,0.00413819
139.533,0.00413819
139.533,0.00413819
139.533,0.00413819
139.533,0.00413819
139.533,0.00413819
139.533,0.00413819
139.533,0.00413819
139.533,0.00413819
140.4,0.0197583
140.4,0.0197583
140.4,0.0197583
140.4,0.0197583
140.4,0.0197583
140.4,0.0197583
140.4,0.0197583
140.4,0.0197583
140.4,0.0197583
140.4,0.0197583
140.4,0.0197583
140.4,0.0197583
140.4,0.0197583
141.267,0.0662659
141.267,0.0662659
141.267,0.0662659
141.267,0.0662659
141.267,0.0662659
141.267,0.0662659
141.267,0.0662659
141.267,0.0662659
141.267,0.0662659
141.267,0.0662659
141.267,0.0662659
141.267,0.0662659
141.267,0.0662659
142.133,0.162134
142.133,0.162134
142.133,0.162134
142.133,0.162134
142.133,0.162134
142.133,0.162134
142.133,0.162134
142.133,0.162134
142.133,0.162134
142.133,0.162134
142.133,0.162134
142.133,0.162134
142.133,0.162134
143,0.191152
143,0.191152
143,0.191152
143,0.191152
143,0.191152
143,0.191152
143,0.191152
143,0.191152
143,0.191152
143,0.191152
143,0.191152
143,0.191152
143,0.191152
143.867,0.21249
143.867,0.21249
143.867,0.21249
143.867,0.21249
143.867,0.21249
143.867,0.21249
143.867,0.21249
143.867,0.21249
143.867,0.21249
143.867,0.21249
143.867,0.21249
143.867,0.21249
143.867,0.21249
144.733,0.156044
144.733,0.156044
144.733,0.156044
144.733,0.156044
144.733,0.156044
144.733,0.156044
144.733,0.156044
144.733,0.156044
144.733,0.156044
144.733,0.156044
144.733,0.156044
144.733,0.156044
144.733,0.156044
145.6,0.0722067
145.6,0.0722067
145.6,0.0722067
145.6,0.0722067
145.6,0.0722067
145.6,0.0722067
145.6,0.0722067
145.6,0.0722067
145.6,0.0722067
145.6,0.0722067
145.6,0.0722067
145.6,0.0722067
145.6,0.0722067
146.467,0.0114819
146.467,0.0114819
146.467,0.0114819
146.467,0.0114819
146.467,0.0114819
146.467,0.0114819
146.467,0.0114819
146.467,0.0114819
146.467,0.0114819
146.467,0.0114819
146.467,0.0114819
146.467,0.0114819
146.467,0.0114819
147.333,0.00101104
147.333,0.00101104
147.333,0.00101104
147.333,0.00101104
147.333,0.00101104
147.333,0.00101104
147.333,0.00101104
147.333,0.00101104
147.333,0.00101104
147.333,0.00101104
147.333,0.00101104
147.333,0.00101104
147.333,0.00101104
148.2,0.00126183
148.2,0.00126183
148.2,0.00126183
148.2,0.00126183
148.2,0.00126183
148.2,0.00126183
148.2,0.00126183
148.2,0.00126183
148.2,0.00126183
148.2,0.00126183
148.2,0.00126183
148.2,0.00126183
148.2,0.00126183
149.067,0.00172425
149.067,0.00172425
149.067,0.00172425
149.067,0.00172425
149.067,0.00172425
149.067,0.00172425
149.067,0.00172425
149.067,0.00172425
149.067,0.00172425
149.067,0.00172425
149.067,0.00172425
149.067,0.00172425
149.067,0.00172425
149.933,0.00132453
149.933,0.00132453
149.933,0.00132453
149.933,0.00132453
149.933,0.00132453
149.933,0.00132453
149.933,0.00132453
149.933,0.00132453
149.933,0.00132453
149.933,0.00132453
149.933,0.00132453
149.933,0.00132453
149.933,0.00132453
150.8,0.00183789
150.8,0.00183789
150.8,0.00183789
150.8,0.00183789
150.8,0.00183789
150.8,0.00183789
150.8,0.00183789
150.8,0.00183789
150.8,0.00183789
150.8,0.00183789
150.8,0.00183789
150.8,0.00183789
150.8,0.00183789
151.667,0.0475382
151.667,0.0475382
151.667,0.0475382
151.667,0.0475382
151.667,0.0475382
151.667,0.0475382
151.667,0.0475382
151.667,0.0475382
151.667,0.0475382
151.667,0.0475382
151.667,0.0475382
151.667,0.0475382
151.667,0.0475382
152.533,0.0659446
152.533,0.0659446
152.533,0.0659446
152.533,0.0659446
152.533,0.0659446
152.533,0.0659446
152.533,0.0659446
152.533,0.0659446
152.533,0.0659446
152.533,0.0659446
152.533,0.0659446
152.533,0.0659446
152.533,0.0659446
153.4,0.0693735
153.4,0.0693735
153.4,0.0693735
153.4,0.0693735
153.4,0.0693735
153.4,0.0693735
153.4,0.0693735
153.4,0.0693735
153.4,0.0693735
153.4,0.0693735
153.4,0.0693735
153.4,0.0693735
153.4,0.0693735
154.267,0.0386349
154.267,0.0386349
154.267,0.0386349
154.267,0.0386349
154.267,0.0386349
154.267,0.0386349
154.267,0.0386349
154.267,0.0386349
154.267,0.0386349
154.267,0.0386349
154.267,0.0386349
154.267,0.0386349
154.267,0.0386349
155.133,0.0235085
155.133,0.0235085
155.133,0.0235085
155.133,0.0235085
155.133,0.0235085
155.133,0.0235085
155.133,0.0235085
155.133,0.0235085
155.133,0.0235085
155.133,0.0235085
155.133,0.0235085
155.133,0.0235085
155.133,0.0235085
156,0.013167
156,0.013167
156,0.013167
156,0.013167
156,0.013167
156,0.013167
156,0.013167
156,0.013167
156,0.013167
156,0.013167
156,0.013167
156,0.013167
156,0.013167
156.867,0.00396185
156.867,0.00396185
156.867,0.00396185
156.867,0.00396185
156.867,0.00396185
156.867,0.00396185
156.867,0.00396185
156.867,0.00396185
156.867,0.00396185
156.867,0.00396185
156.867,0.00396185
156.867,0.00396185
156.867,0.00396185
157.733,0.00655605
157.733,0.00655605
157.733,0.00655605
157.733,0.00655605
157.733,0.00655605
157.733,0.00655605
157.733,0.00655605
157.733,0.00655605
157.733,0.00655605
157.733,0.00655605
157.733,0.00655605
157.733,0.00655605
157.733,0.00655605
158.6,0.00534908
158.6,0.00534908
158.6,0.00534908
158.6,0.00534908
158.6,0.00534908
158.6,0.00534908
158.6,0.00534908
158.6,0.00534908
158.6,0.00534908
158.6,0.00534908
158.6,0.00534908
158.6,0.00534908
158.6,0.00534908
159.467,0.0616144
159.467,0.0616144
159.467,0.0616144
159.467,0.0616144
159.467,0.0616144
159.467,0.0616144
159.467,0.0616144
159.467,0.0616144
159.467,0.0616144
159.467,0.0616144
159.467,0.0616144
159.467,0.0616144
159.467,0.0616144
160.333,0.0661679
160.333,0.0661679
160.333,0.0661679
160.333,0.0661679
160.333,0.0661679
160.333,0.0661679
160.333,0.0661679
160.333,0.0661679
160.333,0.0661679
160.333,0.0661679
160.333,0.0661679
160.333,0.0661679
160.333,0.0661679
161.2,0.0284461
161.2,0.0284461
161.2,0.0284461
161.2,0.0284461
161.2,0.0284461
161.2,0.0284461
161.2,0.0284461
161.2,0.0284461
161.2,0.0284461
161.2,0.0284461
161.2,0.0284461
161.2,0.0284461
161.2,0.0284461
162.067,0.00111684
162.067,0.00111684
162.067,0.00111684
162.067,0.00111684
162.067,0.00111684
162.067,0.00111684
162.067,0.00111684
162.067,0.00111684
162.067,0.00111684
162.067,0.00111684
162.067,0.00111684
162.067,0.00111684
162.067,0.00111684
162.933,0.0441093
162.933,0.0441093
162.933,0.0441093
162.933,0.0441093
162.933,0.0441093
162.933,0.0441093
162.933,0.0441093
162.933,0.0441093
162.933,0.0441093
162.933,0.0441093
162.933,0.0441093
162.933,0.0441093
162.933,0.0441093
163.8,0.0493761
163.8,0.0493761
163.8,0.0493761
163.8,0.0493761
163.8,0.0493761
163.8,0.0493761
163.8,0.0493761
163.8,0.0493761
163.8,0.0493761
163.8,0.0493761
163.8,0.0493761
163.8,0.0493761
163.8,0.0493761
164.667,0.0093462
164.667,0.0093462
164.667,0.0093462
164.667,0.0093462
164.667,0.0093462
164.667,0.0093462
164.667,0.0093462
164.667,0.0093462
164.667,0.0093462
164.667,0.0093462
164.667,0.0093462
164.667,0.0093462
164.667,0.0093462
165.533,0.00749655
165.533,0.00749655
165.533,0.00749655
165.533,0.00749655
165.533,0.00749655
165.533,0.00749655
165.533,0.00749655
165.533,0.00749655
165.533,0.00749655
165.533,0.00749655
165.533,0.00749655
165.533,0.00749655
165.533,0.00749655
166.4,0.0101691
166.4,0.0101691
166.4,0.0101691
166.4,0.0101691
166.4,0.0101691
166.4,0.0101691
166.4,0.0101691
166.4,0.0101691
166.4,0.0101691
166.4,0.0101691
166.4,0.0101691
166.4,0.0101691
166.4,0.0101691
167.267,0.0214512
167.267,0.0214512
167.267,0.0214512
167.267,0.0214512
167.267,0.0214512
167.267,0.0214512
167.267,0.0214512
167.267,0.0214512
167.267,0.0214512
167.267,0.0214512
167.267,0.0214512
167.267,0.0214512
167.267,0.0214512
168.133,0.0615791
168.133,0.0615791
168.133,0.0615791
168.133,0.0615791
168.133,0.0615791
168.133,0.0615791
168.133,0.0615791
168.133,0.0615791
168.133,0.0615791
168.133,0.0615791
168.133,0.0615791
168.133,0.0615791
168.133,0.0615791
169,0.0709214
169,0.0709214
169,0.0709214
169,0.0709214
169,0.0709214
169,0.0709214
169,0.0709214
169,0.0709214
169,0.0709214
169,0.0709214
169,0.0709214
169,0.0709214
169,0.0709214
169.867,0.0614537
169.867,0.0614537
169.867,0.0614537
169.867,0.0614537
169.867,0.0614537
169.867,0.0614537
169.867,0.0614537
169.867,0.0614537
169.867,0.0614537
169.867,0.0614537
169.867,0.0614537
169.867,0.0614537
169.867,0.0614537
170.733,0.00636404
170.733,0.00636404
170.733,0.00636404
170.733,0.00636404
170.733,0.00636404
170.733,0.00636404
170.733,0.00636404
170.733,0.00636404
170.733,0.00636404
170.733,0.00636404
170.733,0.00636404
170.733,0.00636404
170.733,0.00636404
171.6,0.00193586
171.6,0.00193586
171.6,0.00193586
171.6,0.00193586
171.6,0.00193586
171.6,0.00193586
171.6,0.00193586
171.6,0.00193586
171.6,0.00193586
171.6,0.00193586
171.6,0.00193586
171.6,0.00193586
171.6,0.00193586
172.467,0.00177911
172.467,0.00177911
172.467,0.00177911
172.467,0.00177911
172.467,0.00177911
172.467,0.00177911
172.467,0.00177911
172.467,0.00177911
172.467,0.00177911
172.467,0.00177911
172.467,0.00177911
172.467,0.00177911
172.467,0.00177911
173.333,0.00174776
173.333,0.00174776
173.333,0.00174776
173.333,0.00174776
173.333,0.00174776
173.333,0.00174776
173.333,0.00174776
173.333,0.00174776
173.333,0.00174776
173.333,0.00174776
173.333,0.00174776
173.333,0.00174776
173.333,0.00174776
174.2,0.00205342
174.2,0.00205342
174.2,0.00205342
174.2,0.00205342
174.2,0.00205342
174.2,0.00205342
174.2,0.00205342
174.2,0.00205342
174.2,0.00205342
174.2,0.00205342
174.2,0.00205342
174.2,0.00205342
174.2,0.00205342
175.067,0.0195741
175.067,0.0195741
175.067,0.0195741
175.067,0.0195741
175.067,0.0195741
175.067,0.0195741
175.067,0.0195741
175.067,0.0195741
175.067,0.0195741
175.067,0.0195741
175.067,0.0195741
175.067,0.0195741
175.067,0.0195741
175.933,0.062065
175.933,0.062065
175.933,0.062065
175.933,0.062065
175.933,0.062065
175.933,0.062065
175.933,0.062065
175.933,0.062065
175.933,0.062065
175.933,0.062065
175.933,0.062065
175.933,0.062065
175.933,0.062065
176.8,0.141075
176.8,0.141075
176.8,0.141075
176.8,0.141075
176.8,0.141075
176.8,0.141075
176.8,0.141075
176.8,0.141075
176.8,0.141075
176.8,0.141075
176.8,0.141075
176.8,0.141075
176.8,0.141075
177.667,0.128644
177.667,0.128644
177.667,0.128644
177.667,0.128644
177.667,0.128644
177.667,0.128644
177.667,0.128644
177.667,0.128644
177.667,0.128644
177.667,0.128644
177.667,0.128644
177.667,0.128644
177.667,0.128644
178.533,0.115944
178.533,0.115944
178.533,0.115944
178.533,0.115944
178.533,0.115944
178.533,0.115944
178.533,0.115944
178.533,0.115944
178.533,0.115944
178.533,0.115944
178.533,0.115944
178.533,0.115944
178.533,0.115944
179.4,0.0756004
179.4,0.0756004
179.4,0.0756004
179.4,0.0756004
179.4,0.0756004
179.4,0.0756004
179.4,0.0756004
179.4,0.0756004
179.4,0.0756004
179.4,0.0756004
179.4,0.0756004
179.4,0.0756004
179.4,0.0756004
180.267,0.0344497
180.267,0.0344497
180.267,0.0344497
180.267,0.0344497
180.267,0.0344497
180.267,0.0344497
180.267,0.0344497
180.267,0.0344497
180.267,0.0344497
180.267,0.0344497
180.267,0.0344497
180.267,0.0344497
180.267,0.0344497
181.133,0.035978
181.133,0.035978
181.133,0.035978
181.133,0.035978
181.133,0.035978
181.133,0.035978
181.133,0.035978
181.133,0.035978
181.133,0.035978
181.133,0.035978
181.133,0.035978
181.133,0.035978
181.133,0.035978
182,0.0549251
182,0.0549251
182,0.0549251
182,0.0549251
182,0.0549251
182,0.0549251
182,0.0549251
182,0.0549251
182,0.0549251
182,0.0549251
182,0.0549251
182,0.0549251
182,0.0549251
182.867,0.0805811
182.867,0.0805811
182.867,0.0805811
182.867,0.0805811
182.867,0.0805811
182.867,0.0805811
182.867,0.0805811
182.867,0.0805811
182.867,0.0805811
182.867,0.0805811
182.867,0.0805811
182.867,0.0805811
182.867,0.0805811
183.733,0.0899116
183.733,0.0899116
183.733,0.0899116
183.733,0.0899116
183.733,0.0899116
183.733,0.0899116
183.733,0.0899116
183.733,0.0899116
183.733,0.0899116
183.733,0.0899116
183.733,0.0899116
183.733,0.0899116
183.733,0.0899116
184.6,0.0942927
184.6,0.0942927
184.6,0.0942927
184.6,0.0942927
184.6,0.0942927
184.6,0.0942927
184.6,0.0942927
184.6,0.0942927
184.6,0.0942927
184.6,0.0942927
184.6,0.0942927
184.6,0.0942927
184.6,0.0942927
185.467,0.0973259
185.467,0.0973259
185.467,0.0973259
185.467,0.0973259
185.467,0.0973259
185.467,0.0973259
185.467,0.0973259
185.467,0.0973259
185.467,0.0973259
185.467,0.0973259
185.467,0.0973259
185.467,0.0973259
185.467,0.0973259
186.333,0.0981527
186.333,0.0981527
186.333,0.0981527
186.333,0.0981527
186.333,0.0981527
186.333,0.0981527
186.333,0.0981527
186.333,0.0981527
186.333,0.0981527
186.333,0.0981527
186.333,0.0981527
186.333,0.0981527
186.333,0.0981527
187.2,0.0997555
187.2,0.0997555
187.2,0.0997555
187.2,0.0997555
187.2,0.0997555
187.2,0.0997555
187.2,0.0997555
187.2,0.0997555
187.2,0.0997555
187.2,0.0997555
187.2,0.0997555
187.2,0.0997555
187.2,0.0997555
188.067,0.0997359
188.067,0.0997359
188.067,0.0997359
188.067,0.0997359
188.067,0.0997359
188.067,0.0997359
188.067,0.0997359
188.067,0.0997359
188.067,0.0997359
188.067,0.0997359
188.067,0.0997359
188.067,0.0997359
188.067,0.0997359
188.933,0.0997476
188.933,0.0997476
188.933,0.0997476
188.933,0.0997476
188.933,0.0997476
188.933,0.0997476
188.933,0.0997476
188.933,0.0997476
188.933,0.0997476
188.933,0.0997476
188.933,0.0997476
188.933,0.0997476
188.933,0.0997476
189.8,0.103282
189.8,0.103282
189.8,0.103282
189.8,0.103282
189.8,0.103282
189.8,0.103282
189.8,0.103282
189.8,0.103282
189.8,0.103282
189.8,0.103282
189.8,0.103282
189.8,0.103282
189.8,0.103282
190.667,0.100853
190.667,0.100853
190.667,0.100853
190.667,0.100853
190.667,0.100853
190.667,0.100853
190.667,0.100853
190.667,0.100853
190.667,0.100853
190.667,0.100853
190.667,0.100853
190.667,0.100853
190.667,0.100853
191.533,0.105093
191.533,0.105093
191.533,0.105093
191.533,0.105093
191.533,0.105093
191.533,0.105093
191.533,0.105093
191.533,0.105093
191.533,0.105093
191.533,0.105093
191.533,0.105093
191.533,0.105093
191.533,0.105093
192.4,0.108369
192.4,0.108369
192.4,0.108369
192.4,0.108369
192.4,0.108369
192.4,0.108369
192.4,0.108369
192.4,0.108369
192.4,0.108369
192.4,0.108369
192.4,0.108369
192.4,0.108369
192.4,0.108369
193.267,0.107319
193.267,0.107319
193.267,0.107319
193.267,0.107319
193.267,0.107319
193.267,0.107319
193.267,0.107319
193.267,0.107319
193.267,0.107319
193.267,0.107319
193.267,0.107319
193.267,0.107319
193.267,0.107319
194.133,0.106978
194.133,0.106978
194.133,0.106978
194.133,0.106978
194.133,0.106978
194.133,0.106978
194.133,0.106978
194.133,0.106978
194.133,0.106978
194.133,0.106978
194.133,0.106978
194.133,0.106978
194.133,0.106978
195,0.105798
195,0.105798
195,0.105798
195,0.105798
195,0.105798
195,0.105798
195,0.105798
195,0.105798
195,0.105798
195,0.105798
195,0.105798
195,0.105798
195,0.105798
195.867,0.110673
195.867,0.110673
195.867,0.110673
195.867,0.110673
195.867,0.110673
195.867,0.110673
195.867,0.110673
195.867,0.110673
195.867,0.110673
195.867,0.110673
195.867,0.110673
195.867,0.110673
195.867,0.110673
196.733,0.134562
196.733,0.134562
196.733,0.134562
196.733,0.134562
196.733,0.134562
196.733,0.134562
196.733,0.134562
196.733,0.134562
196.733,0.134562
196.733,0.134562
196.733,0.134562
196.733,0.134562
196.733,0.134562
197.6,0.157396
197.6,0.157396
197.6,0.157396
197.6,0.157396
197.6,0.157396
197.6,0.157396
197.6,0.157396
197.6,0.157396
197.6,0.157396
197.6,0.157396
197.6,0.157396
197.6,0.157396
197.6,0.157396
198.467,0.181892
198.467,0.181892
198.467,0.181892
198.467,0.181892
198.467,0.181892
198.467,0.181892
198.467,0.181892
198.467,0.181892
198.467,0.181892
198.467,0.181892
198.467,0.181892
198.467,0.181892
198.467,0.181892
199.333,0.217431
199.333,0.217431
199.333,0.217431
199.333,0.217431
199.333,0.217431
199.333,0.217431
199.333,0.217431
199.333,0.217431
199.333,0.217431
199.333,0.217431
199.333,0.217431
199.333,0.217431
199.333,0.217431
200.2,0.278732
200.2,0.278732
200.2,0.278732
200.2,0.278732
200.2,0.278732
200.2,0.278732
200.2,0.278732
200.2,0.278732
200.2,0.278732
200.2,0.278732
200.2,0.278732
200.2,0.278732
200.2,0.278732
201.067,0.308907
201.067,0.308907
201.067,0.308907
201.067,0.308907
201.067,0.308907
201.067,0.308907
201.067,0.308907
201.067,0.308907
201.067,0.308907
201.067,0.308907
201.067,0.308907
201.067,0.308907
201.067,0.308907
201.933,0.320573
201.933,0.320573
201.933,0.320573
201.933,0.320573
201.933,0.320573
201.933,0.320573
201.933,0.320573
201.933,0.320573
201.933,0.320573
201.933,0.320573
201.933,0.320573
201.933,0.320573
201.933,0.320573
202.8,0.315267
202.8,0.315267
202.8,0.315267
202.8,0.315267
202.8,0.315267
202.8,0.315267
202.8,0.315267
202.8,0.315267
202.8,0.315267
202.8,0.315267
202.8,0.315267
202.8,0.315267
202.8,0.315267
203.667,0.31239
203.667,0.31239
203.667,0.31239
203.667,0.31239
203.667,0.31239
203.667,0.31239
203.667,0.31239
203.667,0.31239
203.667,0.31239
203.667,0.31239
203.667,0.31239
203.667,0.31239
203.667,0.31239
204.533,0.347459
204.533,0.347459
204.533,0.347459
204.533,0.347459
204.533,0.347459
204.533,0.347459
204.533,0.347459
204.533,0.347459
204.533,0.347459
204.533,0.347459
204.533,0.347459
204.533,0.347459
204.533,0.347459
205.4,0.357236
205.4,0.357236
205.4,0.357236
205.4,0.357236
205.4,0.357236
205.4,0.357236
205.4,0.357236
205.4,0.357236
205.4,0.357236
205.4,0.357236
205.4,0.357236
205.4,0.357236
205.4,0.357236
206.267,0.363193
206.267,0.363193
206.267,0.363193
206.267,0.363193
206.267,0.363193
206.267,0.363193
206.267,0.363193
206.267,0.363193
206.267,0.363193
206.267,0.363193
206.267,0.363193
206.267,0.363193
206.267,0.363193
207.133,0.360893
207.133,0.360893
207.133,0.360893
207.133,0.360893
207.133,0.360893
207.133,0.360893
207.133,0.360893
207.133,0.360893
207.133,0.360893
207.133,0.360893
207.133,0.360893
207.133,0.360893
207.133,0.360893
208,0.348302
208,0.348302
208,0.348302
208,0.348302
208,0.348302
208,0.348302
208,0.348302
208,0.348302
208,0.348302
208,0.348302
208,0.348302
208,0.348302
208,0.348302
208.867,0.355234
208.867,0.355234
208.867,0.355234
208.867,0.355234
208.867,0.355234
208.867,0.355234
208.867,0.355234
208.867,0.355234
208.867,0.355234
208.867,0.355234
208.867,0.355234
208.867,0.355234
208.867,0.355234
209.733,0.362534
209.733,0.362534
209.733,0.362534
209.733,0.362534
209.733,0.362534
209.733,0.362534
209.733,0.362534
209.733,0.362534
209.733,0.362534
209.733,0.362534
209.733,0.362534
209.733,0.362534
209.733,0.362534
210.6,0.371003
210.6,0.371003
210.6,0.371003
210.6,0.371003
210.6,0.371003
210.6,0.371003
210.6,0.371003
210.6,0.371003
210.6,0.371003
210.6,0.371003
210.6,0.371003
210.6,0.371003
210.6,0.371003
211.467,0.370862
211.467,0.370862
211.467,0.370862
211.467,0.370862
211.467,0.370862
211.467,0.370862
211.467,0.370862
211.467,0.370862
211.467,0.370862
211.467,0.370862
211.467,0.370862
211.467,0.370862
211.467,0.370862
212.333,0.378292
212.333,0.378292
212.333,0.378292
212.333,0.378292
212.333,0.378292
212.333,0.378292
212.333,0.378292
212.333,0.378292
212.333,0.378292
212.333,0.378292
212.333,0.378292
212.333,0.378292
212.333,0.378292
213.2,0.399782
213.2,0.399782
213.2,0.399782
213.2,0.399782
213.2,0.399782
213.2,0.399782
213.2,0.399782
213.2,0.399782
213.2,0.399782
213.2,0.399782
213.2,0.399782
213.2,0.399782
213.2,0.399782
214.067,0.409054
214.067,0.409054
214.067,0.409054
214.067,0.409054
214.067,0.409054
214.067,0.409054
214.067,0.409054
214.067,0.409054
214.067,0.409054
214.067,0.409054
214.067,0.409054
214.067,0.409054
214.067,0.409054
214.933,0.413435
214.933,0.413435
214.933,0.413435
214.933,0.413435
214.933,0.413435
214.933,0.413435
214.933,0.413435
214.933,0.413435
214.933,0.413435
214.933,0.413435
214.933,0.413435
214.933,0.413435
214.933,0.413435
215.8,0.412914
215.8,0.412914
215.8,0.412914
215.8,0.412914
215.8,0.412914
215.8,0.412914
215.8,0.412914
215.8,0.412914
215.8,0.412914
215.8,0.412914
215.8,0.412914
215.8,0.412914
215.8,0.412914
216.667,0.413905
216.667,0.413905
216.667,0.413905
216.667,0.413905
216.667,0.413905
216.667,0.413905
216.667,0.413905
216.667,0.413905
216.667,0.413905
216.667,0.413905
216.667,0.413905
216.667,0.413905
216.667,0.413905
217.533,0.414234
217.533,0.414234
217.533,0.414234
217.533,0.414234
217.533,0.414234
217.533,0.414234
217.533,0.414234
217.533,0.414234
217.533,0.414234
217.533,0.414234
217.533,0.414234
217.533,0.414234
217.533,0.414234
218.4,0.420222
218.4,0.420222
218.4,0.420222
218.4,0.420222
218.4,0.420222
218.4,0.420222
218.4,0.420222
218.4,0.420222
218.4,0.420222
218.4,0.420222
218.4,0.420222
218.4,0.420222
218.4,0.420222
219.267,0.407819
219.267,0.407819
219.267,0.407819
219.267,0.407819
219.267,0.407819
219.267,0.407819
219.267,0.407819
219.267,0.407819
219.267,0.407819
219.267,0.407819
219.267,0.407819
219.267,0.407819
219.267,0.407819
220.133,0.40878
220.133,0.40878
220.133,0.40878
220.133,0.40878
220.133,0.40878
220.133,0.40878
220.133,0.40878
220.133,0.40878
220.133,0.40878
220.133,0.40878
220.133,0.40878
220.133,0.40878
220.133,0.40878
221,0.400809
221,0.400809
221,0.400809
221,0.400809
221,0.400809
221,0.400809
221,0.400809
221,0.400809
221,0.400809
221,0.400809
221,0.400809
221,0.400809
221,0.400809
221.867,0.4022
221.867,0.4022
221.867,0.4022
221.867,0.4022
221.867,0.4022
221.867,0.4022
221.867,0.4022
221.867,0.4022
221.867,0.4022
221.867,0.4022
221.867,0.4022
221.867,0.4022
221.867,0.4022
222.733,0.406103
222.733,0.406103
222.733,0.406103
222.733,0.406103
222.733,0.406103
222.733,0.406103
222.733,0.406103
222.733,0.406103
222.733,0.406103
222.733,0.406103
222.733,0.406103
222.733,0.406103
222.733,0.406103
223.6,0.402643
223.6,0.402643
223.6,0.402643
223.6,0.402643
223.6,0.402643
223.6,0.402643
223.6,0.402643
223.6,0.402643
223.6,0.402643
223.6,0.402643
223.6,0.402643
223.6,0.402643
223.6,0.402643
224.467,0.405982
224.467,0.405982
224.467,0.405982
224.467,0.405982
224.467,0.405982
224.467,0.405982
224.467,0.405982
224.467,0.405982
224.467,0.405982
224.467,0.405982
224.467,0.405982
224.467,0.405982
224.467,0.405982
225.333,0.412761
225.333,0.412761
225.333,0.412761
225.333,0.412761
225.333,0.412761
225.333,0.412761
225.333,0.412761
225.333,0.412761
225.333,0.412761
225.333,0.412761
225.333,0.412761
225.333,0.412761
225.333,0.412761
226.2,0.409246
226.2,0.409246
226.2,0.409246
226.2,0.409246
226.2,0.409246
226.2,0.409246
226.2,0.409246
226.2,0.409246
226.2,0.409246
226.2,0.409246
226.2,0.409246
226.2,0.409246
226.2,0.409246
227.067,0.413364
227.067,0.413364
227.067,0.413364
227.067,0.413364
227.067,0.413364
227.067,0.413364
227.067,0.413364
227.067,0.413364
227.067,0.413364
227.067,0.413364
227.067,0.413364
227.067,0.413364
227.067,0.413364
227.933,0.414383
227.933,0.414383
227.933,0.414383
227.933,0.414383
227.933,0.414383
227.933,0.414383
227.933,0.414383
227.933,0.414383
227.933,0.414383
227.933,0.414383
227.933,0.414383
227.933,0.414383
227.933,0.414383
228.8,0.416182
228.8,0.416182
228.8,0.416182
228.8,0.416182
228.8,0.416182
228.8,0.416182
228.8,0.416182
228.8,0.416182
228.8,0.416182
228.8,0.416182
228.8,0.416182
228.8,0.416182
228.8,0.416182
229.667,0.419599
229.667,0.419599
229.667,0.419599
229.667,0.419599
229.667,0.419599
229.667,0.419599
229.667,0.419599
229.667,0.419599
229.667,0.419599
229.667,0.419599
229.667,0.419599
229.667,0.419599
229.667,0.419599
230.533,0.420265
230.533,0.420265
230.533,0.420265
230.533,0.420265
230.533,0.420265
230.533,0.420265
230.533,0.420265
230.533,0.420265
230.533,0.420265
230.533,0.420265
230.533,0.420265
230.533,0.420265
230.533,0.420265
231.4,0.414595
231.4,0.414595
231.4,0.414595
231.4,0.414595
231.4,0.414595
231.4,0.414595
231.4,0.414595
231.4,0.414595
231.4,0.414595
231.4,0.414595
231.4,0.414595
231.4,0.414595
231.4,0.414595
232.267,0.412287
232.267,0.412287
232.267,0.412287
232.267,0.412287
232.267,0.412287
232.267,0.412287
232.267,0.412287
232.267,0.412287
232.267,0.412287
232.267,0.412287
232.267,0.412287
232.267,0.412287
232.267,0.412287
233.133,0.412502
233.133,0.412502
233.133,0.412502
233.133,0.412502
233.133,0.412502
233.133,0.412502
233.133,0.412502
233.133,0.412502
233.133,0.412502
233.133,0.412502
233.133,0.412502
233.133,0.412502
233.133,0.412502
234,0.409955
234,0.409955
234,0.409955
234,0.409955
234,0.409955
234,0.409955
234,0.409955
234,0.409955
234,0.409955
234,0.409955
234,0.409955
234,0.409955
234,0.409955
234.867,0.412063
234.867,0.412063
234.867,0.412063
234.867,0.412063
234.867,0.412063
234.867,0.412063
234.867,0.412063
234.867,0.412063
234.867,0.412063
234.867,0.412063
234.867,0.412063
234.867,0.412063
234.867,0.412063
235.733,0.408842
235.733,0.408842
235.733,0.408842
235.733,0.408842
235.733,0.408842
235.733,0.408842
235.733,0.408842
235.733,0.408842
235.733,0.408842
235.733,0.408842
235.733,0.408842
235.733,0.408842
235.733,0.408842
236.6,0.41646
236.6,0.41646
236.6,0.41646
236.6,0.41646
236.6,0.41646
236.6,0.41646
236.6,0.41646
236.6,0.41646
236.6,0.41646
236.6,0.41646
236.6,0.41646
236.6,0.41646
236.6,0.41646
237.467,0.417612
237.467,0.417612
237.467,0.417612
237.467,0.417612
237.467,0.417612
237.467,0.417612
237.467,0.417612
237.467,0.417612
237.467,0.417612
237.467,0.417612
237.467,0.417612
237.467,0.417612
237.467,0.417612
238.333,0.415006
238.333,0.415006
238.333,0.415006
238.333,0.415006
238.333,0.415006
238.333,0.415006
238.333,0.415006
238.333,0.415006
238.333,0.415006
238.333,0.415006
238.333,0.415006
238.333,0.415006
238.333,0.415006
239.2,0.419591
239.2,0.419591
239.2,0.419591
239.2,0.419591
239.2,0.419591
239.2,0.419591
239.2,0.419591
239.2,0.419591
239.2,0.419591
239.2,0.419591
239.2,0.419591
239.2,0.419591
239.2,0.419591
240.067,0.412306
240.067,0.412306
240.067,0.412306
240.067,0.412306
240.067,0.412306
240.067,0.412306
240.067,0.412306
240.067,0.412306
240.067,0.412306
240.067,0.412306
240.067,0.412306
240.067,0.412306
240.067,0.412306
240.933,0.415014
240.933,0.415014
240.933,0.415014
240.933,0.415014
240.933,0.415014
240.933,0.415014
240.933,0.415014
240.933,0.415014
240.933,0.415014
240.933,0.415014
240.933,0.415014
240.933,0.415014
240.933,0.415014
241.8,0.41523
241.8,0.41523
241.8,0.41523
241.8,0.41523
241.8,0.41523
241.8,0.41523
241.8,0.41523
241.8,0.41523
241.8,0.41523
241.8,0.41523
241.8,0.41523
241.8,0.41523
241.8,0.41523
242.667,0.415633
242.667,0.415633
242.667,0.415633
242.667,0.415633
242.667,0.415633
242.667,0.415633
242.667,0.415633
242.667,0.415633
242.667,0.415633
242.667,0.415633
242.667,0.415633
242.667,0.415633
242.667,0.415633
243.533,0.414618
243.533,0.414618
243.533,0.414618
243.533,0.414618
243.533,0.414618
243.533,0.414618
243.533,0.414618
243.533,0.414618
243.533,0.414618
243.533,0.414618
243.533,0.414618
243.533,0.414618
243.533,0.414618
244.4,0.415492
244.4,0.415492
244.4,0.415492
244.4,0.415492
244.4,0.415492
244.4,0.415492
244.4,0.415492
244.4,0.415492
244.4,0.415492
244.4,0.415492
244.4,0.415492
244.4,0.415492
244.4,0.415492
245.267,0.413435
245.267,0.413435
245.267,0.413435
245.267,0.413435
245.267,0.413435
245.267,0.413435
245.267,0.413435
245.267,0.413435
245.267,0.413435
245.267,0.413435
245.267,0.413435
245.267,0.413435
245.267,0.413435
246.133,0.420642
246.133,0.420642
246.133,0.420642
246.133,0.420642
246.133,0.420642
246.133,0.420642
246.133,0.420642
246.133,0.420642
246.133,0.420642
246.133,0.420642
246.133,0.420642
246.133,0.420642
246.133,0.420642
247,0.41717
247,0.41717
247,0.41717
247,0.41717
247,0.41717
247,0.41717
247,0.41717
247,0.41717
247,0.41717
247,0.41717
247,0.41717
247,0.41717
247,0.41717
247.867,0.420062
247.867,0.420062
247.867,0.420062
247.867,0.420062
247.867,0.420062
247.867,0.420062
247.867,0.420062
247.867,0.420062
247.867,0.420062
247.867,0.420062
247.867,0.420062
247.867,0.420062
247.867,0.420062
248.733,0.419035
248.733,0.419035
248.733,0.419035
248.733,0.419035
248.733,0.419035
248.733,0.419035
248.733,0.419035
248.733,0.419035
248.733,0.419035
248.733,0.419035
248.733,0.419035
248.733,0.419035
248.733,0.419035
249.6,0.414716
249.6,0.414716
249.6,0.414716
249.6,0.414716
249.6,0.414716
249.6,0.414716
249.6,0.414716
249.6,0.414716
249.6,0.414716
249.6,0.414716
249.6,0.414716
249.6,0.414716
249.6,0.414716
250.467,0.41407
250.467,0.41407
250.467,0.41407
250.467,0.41407
250.467,0.41407
250.467,0.41407
250.467,0.41407
250.467,0.41407
250.467,0.41407
250.467,0.41407
250.467,0.41407
250.467,0.41407
250.467,0.41407
251.333,0.401624
251.333,0.401624
251.333,0.401624
251.333,0.401624
251.333,0.401624
251.333,0.401624
251.333,0.401624
251.333,0.401624
251.333,0.401624
251.333,0.401624
251.333,0.401624
251.333,0.401624
251.333,0.401624
252.2,0.417848
252.2,0.417848
252.2,0.417848
252.2,0.417848
252.2,0.417848
252.2,0.417848
252.2,0.417848
252.2,0.417848
252.2,0.417848
252.2,0.417848
252.2,0.417848
252.2,0.417848
252.2,0.417848
253.067,0.427989
253.067,0.427989
253.067,0.427989
253.067,0.427989
253.067,0.427989
253.067,0.427989
253.067,0.427989
253.067,0.427989
253.067,0.427989
253.067,0.427989
253.067,0.427989
253.067,0.427989
253.067,0.427989
253.933,0.433385
253.933,0.433385
253.933,0.433385
253.933,0.433385
253.933,0.433385
253.933,0.433385
253.933,0.433385
253.933,0.433385
253.933,0.433385
253.933,0.433385
253.933,0.433385
253.933,0.433385
253.933,0.433385
254.8,0.442524
254.8,0.442524
254.8,0.442524
254.8,0.442524
254.8,0.442524
254.8,0.442524
254.8,0.442524
254.8,0.442524
254.8,0.442524
254.8,0.442524
254.8,0.442524
254.8,0.442524
254.8,0.442524
255.667,0.446262
255.667,0.446262
255.667,0.446262
255.667,0.446262
255.667,0.446262
255.667,0.446262
255.667,0.446262
255.667,0.446262
255.667,0.446262
255.667,0.446262
255.667,0.446262
255.667,0.446262
255.667,0.446262
256.533,0.441991
256.533,0.441991
256.533,0.441991
256.533,0.441991
256.533,0.441991
256.533,0.441991
256.533,0.441991
256.533,0.441991
256.533,0.441991
256.533,0.441991
256.533,0.441991
256.533,0.441991
256.533,0.441991
257.4,0.44553
257.4,0.44553
257.4,0.44553
257.4,0.44553
257.4,0.44553
257.4,0.44553
257.4,0.44553
257.4,0.44553
257.4,0.44553
257.4,0.44553
257.4,0.44553
257.4,0.44553
257.4,0.44553
258.267,0.443946
258.267,0.443946
258.267,0.443946
258.267,0.443946
258.267,0.443946
258.267,0.443946
258.267,0.443946
258.267,0.443946
258.267,0.443946
258.267,0.443946
258.267,0.443946
258.267,0.443946
258.267,0.443946
259.133,0.444048
259.133,0.444048
259.133,0.444048
259.133,0.444048
259.133,0.444048
259.133,0.444048
259.133,0.444048
259.133,0.444048
259.133,0.444048
259.133,0.444048
259.133,0.444048
259.133,0.444048
259.133,0.444048
260,0.434197
260,0.434197
260,0.434197
260,0.434197
260,0.434197
260,0.434197
260,0.434197
260,0.434197
260,0.434197
260,0.434197
260,0.434197
260,0.434197
260,0.434197
260.867,0.442477
260.867,0.442477
260.867,0.442477
260.867,0.442477
260.867,0.442477
260.867,0.442477
260.867,0.442477
260.867,0.442477
260.867,0.442477
260.867,0.442477
260.867,0.442477
260.867,0.442477
260.867,0.442477
261.733,0.440447
261.733,0.440447
261.733,0.440447
261.733,0.440447
261.733,0.440447
261.733,0.440447
261.733,0.440447
261.733,0.440447
261.733,0.440447
261.733,0.440447
261.733,0.440447
261.733,0.440447
261.733,0.440447
262.6,0.440212
262.6,0.440212
262.6,0.440212
262.6,0.440212
262.6,0.440212
262.6,0.440212
262.6,0.440212
262.6,0.440212
262.6,0.440212
262.6,0.440212
262.6,0.440212
262.6,0.440212
262.6,0.440212
263.467,0.441419
263.467,0.441419
263.467,0.441419
263.467,0.441419
263.467,0.441419
263.467,0.441419
263.467,0.441419
263.467,0.441419
263.467,0.441419
263.467,0.441419
263.467,0.441419
263.467,0.441419
263.467,0.441419
264.333,0.441493
264.333,0.441493
264.333,0.441493
264.333,0.441493
264.333,0.441493
264.333,0.441493
264.333,0.441493
264.333,0.441493
264.333,0.441493
264.333,0.441493
264.333,0.441493
264.333,0.441493
264.333,0.441493
265.2,0.438268
265.2,0.438268
265.2,0.438268
265.2,0.438268
265.2,0.438268
265.2,0.438268
265.2,0.438268
265.2,0.438268
265.2,0.438268
265.2,0.438268
265.2,0.438268
265.2,0.438268
265.2,0.438268
266.067,0.439965
266.067,0.439965
266.067,0.439965
266.067,0.439965
266.067,0.439965
266.067,0.439965
266.067,0.439965
266.067,0.439965
266.067,0.439965
266.067,0.439965
266.067,0.439965
266.067,0.439965
266.067,0.439965
266.933,0.439322
266.933,0.439322
266.933,0.439322
266.933,0.439322
266.933,0.439322
266.933,0.439322
266.933,0.439322
266.933,0.439322
266.933,0.439322
266.933,0.439322
266.933,0.439322
266.933,0.439322
266.933,0.439322
267.8,0.43926
267.8,0.43926
267.8,0.43926
267.8,0.43926
267.8,0.43926
267.8,0.43926
267.8,0.43926
267.8,0.43926
267.8,0.43926
267.8,0.43926
267.8,0.43926
267.8,0.43926
267.8,0.43926
268.667,0.43067
268.667,0.43067
268.667,0.43067
268.667,0.43067
268.667,0.43067
268.667,0.43067
268.667,0.43067
268.667,0.43067
268.667,0.43067
268.667,0.43067
268.667,0.43067
268.667,0.43067
268.667,0.43067
269.533,0.435764
269.533,0.435764
269.533,0.435764
269.533,0.435764
269.533,0.435764
269.533,0.435764
269.533,0.435764
269.533,0.435764
269.533,0.435764
269.533,0.435764
269.533,0.435764
269.533,0.435764
269.533,0.435764
270.4,0.437998
270.4,0.437998
270.4,0.437998
270.4,0.437998
270.4,0.437998
270.4,0.437998
270.4,0.437998
270.4,0.437998
270.4,0.437998
270.4,0.437998
270.4,0.437998
270.4,0.437998
270.4,0.437998
271.267,0.433871
271.267,0.433871
271.267,0.433871
271.267,0.433871
271.267,0.433871
271.267,0.433871
271.267,0.433871
271.267,0.433871
271.267,0.433871
271.267,0.433871
271.267,0.433871
271.267,0.433871
271.267,0.433871
272.133,0.435113
272.133,0.435113
272.133,0.435113
272.133,0.435113
272.133,0.435113
272.133,0.435113
272.133,0.435113
272.133,0.435113
272.133,0.435113
272.133,0.435113
272.133,0.435113
272.133,0.435113
272.133,0.435113
273,0.435494
273,0.435494
273,0.435494
273,0.435494
273,0.435494
273,0.435494
273,0.435494
273,0.435494
273,0.435494
273,0.435494
273,0.435494
273,0.435494
273,0.435494
273.867,0.438817
273.867,0.438817
273.867,0.438817
273.867,0.438817
273.867,0.438817
273.867,0.438817
273.867,0.438817
273.867,0.438817
273.867,0.438817
273.867,0.438817
273.867,0.438817
273.867,0.438817
273.867,0.438817
274.733,0.435619
274.733,0.435619
274.733,0.435619
274.733,0.435619
274.733,0.435619
274.733,0.435619
274.733,0.435619
274.733,0.435619
274.733,0.435619
274.733,0.435619
274.733,0.435619
274.733,0.435619
274.733,0.435619
275.6,0.439118
275.6,0.439118
275.6,0.439118
275.6,0.439118
275.6,0.439118
275.6,0.439118
275.6,0.439118
275.6,0.439118
275.6,0.439118
275.6,0.439118
275.6,0.439118
275.6,0.439118
275.6,0.439118
276.467,0.446556
276.467,0.446556
276.467,0.446556
276.467,0.446556
276.467,0.446556
276.467,0.446556
276.467,0.446556
276.467,0.446556
276.467,0.446556
276.467,0.446556
276.467,0.446556
276.467,0.446556
276.467,0.446556
277.333,0.451717
277.333,0.451717
277.333,0.451717
277.333,0.451717
277.333,0.451717
277.333,0.451717
277.333,0.451717
277.333,0.451717
277.333,0.451717
277.333,0.451717
277.333,0.451717
277.333,0.451717
277.333,0.451717
278.2,0.47077
278.2,0.47077
278.2,0.47077
278.2,0.47077
278.2,0.47077
278.2,0.47077
278.2,0.47077
278.2,0.47077
278.2,0.47077
278.2,0.47077
278.2,0.47077
278.2,0.47077
278.2,0.47077
279.067,0.461949
279.067,0.461949
279.067,0.461949
279.067,0.461949
279.067,0.461949
279.067,0.461949
279.067,0.461949
279.067,0.461949
279.067,0.461949
279.067,0.461949
279.067,0.461949
279.067,0.461949
279.067,0.461949
279.933,0.443456
279.933,0.443456
279.933,0.443456
279.933,0.443456
279.933,0.443456
279.933,0.443456
279.933,0.443456
279.933,0.443456
279.933,0.443456
279.933,0.443456
279.933,0.443456
279.933,0.443456
279.933,0.443456
280.8,0.44629
280.8,0.44629
280.8,0.44629
280.8,0.44629
280.8,0.44629
280.8,0.44629
280.8,0.44629
280.8,0.44629
280.8,0.44629
280.8,0.44629
280.8,0.44629
280.8,0.44629
280.8,0.44629
281.667,0.414756
281.667,0.414756
281.667,0.414756
281.667,0.414756
281.667,0.414756
281.667,0.414756
281.667,0.414756
281.667,0.414756
281.667,0.414756
281.667,0.414756
281.667,0.414756
281.667,0.414756
281.667,0.414756
282.533,0.402678
282.533,0.402678
282.533,0.402678
282.533,0.402678
282.533,0.402678
282.533,0.402678
282.533,0.402678
282.533,0.402678
282.533,0.402678
282.533,0.402678
282.533,0.402678
282.533,0.402678
282.533,0.402678
283.4,0.364251
283.4,0.364251
283.4,0.364251
283.4,0.364251
283.4,0.364251
283.4,0.364251
283.4,0.364251
283.4,0.364251
283.4,0.364251
283.4,0.364251
283.4,0.364251
283.4,0.364251
283.4,0.364251
284.267,0.357248
284.267,0.357248
284.267,0.357248
284.267,0.357248
284.267,0.357248
284.267,0.357248
284.267,0.357248
284.267,0.357248
284.267,0.357248
284.267,0.357248
284.267,0.357248
284.267,0.357248
284.267,0.357248
285.133,0.344191
285.133,0.344191
285.133,0.344191
285.133,0.344191
285.133,0.344191
285.133,0.344191
285.133,0.344191
285.133,0.344191
285.133,0.344191
285.133,0.344191
285.133,0.344191
285.133,0.344191
285.133,0.344191
286,0.325828
286,0.325828
286,0.325828
286,0.325828
286,0.325828
286,0.325828
286,0.325828
286,0.325828
286,0.325828
286,0.325828
286,0.325828
286,0.325828
286,0.325828
286.867,0.338752
286.867,0.338752
286.867,0.338752
286.867,0.338752
286.867,0.338752
286.867,0.338752
286.867,0.338752
286.867,0.338752
286.867,0.338752
286.867,0.338752
286.867,0.338752
286.867,0.338752
286.867,0.338752
287.733,0.337721
287.733,0.337721
287.733,0.337721
287.733,0.337721
287.733,0.337721
287.733,0.337721
287.733,0.337721
287.733,0.337721
287.733,0.337721
287.733,0.337721
287.733,0.337721
287.733,0.337721
287.733,0.337721
288.6,0.27526
288.6,0.27526
288.6,0.27526
288.6,0.27526
288.6,0.27526
288.6,0.27526
288.6,0.27526
288.6,0.27526
288.6,0.27526
288.6,0.27526
288.6,0.27526
288.6,0.27526
288.6,0.27526
289.467,0.264115
289.467,0.264115
289.467,0.264115
289.467,0.264115
289.467,0.264115
289.467,0.264115
289.467,0.264115
289.467,0.264115
289.467,0.264115
289.467,0.264115
289.467,0.264115
289.467,0.264115
289.467,0.264115
290.333,0.274116
290.333,0.274116
290.333,0.274116
290.333,0.274116
290.333,0.274116
290.333,0.274116
290.333,0.274116
290.333,0.274116
290.333,0.274116
290.333,0.274116
290.333,0.274116
290.333,0.274116
290.333,0.274116
291.2,0.279442
291.2,0.279442
291.2,0.279442
291.2,0.279442
291.2,0.279442
291.2,0.279442
291.2,0.279442
291.2,0.279442
291.2,0.279442
291.2,0.279442
291.2,0.279442
291.2,0.279442
291.2,0.279442
292.067,0.267054
292.067,0.267054
292.067,0.267054
292.067,0.267054
292.067,0.267054
292.067,0.267054
292.067,0.267054
292.067,0.267054
292.067,0.267054
292.067,0.267054
292.067,0.267054
292.067,0.267054
292.067,0.267054
292.933,0.246779
292.933,0.246779
292.933,0.246779
292.933,0.246779
292.933,0.246779
292.933,0.246779
292.933,0.246779
292.933,0.246779
292.933,0.246779
292.933,0.246779
292.933,0.246779
292.933,0.246779
292.933,0.246779
293.8,0.23851
293.8,0.23851
293.8,0.23851
293.8,0.23851
293.8,0.23851
293.8,0.23851
293.8,0.23851
293.8,0.23851
293.8,0.23851
293.8,0.23851
293.8,0.23851
293.8,0.23851
293.8,0.23851
294.667,0.272035
294.667,0.272035
294.667,0.272035
294.667,0.272035
294.667,0.272035
294.667,0.272035
294.667,0.272035
294.667,0.272035
294.667,0.272035
294.667,0.272035
294.667,0.272035
294.667,0.272035
294.667,0.272035
295.533,0.305458
295.533,0.305458
295.533,0.305458
295.533,0.305458
295.533,0.305458
295.533,0.305458
295.533,0.305458
295.533,0.305458
295.533,0.305458
295.533,0.305458
295.533,0.305458
295.533,0.305458
295.533,0.305458
296.4,0.303169
296.4,0.303169
296.4,0.303169
296.4,0.303169
296.4,0.303169
296.4,0.303169
296.4,0.303169
296.4,0.303169
296.4,0.303169
296.4,0.303169
296.4,0.303169
296.4,0.303169
296.4,0.303169
297.267,0.316525
297.267,0.316525
297.267,0.316525
297.267,0.316525
297.267,0.316525
297.267,0.316525
297.267,0.316525
297.267,0.316525
297.267,0.316525
297.267,0.316525
297.267,0.316525
297.267,0.316525
297.267,0.316525
298.133,0.27169
298.133,0.27169
298.133,0.27169
298.133,0.27169
298.133,0.27169
298.133,0.27169
298.133,0.27169
298.133,0.27169
298.133,0.27169
298.133,0.27169
298.133,0.27169
298.133,0.27169
298.133,0.27169
299,0.250843
299,0.250843
299,0.250843
299,0.250843
299,0.250843
299,0.250843
299,0.250843
299,0.250843
299,0.250843
299,0.250843
299,0.250843
299,0.250843
299,0.250843
299.867,0.24797
299.867,0.24797
299.867,0.24797
299.867,0.24797
299.867,0.24797
299.867,0.24797
299.867,0.24797
299.867,0.24797
299.867,0.24797
299.867,0.24797
299.867,0.24797
299.867,0.24797
299.867,0.24797
300.733,0.258257
300.733,0.258257
300.733,0.258257
300.733,0.258257
300.733,0.258257
300.733,0.258257
300.733,0.258257
300.733,0.258257
300.733,0.258257
300.733,0.258257
300.733,0.258257
300.733,0.258257
300.733,0.258257
301.6,0.292761
301.6,0.292761
301.6,0.292761
301.6,0.292761
301.6,0.292761
301.6,0.292761
301.6,0.292761
301.6,0.292761
301.6,0.292761
301.6,0.292761
301.6,0.292761
301.6,0.292761
301.6,0.292761
302.467,0.305826
302.467,0.305826
302.467,0.305826
302.467,0.305826
302.467,0.305826
302.467,0.305826
302.467,0.305826
302.467,0.305826
302.467,0.305826
302.467,0.305826
302.467,0.305826
302.467,0.305826
302.467,0.305826
303.333,0.293431
303.333,0.293431
303.333,0.293431
303.333,0.293431
303.333,0.293431
303.333,0.293431
303.333,0.293431
303.333,0.293431
303.333,0.293431
303.333,0.293431
303.333,0.293431
303.333,0.293431
303.333,0.293431
304.2,0.325839
304.2,0.325839
304.2,0.325839
304.2,0.325839
304.2,0.325839
304.2,0.325839
304.2,0.325839
304.2,0.325839
304.2,0.325839
304.2,0.325839
304.2,0.325839
304.2,0.325839
304.2,0.325839
305.067,0.338787
305.067,0.338787
305.067,0.338787
305.067,0.338787
305.067,0.338787
305.067,0.338787
305.067,0.338787
305.067,0.338787
305.067,0.338787
305.067,0.338787
305.067,0.338787
305.067,0.338787
305.067,0.338787
305.933,0.331815
305.933,0.331815
305.933,0.331815
305.933,0.331815
305.933,0.331815
305.933,0.331815
305.933,0.331815
305.933,0.331815
305.933,0.331815
305.933,0.331815
305.933,0.331815
305.933,0.331815
305.933,0.331815
306.8,0.292687
306.8,0.292687
306.8,0.292687
306.8,0.292687
306.8,0.292687
306.8,0.292687
306.8,0.292687
306.8,0.292687
306.8,0.292687
306.8,0.292687
306.8,0.292687
306.8,0.292687
306.8,0.292687
307.667,0.253417
307.667,0.253417
307.667,0.253417
307.667,0.253417
307.667,0.253417
307.667,0.253417
307.667,0.253417
307.667,0.253417
307.667,0.253417
307.667,0.253417
307.667,0.253417
307.667,0.253417
307.667,0.253417
308.533,0.226178
308.533,0.226178
308.533,0.226178
308.533,0.226178
308.533,0.226178
308.533,0.226178
308.533,0.226178
308.533,0.226178
308.533,0.226178
308.533,0.226178
308.533,0.226178
308.533,0.226178
308.533,0.226178
309.4,0.239862
309.4,0.239862
309.4,0.239862
309.4,0.239862
309.4,0.239862
309.4,0.239862
309.4,0.239862
309.4,0.239862
309.4,0.239862
309.4,0.239862
309.4,0.239862
309.4,0.239862
309.4,0.239862
310.267,0.247472
310.267,0.247472
310.267,0.247472
310.267,0.247472
310.267,0.247472
310.267,0.247472
310.267,0.247472
310.267,0.247472
310.267,0.247472
310.267,0.247472
310.267,0.247472
310.267,0.247472
310.267,0.247472
311.133,0.204049
311.133,0.204049
311.133,0.204049
311.133,0.204049
311.133,0.204049
311.133,0.204049
311.133,0.204049
311.133,0.204049
311.133,0.204049
311.133,0.204049
311.133,0.204049
311.133,0.204049
311.133,0.204049
312,0.162095
312,0.162095
312,0.162095
312,0.162095
312,0.162095
312,0.162095
312,0.162095
312,0.162095
312,0.162095
312,0.162095
312,0.162095
312,0.162095
312,0.162095
312.867,0.16454
312.867,0.16454
312.867,0.16454
312.867,0.16454
312.867,0.16454
312.867,0.16454
312.867,0.16454
312.867,0.16454
312.867,0.16454
312.867,0.16454
312.867,0.16454
312.867,0.16454
312.867,0.16454
313.733,0.174596
313.733,0.174596
313.733,0.174596
313.733,0.174596
313.733,0.174596
313.733,0.174596
313.733,0.174596
313.733,0.174596
313.733,0.174596
313.733,0.174596
313.733,0.174596
313.733,0.174596
313.733,0.174596
314.6,0.234686
314.6,0.234686
314.6,0.234686
314.6,0.234686
314.6,0.234686
314.6,0.234686
314.6,0.234686
314.6,0.234686
314.6,0.234686
314.6,0.234686
314.6,0.234686
314.6,0.234686
314.6,0.234686
315.467,0.232977
315.467,0.232977
315.467,0.232977
315.467,0.232977
315.467,0.232977
315.467,0.232977
315.467,0.232977
315.467,0.232977
315.467,0.232977
315.467,0.232977
315.467,0.232977
315.467,0.232977
315.467,0.232977
316.333,0.201858
316.333,0.201858
316.333,0.201858
316.333,0.201858
316.333,0.201858
316.333,0.201858
316.333,0.201858
316.333,0.201858
316.333,0.201858
316.333,0.201858
316.333,0.201858
316.333,0.201858
316.333,0.201858
317.2,0.140628
317.2,0.140628
317.2,0.140628
317.2,0.140628
317.2,0.140628
317.2,0.140628
317.2,0.140628
317.2,0.140628
317.2,0.140628
317.2,0.140628
317.2,0.140628
317.2,0.140628
317.2,0.140628
318.067,0.0788607
318.067,0.0788607
318.067,0.0788607
318.067,0.0788607
318.067,0.0788607
318.067,0.0788607
318.067,0.0788607
318.067,0.0788607
318.067,0.0788607
318.067,0.0788607
318.067,0.0788607
318.067,0.0788607
318.067,0.0788607
318.933,0.0148285
318.933,0.0148285
318.933,0.0148285
318.933,0.0148285
318.933,0.0148285
318.933,0.0148285
318.933,0.0148285
318.933,0.0148285
318.933,0.0148285
318.933,0.0148285
318.933,0.0148285
318.933,0.0148285
318.933,0.0148285
319.8,0.00105022
319.8,0.00105022
319.8,0.00105022
319.8,0.00105022
319.8,0.00105022
319.8,0.00105022
319.8,0.00105022
319.8,0.00105022
319.8,0.00105022
319.8,0.00105022
319.8,0.00105022
319.8,0.00105022
319.8,0.00105022
320.667,0.00071713
320.667,0.00071713
320.667,0.00071713
320.667,0.00071713
320.667,0.00071713
320.667,0.00071713
320.667,0.00071713
320.667,0.00071713
320.667,0.00071713
320.667,0.00071713
320.667,0.00071713
320.667,0.00071713
320.667,0.00071713
321.533,0.00162628
321.533,0.00162628
321.533,0.00162628
321.533,0.00162628
321.533,0.00162628
321.533,0.00162628
321.533,0.00162628
321.533,0.00162628
321.533,0.00162628
321.533,0.00162628
321.533,0.00162628
321.533,0.00162628
321.533,0.00162628
322.4,0.00200248
322.4,0.00200248
322.4,0.00200248
322.4,0.00200248
322.4,0.00200248
322.4,0.00200248
322.4,0.00200248
322.4,0.00200248
322.4,0.00200248
322.4,0.00200248
322.4,0.00200248
322.4,0.00200248
322.4,0.00200248
323.267,0.00263731
323.267,0.00263731
323.267,0.00263731
323.267,0.00263731
323.267,0.00263731
323.267,0.00263731
323.267,0.00263731
323.267,0.00263731
323.267,0.00263731
323.267,0.00263731
323.267,0.00263731
323.267,0.00263731
323.267,0.00263731
324.133,0.00329174
324.133,0.00329174
324.133,0.00329174
324.133,0.00329174
324.133,0.00329174
324.133,0.00329174
324.133,0.00329174
324.133,0.00329174
324.133,0.00329174
324.133,0.00329174
324.133,0.00329174
324.133,0.00329174
324.133,0.00329174
325,0.00262556
325,0.00262556
325,0.00262556
325,0.00262556
325,0.00262556
325,0.00262556
325,0.00262556
325,0.00262556
325,0.00262556
325,0.00262556
325,0.00262556
325,0.00262556
325,0.00262556
325.867,0.00251583
325.867,0.00251583
325.867,0.00251583
325.867,0.00251583
325.867,0.00251583
325.867,0.00251583
325.867,0.00251583
325.867,0.00251583
325.867,0.00251583
325.867,0.00251583
325.867,0.00251583
325.867,0.00251583
325.867,0.00251583
326.733,0.00183789
326.733,0.00183789
326.733,0.00183789
326.733,0.00183789
326.733,0.00183789
326.733,0.00183789
326.733,0.00183789
326.733,0.00183789
326.733,0.00183789
326.733,0.00183789
326.733,0.00183789
326.733,0.00183789
326.733,0.00183789
327.6,0.00188883
327.6,0.00188883
327.6,0.00188883
327.6,0.00188883
327.6,0.00188883
327.6,0.00188883
327.6,0.00188883
327.6,0.00188883
327.6,0.00188883
327.6,0.00188883
327.6,0.00188883
327.6,0.00188883
327.6,0.00188883
328.467,0.0602506
328.467,0.0602506
328.467,0.0602506
328.467,0.0602506
328.467,0.0602506
328.467,0.0602506
328.467,0.0602506
328.467,0.0602506
328.467,0.0602506
328.467,0.0602506
328.467,0.0602506
328.467,0.0602506
328.467,0.0602506
329.333,0.100684
329.333,0.100684
329.333,0.100684
329.333,0.100684
329.333,0.100684
329.333,0.100684
329.333,0.100684
329.333,0.100684
329.333,0.100684
329.333,0.100684
329.333,0.100684
329.333,0.100684
329.333,0.100684
330.2,0.0744718
330.2,0.0744718
330.2,0.0744718
330.2,0.0744718
330.2,0.0744718
330.2,0.0744718
330.2,0.0744718
330.2,0.0744718
330.2,0.0744718
330.2,0.0744718
330.2,0.0744718
330.2,0.0744718
330.2,0.0744718
331.067,0.0439761
331.067,0.0439761
331.067,0.0439761
331.067,0.0439761
331.067,0.0439761
331.067,0.0439761
331.067,0.0439761
331.067,0.0439761
331.067,0.0439761
331.067,0.0439761
331.067,0.0439761
331.067,0.0439761
331.067,0.0439761
331.933,0.0771757
331.933,0.0771757
331.933,0.0771757
331.933,0.0771757
331.933,0.0771757
331.933,0.0771757
331.933,0.0771757
331.933,0.0771757
331.933,0.0771757
331.933,0.0771757
331.933,0.0771757
331.933,0.0771757
331.933,0.0771757
332.8,0.0855735
332.8,0.0855735
332.8,0.0855735
332.8,0.0855735
332.8,0.0855735
332.8,0.0855735
332.8,0.0855735
332.8,0.0855735
332.8,0.0855735
332.8,0.0855735
332.8,0.0855735
332.8,0.0855735
332.8,0.0855735
333.667,0.0658858
333.667,0.0658858
333.667,0.0658858
333.667,0.0658858
333.667,0.0658858
333.667,0.0658858
333.667,0.0658858
333.667,0.0658858
333.667,0.0658858
333.667,0.0658858
333.667,0.0658858
333.667,0.0658858
333.667,0.0658858
334.533,0.0113056
334.533,0.0113056
334.533,0.0113056
334.533,0.0113056
334.533,0.0113056
334.533,0.0113056
334.533,0.0113056
334.533,0.0113056
334.533,0.0113056
334.533,0.0113056
334.533,0.0113056
334.533,0.0113056
334.533,0.0113056
335.4,0.00902094
335.4,0.00902094
335.4,0.00902094
335.4,0.00902094
335.4,0.00902094
335.4,0.00902094
335.4,0.00902094
335.4,0.00902094
335.4,0.00902094
335.4,0.00902094
335.4,0.00902094
335.4,0.00902094
335.4,0.00902094
336.267,0.0108118
336.267,0.0108118
336.267,0.0108118
336.267,0.0108118
336.267,0.0108118
336.267,0.0108118
336.267,0.0108118
336.267,0.0108118
336.267,0.0108118
336.267,0.0108118
336.267,0.0108118
336.267,0.0108118
336.267,0.0108118
337.133,0.0292965
337.133,0.0292965
337.133,0.0292965
337.133,0.0292965
337.133,0.0292965
337.133,0.0292965
337.133,0.0292965
337.133,0.0292965
337.133,0.0292965
337.133,0.0292965
337.133,0.0292965
337.133,0.0292965
337.133,0.0292965
338,0.092255
338,0.092255
338,0.092255
338,0.092255
338,0.092255
338,0.092255
338,0.092255
338,0.092255
338,0.092255
338,0.092255
338,0.092255
338,0.092255
338,0.092255
338.867,0.0900056
338.867,0.0900056
338.867,0.0900056
338.867,0.0900056
338.867,0.0900056
338.867,0.0900056
338.867,0.0900056
338.867,0.0900056
338.867,0.0900056
338.867,0.0900056
338.867,0.0900056
338.867,0.0900056
338.867,0.0900056
339.733,0.0675944
339.733,0.0675944
339.733,0.0675944
339.733,0.0675944
339.733,0.0675944
339.733,0.0675944
339.733,0.0675944
339.733,0.0675944
339.733,0.0675944
339.733,0.0675944
339.733,0.0675944
339.733,0.0675944
339.733,0.0675944
340.6,0.0390934
340.6,0.0390934
340.6,0.0390934
340.6,0.0390934
340.6,0.0390934
340.6,0.0390934
340.6,0.0390934
340.6,0.0390934
340.6,0.0390934
340.6,0.0390934
340.6,0.0390934
340.6,0.0390934
340.6,0.0390934
341.467,0.00108157
341.467,0.00108157
341.467,0.00108157
341.467,0.00108157
341.467,0.00108157
341.467,0.00108157
341.467,0.00108157
341.467,0.00108157
341.467,0.00108157
341.467,0.00108157
341.467,0.00108157
341.467,0.00108157
341.467,0.00108157
342.333,0.00266083
342.333,0.00266083
342.333,0.00266083
342.333,0.00266083
342.333,0.00266083
342.333,0.00266083
342.333,0.00266083
342.333,0.00266083
342.333,0.00266083
342.333,0.00266083
342.333,0.00266083
342.333,0.00266083
342.333,0.00266083
343.2,0.00270001
343.2,0.00270001
343.2,0.00270001
343.2,0.00270001
343.2,0.00270001
343.2,0.00270001
343.2,0.00270001
343.2,0.00270001
343.2,0.00270001
343.2,0.00270001
343.2,0.00270001
343.2,0.00270001
343.2,0.00270001
344.067,0.00260204
344.067,0.00260204
344.067,0.00260204
344.067,0.00260204
344.067,0.00260204
344.067,0.00260204
344.067,0.00260204
344.067,0.00260204
344.067,0.00260204
344.067,0.00260204
344.067,0.00260204
344.067,0.00260204
344.067,0.00260204
344.933,0.00262164
344.933,0.00262164
344.933,0.00262164
344.933,0.00262164
344.933,0.00262164
344.933,0.00262164
344.933,0.00262164
344.933,0.00262164
344.933,0.00262164
344.933,0.00262164
344.933,0.00262164
344.933,0.00262164
344.933,0.00262164
345.8,0.00289595
345.8,0.00289595
345.8,0.00289595
345.8,0.00289595
345.8,0.00289595
345.8,0.00289595
345.8,0.00289595
345.8,0.00289595
345.8,0.00289595
345.8,0.00289595
345.8,0.00289595
345.8,0.00289595
345.8,0.00289595
346.667,0.00239043
346.667,0.00239043
346.667,0.00239043
346.667,0.00239043
346.667,0.00239043
346.667,0.00239043
346.667,0.00239043
346.667,0.00239043
346.667,0.00239043
346.667,0.00239043
346.667,0.00239043
346.667,0.00239043
346.667,0.00239043
347.533,0.00244529
347.533,0.00244529
347.533,0.00244529
347.533,0.00244529
347.533,0.00244529
347.533,0.00244529
347.533,0.00244529
347.533,0.00244529
347.533,0.00244529
347.533,0.00244529
347.533,0.00244529
347.533,0.00244529
347.533,0.00244529
348.4,0.00220233
348.4,0.00220233
348.4,0.00220233
348.4,0.00220233
348.4,0.00220233
348.4,0.00220233
348.4,0.00220233
348.4,0.00220233
348.4,0.00220233
348.4,0.00220233
348.4,0.00220233
348.4,0.00220233
348.4,0.00220233
349.267,0.00203383
349.267,0.00203383
349.267,0.00203383
349.267,0.00203383
349.267,0.00203383
349.267,0.00203383
349.267,0.00203383
349.267,0.00203383
349.267,0.00203383
349.267,0.00203383
349.267,0.00203383
349.267,0.00203383
349.267,0.00203383
350.133,0.00229246
350.133,0.00229246
350.133,0.00229246
350.133,0.00229246
350.133,0.00229246
350.133,0.00229246
350.133,0.00229246
350.133,0.00229246
350.133,0.00229246
350.133,0.00229246
350.133,0.00229246
350.133,0.00229246
350.133,0.00229246
351,0.0532635
351,0.0532635
351,0.0532635
351,0.0532635
351,0.0532635
351,0.0532635
351,0.0532635
351,0.0532635
351,0.0532635
351,0.0532635
351,0.0532635
351,0.0532635
351,0.0532635
351.867,0.0587302
351.867,0.0587302
351.867,0.0587302
351.867,0.0587302
351.867,0.0587302
351.867,0.0587302
351.867,0.0587302
351.867,0.0587302
351.867,0.0587302
351.867,0.0587302
351.867,0.0587302
351.867,0.0587302
351.867,0.0587302
352.733,0.0805145
352.733,0.0805145
352.733,0.0805145
352.733,0.0805145
352.733,0.0805145
352.733,0.0805145
352.733,0.0805145
352.733,0.0805145
352.733,0.0805145
352.733,0.0805145
352.733,0.0805145
352.733,0.0805145
352.733,0.0805145
353.6,0.108486
353.6,0.108486
353.6,0.108486
353.6,0.108486
353.6,0.108486
353.6,0.108486
353.6,0.108486
353.6,0.108486
353.6,0.108486
353.6,0.108486
353.6,0.108486
353.6,0.108486
353.6,0.108486
354.467,0.111794
354.467,0.111794
354.467,0.111794
354.467,0.111794
354.467,0.111794
354.467,0.111794
354.467,0.111794
354.467,0.111794
354.467,0.111794
354.467,0.111794
354.467,0.111794
354.467,0.111794
354.467,0.111794
355.333,0.12616
355.333,0.12616
355.333,0.12616
355.333,0.12616
355.333,0.12616
355.333,0.12616
355.333,0.12616
355.333,0.12616
355.333,0.12616
355.333,0.12616
355.333,0.12616
355.333,0.12616
355.333,0.12616
356.2,0.148011
356.2,0.148011
356.2,0.148011
356.2,0.148011
356.2,0.148011
356.2,0.148011
356.2,0.148011
356.2,0.148011
356.2,0.148011
356.2,0.148011
356.2,0.148011
356.2,0.148011
356.2,0.148011
357.067,0.179909
357.067,0.179909
357.067,0.179909
357.067,0.179909
357.067,0.179909
357.067,0.179909
357.067,0.179909
357.067,0.179909
357.067,0.179909
357.067,0.179909
357.067,0.179909
357.067,0.179909
357.067,0.179909
357.933,0.196482
357.933,0.196482
357.933,0.196482
357.933,0.196482
357.933,0.196482
357.933,0.196482
357.933,0.196482
357.933,0.196482
357.933,0.196482
357.933,0.196482
357.933,0.196482
357.933,0.196482
357.933,0.196482
358.8,0.198375
358.8,0.198375
358.8,0.198375
358.8,0.198375
358.8,0.198375
358.8,0.198375
358.8,0.198375
358.8,0.198375
358.8,0.198375
358.8,0.198375
358.8,0.198375
358.8,0.198375
358.8,0.198375
359.667,0.230571
359.667,0.230571
359.667,0.230571
359.667,0.230571
359.667,0.230571
359.667,0.230571
359.667,0.230571
359.667,0.230571
359.667,0.230571
359.667,0.230571
359.667,0.230571
359.667,0.230571
359.667,0.230571
360.533,0.23641
360.533,0.23641
360.533,0.23641
360.533,0.23641
360.533,0.23641
360.533,0.23641
360.533,0.23641
360.533,0.23641
360.533,0.23641
360.533,0.23641
360.533,0.23641
360.533,0.23641
360.533,0.23641
361.4,0.271099
361.4,0.271099
361.4,0.271099
361.4,0.271099
361.4,0.271099
361.4,0.271099
361.4,0.271099
361.4,0.271099
361.4,0.271099
361.4,0.271099
361.4,0.271099
361.4,0.271099
361.4,0.271099
362.267,0.297193
362.267,0.297193
362.267,0.297193
362.267,0.297193
362.267,0.297193
362.267,0.297193
362.267,0.297193
362.267,0.297193
362.267,0.297193
362.267,0.297193
362.267,0.297193
362.267,0.297193
362.267,0.297193
363.133,0.316893
363.133,0.316893
363.133,0.316893
363.133,0.316893
363.133,0.316893
363.133,0.316893
363.133,0.316893
363.133,0.316893
363.133,0.316893
363.133,0.316893
363.133,0.316893
363.133,0.316893
363.133,0.316893
364,0.309451
364,0.309451
364,0.309451
364,0.309451
364,0.309451
364,0.309451
364,0.309451
364,0.309451
364,0.309451
364,0.309451
364,0.309451
364,0.309451
364,0.309451
364.867,0.284771
364.867,0.284771
364.867,0.284771
364.867,0.284771
364.867,0.284771
364.867,0.284771
364.867,0.284771
364.867,0.284771
364.867,0.284771
364.867,0.284771
364.867,0.284771
364.867,0.284771
364.867,0.284771
365.733,0.300442
365.733,0.300442
365.733,0.300442
365.733,0.300442
365.733,0.300442
365.733,0.300442
365.733,0.300442
365.733,0.300442
365.733,0.300442
365.733,0.300442
365.733,0.300442
365.733,0.300442
365.733,0.300442
366.6,0.329511
366.6,0.329511
366.6,0.329511
366.6,0.329511
366.6,0.329511
366.6,0.329511
366.6,0.329511
366.6,0.329511
366.6,0.329511
366.6,0.329511
366.6,0.329511
366.6,0.329511
366.6,0.329511
367.467,0.337047
367.467,0.337047
367.467,0.337047
367.467,0.337047
367.467,0.337047
367.467,0.337047
367.467,0.337047
367.467,0.337047
367.467,0.337047
367.467,0.337047
367.467,0.337047
367.467,0.337047
367.467,0.337047
368.333,0.35175
368.333,0.35175
368.333,0.35175
368.333,0.35175
368.333,0.35175
368.333,0.35175
368.333,0.35175
368.333,0.35175
368.333,0.35175
368.333,0.35175
368.333,0.35175
368.333,0.35175
368.333,0.35175
369.2,0.37904
369.2,0.37904
369.2,0.37904
369.2,0.37904
369.2,0.37904
369.2,0.37904
369.2,0.37904
369.2,0.37904
369.2,0.37904
369.2,0.37904
369.2,0.37904
369.2,0.37904
369.2,0.37904
370.067,0.38241
370.067,0.38241
370.067,0.38241
370.067,0.38241
370.067,0.38241
370.067,0.38241
370.067,0.38241
370.067,0.38241
370.067,0.38241
370.067,0.38241
370.067,0.38241
370.067,0.38241
370.067,0.38241
370.933,0.411358
370.933,0.411358
370.933,0.411358
370.933,0.411358
370.933,0.411358
370.933,0.411358
370.933,0.411358
370.933,0.411358
370.933,0.411358
370.933,0.411358
370.933,0.411358
370.933,0.411358
370.933,0.411358
371.8,0.452763
371.8,0.452763
371.8,0.452763
371.8,0.452763
371.8,0.452763
371.8,0.452763
371.8,0.452763
371.8,0.452763
371.8,0.452763
371.8,0.452763
371.8,0.452763
371.8,0.452763
371.8,0.452763
372.667,0.452967
372.667,0.452967
372.667,0.452967
372.667,0.452967
372.667,0.452967
372.667,0.452967
372.667,0.452967
372.667,0.452967
372.667,0.452967
372.667,0.452967
372.667,0.452967
372.667,0.452967
372.667,0.452967
373.533,0.436113
373.533,0.436113
373.533,0.436113
373.533,0.436113
373.533,0.436113
373.533,0.436113
373.533,0.436113
373.533,0.436113
373.533,0.436113
373.533,0.436113
373.533,0.436113
373.533,0.436113
373.533,0.436113
374.4,0.454801
374.4,0.454801
374.4,0.454801
374.4,0.454801
374.4,0.454801
374.4,0.454801
374.4,0.454801
374.4,0.454801
374.4,0.454801
374.4,0.454801
374.4,0.454801
374.4,0.454801
374.4,0.454801
375.267,0.460029
375.267,0.460029
375.267,0.460029
375.267,0.460029
375.267,0.460029
375.267,0.460029
375.267,0.460029
375.267,0.460029
375.267,0.460029
375.267,0.460029
375.267,0.460029
375.267,0.460029
375.267,0.460029
376.133,0.459178
376.133,0.459178
376.133,0.459178
376.133,0.459178
376.133,0.459178
376.133,0.459178
376.133,0.459178
376.133,0.459178
376.133,0.459178
376.133,0.459178
376.133,0.459178
376.133,0.459178
376.133,0.459178
377,0.462694
377,0.462694
377,0.462694
377,0.462694
377,0.462694
377,0.462694
377,0.462694
377,0.462694
377,0.462694
377,0.462694
377,0.462694
377,0.462694
377,0.462694
377.867,0.465836
377.867,0.465836
377.867,0.465836
377.867,0.465836
377.867,0.465836
377.867,0.465836
377.867,0.465836
377.867,0.465836
377.867,0.465836
377.867,0.465836
377.867,0.465836
377.867,0.465836
377.867,0.465836
378.733,0.464904
378.733,0.464904
378.733,0.464904
378.733,0.464904
378.733,0.464904
378.733,0.464904
378.733,0.464904
378.733,0.464904
378.733,0.464904
378.733,0.464904
378.733,0.464904
378.733,0.464904
378.733,0.464904
379.6,0.46336
379.6,0.46336
379.6,0.46336
379.6,0.46336
379.6,0.46336
379.6,0.46336
379.6,0.46336
379.6,0.46336
379.6,0.46336
379.6,0.46336
379.6,0.46336
379.6,0.46336
379.6,0.46336
380.467,0.473035
380.467,0.473035
380.467,0.473035
380.467,0.473035
380.467,0.473035
380.467,0.473035
380.467,0.473035
380.467,0.473035
380.467,0.473035
380.467,0.473035
380.467,0.473035
380.467,0.473035
380.467,0.473035
381.333,0.482001
381.333,0.482001
381.333,0.482001
381.333,0.482001
381.333,0.482001
381.333,0.482001
381.333,0.482001
381.333,0.482001
381.333,0.482001
381.333,0.482001
381.333,0.482001
381.333,0.482001
381.333,0.482001
382.2,0.483553
382.2,0.483553
382.2,0.483553
382.2,0.483553
44