0,0.0484552
0,0.0484552
0,0.0484552
0,0.0484552
0,0.0484552
0,0.0484552
0,0.0484552
0,0.0484552
0,0.0484552
0,0.0484552
0,0.0484552
0,0.0484552
0,0.0484552
0,0.0484552
0.933333,0.0868236
0.933333,0.0868236
0.933333,0.0868236
0.933333,0.0868236
0.933333,0.0868236
0.933333,0.0868236
0.933333,0.0868236
0.933333,0.0868236
0.933333,0.0868236
0.933333,0.0868236
0.933333,0.0868236
0.933333,0.0868236
0.933333,0.0868236
0.933333,0.0868236
1.86667,0.0991206
1.86667,0.0991206
1.86667,0.0991206
1.86667,0.0991206
1.86667,0.0991206
1.86667,0.0991206
1.86667,0.0991206
1.86667,0.0991206
1.86667,0.0991206
1.86667,0.0991206
1.86667,0.0991206
1.86667,0.0991206
1.86667,0.0991206
1.86667,0.0991206
2.8,0.102154
2.8,0.102154
2.8,0.102154
2.8,0.102154
2.8,0.102154
2.8,0.102154
2.8,0.102154
2.8,0.102154
2.8,0.102154
2.8,0.102154
2.8,0.102154
2.8,0.102154
2.8,0.102154
2.8,0.102154
3.73333,0.10139
3.73333,0.10139
3.73333,0.10139
3.73333,0.10139
3.73333,0.10139
3.73333,0.10139
3.73333,0.10139
3.73333,0.10139
3.73333,0.10139
3.73333,0.10139
3.73333,0.10139
3.73333,0.10139
3.73333,0.10139
3.73333,0.10139
4.66667,0.100959
4.66667,0.100959
4.66667,0.100959
4.66667,0.100959
4.66667,0.100959
4.66667,0.100959
4.66667,0.100959
4.66667,0.100959
4.66667,0.100959
4.66667,0.100959
4.66667,0.100959
4.66667,0.100959
4.66667,0.100959
4.66667,0.100959
5.6,0.119804
5.6,0.119804
5.6,0.119804
5.6,0.119804
5.6,0.119804
5.6,0.119804
5.6,0.119804
5.6,0.119804
5.6,0.119804
5.6,0.119804
5.6,0.119804
5.6,0.119804
5.6,0.119804
5.6,0.119804
6.53333,0.142172
6.53333,0.142172
6.53333,0.142172
6.53333,0.142172
6.53333,0.142172
6.53333,0.142172
6.53333,0.142172
6.53333,0.142172
6.53333,0.142172
6.53333,0.142172
6.53333,0.142172
6.53333,0.142172
6.53333,0.142172
6.53333,0.142172
7.46667,0.164861
7.46667,0.164861
7.46667,0.164861
7.46667,0.164861
7.46667,0.164861
7.46667,0.164861
7.46667,0.164861
7.46667,0.164861
7.46667,0.164861
7.46667,0.164861
7.46667,0.164861
7.46667,0.164861
7.46667,0.164861
7.46667,0.164861
8.4,0.174059
8.4,0.174059
8.4,0.174059
8.4,0.174059
8.4,0.174059
8.4,0.174059
8.4,0.174059
8.4,0.174059
8.4,0.174059
8.4,0.174059
8.4,0.174059
8.4,0.174059
8.4,0.174059
8.4,0.174059
9.33333,0.179686
9.33333,0.179686
9.33333,0.179686
9.33333,0.179686
9.33333,0.179686
9.33333,0.179686
9.33333,0.179686
9.33333,0.179686
9.33333,0.179686
9.33333,0.179686
9.33333,0.179686
9.33333,0.179686
9.33333,0.179686
9.33333,0.179686
10.2667,0.176281
10.2667,0.176281
10.2667,0.176281
10.2667,0.176281
10.2667,0.176281
10.2667,0.176281
10.2667,0.176281
10.2667,0.176281
10.2667,0.176281
10.2667,0.176281
10.2667,0.176281
10.2667,0.176281
10.2667,0.176281
10.2667,0.176281
11.2,0.171751
11.2,0.171751
11.2,0.171751
11.2,0.171751
11.2,0.171751
11.2,0.171751
11.2,0.171751
11.2,0.171751
11.2,0.171751
11.2,0.171751
11.2,0.171751
11.2,0.171751
11.2,0.171751
11.2,0.171751
12.1333,0.165226
12.1333,0.165226
12.1333,0.165226
12.1333,0.165226
12.1333,0.165226
12.1333,0.165226
12.1333,0.165226
12.1333,0.165226
12.1333,0.165226
12.1333,0.165226
12.1333,0.165226
12.1333,0.165226
12.1333,0.165226
12.1333,0.165226
13.0667,0.160923
13.0667,0.160923
13.0667,0.160923
13.0667,0.160923
13.0667,0.160923
13.0667,0.160923
13.0667,0.160923
13.0667,0.160923
13.0667,0.160923
13.0667,0.160923
13.0667,0.160923
13.0667,0.160923
13.0667,0.160923
13.0667,0.160923
14,0.16166
14,0.16166
14,0.16166
14,0.16166
14,0.16166
14,0.16166
14,0.16166
14,0.16166
14,0.16166
14,0.16166
14,0.16166
14,0.16166
14,0.16166
14,0.16166
14.9333,0.159673
14.9333,0.159673
14.9333,0.159673
14.9333,0.159673
14.9333,0.159673
14.9333,0.159673
14.9333,0.159673
14.9333,0.159673
14.9333,0.159673
14.9333,0.159673
14.9333,0.159673
14.9333,0.159673
14.9333,0.159673
14.9333,0.159673
15.8667,0.159791
15.8667,0.159791
15.8667,0.159791
15.8667,0.159791
15.8667,0.159791
15.8667,0.159791
15.8667,0.159791
15.8667,0.159791
15.8667,0.159791
15.8667,0.159791
15.8667,0.159791
15.8667,0.159791
15.8667,0.159791
15.8667,0.159791
16.8,0.15945
16.8,0.15945
16.8,0.15945
16.8,0.15945
16.8,0.15945
16.8,0.15945
16.8,0.15945
16.8,0.15945
16.8,0.15945
16.8,0.15945
16.8,0.15945
16.8,0.15945
16.8,0.15945
16.8,0.15945
17.7333,0.160841
17.7333,0.160841
17.7333,0.160841
17.7333,0.160841
17.7333,0.160841
17.7333,0.160841
17.7333,0.160841
17.7333,0.160841
17.7333,0.160841
17.7333,0.160841
17.7333,0.160841
17.7333,0.160841
17.7333,0.160841
17.7333,0.160841
18.6667,0.161123
18.6667,0.161123
18.6667,0.161123
18.6667,0.161123
18.6667,0.161123
18.6667,0.161123
18.6667,0.161123
18.6667,0.161123
18.6667,0.161123
18.6667,0.161123
18.6667,0.161123
18.6667,0.161123
18.6667,0.161123
18.6667,0.161123
19.6,0.156279
19.6,0.156279
19.6,0.156279
19.6,0.156279
19.6,0.156279
19.6,0.156279
19.6,0.156279
19.6,0.156279
19.6,0.156279
19.6,0.156279
19.6,0.156279
19.6,0.156279
19.6,0.156279
19.6,0.156279
20.5333,0.158164
20.5333,0.158164
20.5333,0.158164
20.5333,0.158164
20.5333,0.158164
20.5333,0.158164
20.5333,0.158164
20.5333,0.158164
20.5333,0.158164
20.5333,0.158164
20.5333,0.158164
20.5333,0.158164
20.5333,0.158164
20.5333,0.158164
21.4667,0.158066
21.4667,0.158066
21.4667,0.158066
21.4667,0.158066
21.4667,0.158066
21.4667,0.158066
21.4667,0.158066
21.4667,0.158066
21.4667,0.158066
21.4667,0.158066
21.4667,0.158066
21.4667,0.158066
21.4667,0.158066
21.4667,0.158066
22.4,0.158051
22.4,0.158051
22.4,0.158051
22.4,0.158051
22.4,0.158051
22.4,0.158051
22.4,0.158051
22.4,0.158051
22.4,0.158051
22.4,0.158051
22.4,0.158051
22.4,0.158051
22.4,0.158051
22.4,0.158051
23.3333,0.164238
23.3333,0.164238
23.3333,0.164238
23.3333,0.164238
23.3333,0.164238
23.3333,0.164238
23.3333,0.164238
23.3333,0.164238
23.3333,0.164238
23.3333,0.164238
23.3333,0.164238
23.3333,0.164238
23.3333,0.164238
23.3333,0.164238
24.2667,0.164387
24.2667,0.164387
24.2667,0.164387
24.2667,0.164387
24.2667,0.164387
24.2667,0.164387
24.2667,0.164387
24.2667,0.164387
24.2667,0.164387
24.2667,0.164387
24.2667,0.164387
24.2667,0.164387
24.2667,0.164387
24.2667,0.164387
25.2,0.163027
25.2,0.163027
25.2,0.163027
25.2,0.163027
25.2,0.163027
25.2,0.163027
25.2,0.163027
25.2,0.163027
25.2,0.163027
25.2,0.163027
25.2,0.163027
25.2,0.163027
25.2,0.163027
25.2,0.163027
26.1333,0.168424
26.1333,0.168424
26.1333,0.168424
26.1333,0.168424
26.1333,0.168424
26.1333,0.168424
26.1333,0.168424
26.1333,0.168424
26.1333,0.168424
26.1333,0.168424
26.1333,0.168424
26.1333,0.168424
26.1333,0.168424
26.1333,0.168424
27.0667,0.172068
27.0667,0.172068
27.0667,0.172068
27.0667,0.172068
27.0667,0.172068
27.0667,0.172068
27.0667,0.172068
27.0667,0.172068
27.0667,0.172068
27.0667,0.172068
27.0667,0.172068
27.0667,0.172068
27.0667,0.172068
27.0667,0.172068
28,0.186313
28,0.186313
28,0.186313
28,0.186313
28,0.186313
28,0.186313
28,0.186313
28,0.186313
28,0.186313
28,0.186313
28,0.186313
28,0.186313
28,0.186313
28,0.186313
28.9333,0.206698
28.9333,0.206698
28.9333,0.206698
28.9333,0.206698
28.9333,0.206698
28.9333,0.206698
28.9333,0.206698
28.9333,0.206698
28.9333,0.206698
28.9333,0.206698
28.9333,0.206698
28.9333,0.206698
28.9333,0.206698
28.9333,0.206698
29.8667,0.205244
29.8667,0.205244
29.8667,0.205244
29.8667,0.205244
29.8667,0.205244
29.8667,0.205244
29.8667,0.205244
29.8667,0.205244
29.8667,0.205244
29.8667,0.205244
29.8667,0.205244
29.8667,0.205244
29.8667,0.205244
29.8667,0.205244
30.8,0.208983
30.8,0.208983
30.8,0.208983
30.8,0.208983
30.8,0.208983
30.8,0.208983
30.8,0.208983
30.8,0.208983
30.8,0.208983
30.8,0.208983
30.8,0.208983
30.8,0.208983
30.8,0.208983
30.8,0.208983
31.7333,0.206866
31.7333,0.206866
31.7333,0.206866
31.7333,0.206866
31.7333,0.206866
31.7333,0.206866
31.7333,0.206866
31.7333,0.206866
31.7333,0.206866
31.7333,0.206866
31.7333,0.206866
31.7333,0.206866
31.7333,0.206866
31.7333,0.206866
32.6667,0.209715
32.6667,0.209715
32.6667,0.209715
32.6667,0.209715
32.6667,0.209715
32.6667,0.209715
32.6667,0.209715
32.6667,0.209715
32.6667,0.209715
32.6667,0.209715
32.6667,0.209715
32.6667,0.209715
32.6667,0.209715
32.6667,0.209715
33.6,0.231476
33.6,0.231476
33.6,0.231476
33.6,0.231476
33.6,0.231476
33.6,0.231476
33.6,0.231476
33.6,0.231476
33.6,0.231476
33.6,0.231476
33.6,0.231476
33.6,0.231476
33.6,0.231476
33.6,0.231476
34.5333,0.264013
34.5333,0.264013
34.5333,0.264013
34.5333,0.264013
34.5333,0.264013
34.5333,0.264013
34.5333,0.264013
34.5333,0.264013
34.5333,0.264013
34.5333,0.264013
34.5333,0.264013
34.5333,0.264013
34.5333,0.264013
34.5333,0.264013
35.4667,0.277694
35.4667,0.277694
35.4667,0.277694
35.4667,0.277694
35.4667,0.277694
35.4667,0.277694
35.4667,0.277694
35.4667,0.277694
35.4667,0.277694
35.4667,0.277694
35.4667,0.277694
35.4667,0.277694
35.4667,0.277694
35.4667,0.277694
36.4,0.284849
36.4,0.284849
36.4,0.284849
36.4,0.284849
36.4,0.284849
36.4,0.284849
36.4,0.284849
36.4,0.284849
36.4,0.284849
36.4,0.284849
36.4,0.284849
36.4,0.284849
36.4,0.284849
36.4,0.284849
37.3333,0.283478
37.3333,0.283478
37.3333,0.283478
37.3333,0.283478
37.3333,0.283478
37.3333,0.283478
37.3333,0.283478
37.3333,0.283478
37.3333,0.283478
37.3333,0.283478
37.3333,0.283478
37.3333,0.283478
37.3333,0.283478
37.3333,0.283478
38.2667,0.286723
38.2667,0.286723
38.2667,0.286723
38.2667,0.286723
38.2667,0.286723
38.2667,0.286723
38.2667,0.286723
38.2667,0.286723
38.2667,0.286723
38.2667,0.286723
38.2667,0.286723
38.2667,0.286723
38.2667,0.286723
38.2667,0.286723
39.2,0.320337
39.2,0.320337
39.2,0.320337
39.2,0.320337
39.2,0.320337
39.2,0.320337
39.2,0.320337
39.2,0.320337
39.2,0.320337
39.2,0.320337
39.2,0.320337
39.2,0.320337
39.2,0.320337
39.2,0.320337
40.1333,0.337212
40.1333,0.337212
40.1333,0.337212
40.1333,0.337212
40.1333,0.337212
40.1333,0.337212
40.1333,0.337212
40.1333,0.337212
40.1333,0.337212
40.1333,0.337212
40.1333,0.337212
40.1333,0.337212
40.1333,0.337212
40.1333,0.337212
41.0667,0.365039
41.0667,0.365039
41.0667,0.365039
41.0667,0.365039
41.0667,0.365039
41.0667,0.365039
41.0667,0.365039
41.0667,0.365039
41.0667,0.365039
41.0667,0.365039
41.0667,0.365039
41.0667,0.365039
41.0667,0.365039
41.0667,0.365039
42,0.390146
42,0.390146
42,0.390146
42,0.390146
42,0.390146
42,0.390146
42,0.390146
42,0.390146
42,0.390146
42,0.390146
42,0.390146
42,0.390146
42,0.390146
42,0.390146
42.9333,0.395087
42.9333,0.395087
42.9333,0.395087
42.9333,0.395087
42.9333,0.395087
42.9333,0.395087
42.9333,0.395087
42.9333,0.395087
42.9333,0.395087
42.9333,0.395087
42.9333,0.395087
42.9333,0.395087
42.9333,0.395087
42.9333,0.395087
43.8667,0.412553
43.8667,0.412553
43.8667,0.412553
43.8667,0.412553
43.8667,0.412553
43.8667,0.412553
43.8667,0.412553
43.8667,0.412553
43.8667,0.412553
43.8667,0.412553
43.8667,0.412553
43.8667,0.412553
43.8667,0.412553
43.8667,0.412553
44.8,0.419258
44.8,0.419258
44.8,0.419258
44.8,0.419258
44.8,0.419258
44.8,0.419258
44.8,0.419258
44.8,0.419258
44.8,0.419258
44.8,0.419258
44.8,0.419258
44.8,0.419258
44.8,0.419258
44.8,0.419258
45.7333,0.426908
45.7333,0.426908
45.7333,0.426908
45.7333,0.426908
45.7333,0.426908
45.7333,0.426908
45.7333,0.426908
45.7333,0.426908
45.7333,0.426908
45.7333,0.426908
45.7333,0.426908
45.7333,0.426908
45.7333,0.426908
45.7333,0.426908
46.6667,0.428456
46.6667,0.428456
46.6667,0.428456
46.6667,0.428456
46.6667,0.428456
46.6667,0.428456
46.6667,0.428456
46.6667,0.428456
46.6667,0.428456
46.6667,0.428456
46.6667,0.428456
46.6667,0.428456
46.6667,0.428456
46.6667,0.428456
47.6,0.429584
47.6,0.429584
47.6,0.429584
47.6,0.429584
47.6,0.429584
47.6,0.429584
47.6,0.429584
47.6,0.429584
47.6,0.429584
47.6,0.429584
47.6,0.429584
47.6,0.429584
47.6,0.429584
47.6,0.429584
48.5333,0.419411
48.5333,0.419411
48.5333,0.419411
48.5333,0.419411
48.5333,0.419411
48.5333,0.419411
48.5333,0.419411
48.5333,0.419411
48.5333,0.419411
48.5333,0.419411
48.5333,0.419411
48.5333,0.419411
48.5333,0.419411
48.5333,0.419411
49.4667,0.413169
49.4667,0.413169
49.4667,0.413169
49.4667,0.413169
49.4667,0.413169
49.4667,0.413169
49.4667,0.413169
49.4667,0.413169
49.4667,0.413169
49.4667,0.413169
49.4667,0.413169
49.4667,0.413169
49.4667,0.413169
49.4667,0.413169
50.4,0.403568
50.4,0.403568
50.4,0.403568
50.4,0.403568
50.4,0.403568
50.4,0.403568
50.4,0.403568
50.4,0.403568
50.4,0.403568
50.4,0.403568
50.4,0.403568
50.4,0.403568
50.4,0.403568
50.4,0.403568
51.3333,0.385463
51.3333,0.385463
51.3333,0.385463
51.3333,0.385463
51.3333,0.385463
51.3333,0.385463
51.3333,0.385463
51.3333,0.385463
51.3333,0.385463
51.3333,0.385463
51.3333,0.385463
51.3333,0.385463
51.3333,0.385463
51.3333,0.385463
52.2667,0.390291
52.2667,0.390291
52.2667,0.390291
52.2667,0.390291
52.2667,0.390291
52.2667,0.390291
52.2667,0.390291
52.2667,0.390291
52.2667,0.390291
52.2667,0.390291
52.2667,0.390291
52.2667,0.390291
52.2667,0.390291
52.2667,0.390291
53.2,0.412988
53.2,0.412988
53.2,0.412988
53.2,0.412988
53.2,0.412988
53.2,0.412988
53.2,0.412988
53.2,0.412988
53.2,0.412988
53.2,0.412988
53.2,0.412988
53.2,0.412988
53.2,0.412988
53.2,0.412988
54.1333,0.429913
54.1333,0.429913
54.1333,0.429913
54.1333,0.429913
54.1333,0.429913
54.1333,0.429913
54.1333,0.429913
54.1333,0.429913
54.1333,0.429913
54.1333,0.429913
54.1333,0.429913
54.1333,0.429913
54.1333,0.429913
54.1333,0.429913
55.0667,0.441046
55.0667,0.441046
55.0667,0.441046
55.0667,0.441046
55.0667,0.441046
55.0667,0.441046
55.0667,0.441046
55.0667,0.441046
55.0667,0.441046
55.0667,0.441046
55.0667,0.441046
55.0667,0.441046
55.0667,0.441046
55.0667,0.441046
56,0.442845
56,0.442845
56,0.442845
56,0.442845
56,0.442845
56,0.442845
56,0.442845
56,0.442845
56,0.442845
56,0.442845
56,0.442845
56,0.442845
56,0.442845
56,0.442845
56.9333,0.444103
56.9333,0.444103
56.9333,0.444103
56.9333,0.444103
56.9333,0.444103
56.9333,0.444103
56.9333,0.444103
56.9333,0.444103
56.9333,0.444103
56.9333,0.444103
56.9333,0.444103
56.9333,0.444103
56.9333,0.444103
56.9333,0.444103
57.8667,0.445079
57.8667,0.445079
57.8667,0.445079
57.8667,0.445079
57.8667,0.445079
57.8667,0.445079
57.8667,0.445079
57.8667,0.445079
57.8667,0.445079
57.8667,0.445079
57.8667,0.445079
57.8667,0.445079
57.8667,0.445079
57.8667,0.445079
58.8,0.44437
58.8,0.44437
58.8,0.44437
58.8,0.44437
58.8,0.44437
58.8,0.44437
58.8,0.44437
58.8,0.44437
58.8,0.44437
58.8,0.44437
58.8,0.44437
58.8,0.44437
58.8,0.44437
58.8,0.44437
59.7333,0.448982
59.7333,0.448982
59.7333,0.448982
59.7333,0.448982
59.7333,0.448982
59.7333,0.448982
59.7333,0.448982
59.7333,0.448982
59.7333,0.448982
59.7333,0.448982
59.7333,0.448982
59.7333,0.448982
59.7333,0.448982
59.7333,0.448982
60.6667,0.44591
60.6667,0.44591
60.6667,0.44591
60.6667,0.44591
60.6667,0.44591
60.6667,0.44591
60.6667,0.44591
60.6667,0.44591
60.6667,0.44591
60.6667,0.44591
60.6667,0.44591
60.6667,0.44591
60.6667,0.44591
60.6667,0.44591
61.6,0.438088
61.6,0.438088
61.6,0.438088
61.6,0.438088
61.6,0.438088
61.6,0.438088
61.6,0.438088
61.6,0.438088
61.6,0.438088
61.6,0.438088
61.6,0.438088
61.6,0.438088
61.6,0.438088
61.6,0.438088
62.5333,0.438562
62.5333,0.438562
62.5333,0.438562
62.5333,0.438562
62.5333,0.438562
62.5333,0.438562
62.5333,0.438562
62.5333,0.438562
62.5333,0.438562
62.5333,0.438562
62.5333,0.438562
62.5333,0.438562
62.5333,0.438562
62.5333,0.438562
63.4667,0.443656
63.4667,0.443656
63.4667,0.443656
63.4667,0.443656
63.4667,0.443656
63.4667,0.443656
63.4667,0.443656
63.4667,0.443656
63.4667,0.443656
63.4667,0.443656
63.4667,0.443656
63.4667,0.443656
63.4667,0.443656
63.4667,0.443656
64.4,0.443276
64.4,0.443276
64.4,0.443276
64.4,0.443276
64.4,0.443276
64.4,0.443276
64.4,0.443276
64.4,0.443276
64.4,0.443276
64.4,0.443276
64.4,0.443276
64.4,0.443276
64.4,0.443276
64.4,0.443276
65.3333,0.444511
65.3333,0.444511
65.3333,0.444511
65.3333,0.444511
65.3333,0.444511
65.3333,0.444511
65.3333,0.444511
65.3333,0.444511
65.3333,0.444511
65.3333,0.444511
65.3333,0.444511
65.3333,0.444511
65.3333,0.444511
65.3333,0.444511
66.2667,0.445514
66.2667,0.445514
66.2667,0.445514
66.2667,0.445514
66.2667,0.445514
66.2667,0.445514
66.2667,0.445514
66.2667,0.445514
66.2667,0.445514
66.2667,0.445514
66.2667,0.445514
66.2667,0.445514
66.2667,0.445514
66.2667,0.445514
67.2,0.436144
67.2,0.436144
67.2,0.436144
67.2,0.436144
67.2,0.436144
67.2,0.436144
67.2,0.436144
67.2,0.436144
67.2,0.436144
67.2,0.436144
67.2,0.436144
67.2,0.436144
67.2,0.436144
67.2,0.436144
68.1333,0.438139
68.1333,0.438139
68.1333,0.438139
68.1333,0.438139
68.1333,0.438139
68.1333,0.438139
68.1333,0.438139
68.1333,0.438139
68.1333,0.438139
68.1333,0.438139
68.1333,0.438139
68.1333,0.438139
68.1333,0.438139
68.1333,0.438139
69.0667,0.434894
69.0667,0.434894
69.0667,0.434894
69.0667,0.434894
69.0667,0.434894
69.0667,0.434894
69.0667,0.434894
69.0667,0.434894
69.0667,0.434894
69.0667,0.434894
69.0667,0.434894
69.0667,0.434894
69.0667,0.434894
69.0667,0.434894
70,0.43779
70,0.43779
70,0.43779
70,0.43779
70,0.43779
70,0.43779
70,0.43779
70,0.43779
70,0.43779
70,0.43779
70,0.43779
70,0.43779
70,0.43779
70,0.43779
70.9333,0.434345
70.9333,0.434345
70.9333,0.434345
70.9333,0.434345
70.9333,0.434345
70.9333,0.434345
70.9333,0.434345
70.9333,0.434345
70.9333,0.434345
70.9333,0.434345
70.9333,0.434345
70.9333,0.434345
70.9333,0.434345
70.9333,0.434345
71.8667,0.437665
71.8667,0.437665
71.8667,0.437665
71.8667,0.437665
71.8667,0.437665
71.8667,0.437665
71.8667,0.437665
71.8667,0.437665
71.8667,0.437665
71.8667,0.437665
71.8667,0.437665
71.8667,0.437665
71.8667,0.437665
71.8667,0.437665
72.8,0.437571
72.8,0.437571
72.8,0.437571
72.8,0.437571
72.8,0.437571
72.8,0.437571
72.8,0.437571
72.8,0.437571
72.8,0.437571
72.8,0.437571
72.8,0.437571
72.8,0.437571
72.8,0.437571
72.8,0.437571
73.7333,0.440145
73.7333,0.440145
73.7333,0.440145
73.7333,0.440145
73.7333,0.440145
73.7333,0.440145
73.7333,0.440145
73.7333,0.440145
73.7333,0.440145
73.7333,0.440145
73.7333,0.440145
73.7333,0.440145
73.7333,0.440145
73.7333,0.440145
74.6667,0.435827
74.6667,0.435827
74.6667,0.435827
74.6667,0.435827
74.6667,0.435827
74.6667,0.435827
74.6667,0.435827
74.6667,0.435827
74.6667,0.435827
74.6667,0.435827
74.6667,0.435827
74.6667,0.435827
74.6667,0.435827
74.6667,0.435827
75.6,0.440694
75.6,0.440694
75.6,0.440694
75.6,0.440694
75.6,0.440694
75.6,0.440694
75.6,0.440694
75.6,0.440694
75.6,0.440694
75.6,0.440694
75.6,0.440694
75.6,0.440694
75.6,0.440694
75.6,0.440694
76.5333,0.440866
76.5333,0.440866
76.5333,0.440866
76.5333,0.440866
76.5333,0.440866
76.5333,0.440866
76.5333,0.440866
76.5333,0.440866
76.5333,0.440866
76.5333,0.440866
76.5333,0.440866
76.5333,0.440866
76.5333,0.440866
76.5333,0.440866
77.4667,0.440498
77.4667,0.440498
77.4667,0.440498
77.4667,0.440498
77.4667,0.440498
77.4667,0.440498
77.4667,0.440498
77.4667,0.440498
77.4667,0.440498
77.4667,0.440498
77.4667,0.440498
77.4667,0.440498
77.4667,0.440498
77.4667,0.440498
78.4,0.438378
78.4,0.438378
78.4,0.438378
78.4,0.438378
78.4,0.438378
78.4,0.438378
78.4,0.438378
78.4,0.438378
78.4,0.438378
78.4,0.438378
78.4,0.438378
78.4,0.438378
78.4,0.438378
78.4,0.438378
79.3333,0.429525
79.3333,0.429525
79.3333,0.429525
79.3333,0.429525
79.3333,0.429525
79.3333,0.429525
79.3333,0.429525
79.3333,0.429525
79.3333,0.429525
79.3333,0.429525
79.3333,0.429525
79.3333,0.429525
79.3333,0.429525
79.3333,0.429525
80.2667,0.431395
80.2667,0.431395
80.2667,0.431395
80.2667,0.431395
80.2667,0.431395
80.2667,0.431395
80.2667,0.431395
80.2667,0.431395
80.2667,0.431395
80.2667,0.431395
80.2667,0.431395
80.2667,0.431395
80.2667,0.431395
80.2667,0.431395
81.2,0.430348
81.2,0.430348
81.2,0.430348
81.2,0.430348
81.2,0.430348
81.2,0.430348
81.2,0.430348
81.2,0.430348
81.2,0.430348
81.2,0.430348
81.2,0.430348
81.2,0.430348
81.2,0.430348
81.2,0.430348
82.1333,0.434048
82.1333,0.434048
82.1333,0.434048
82.1333,0.434048
82.1333,0.434048
82.1333,0.434048
82.1333,0.434048
82.1333,0.434048
82.1333,0.434048
82.1333,0.434048
82.1333,0.434048
82.1333,0.434048
82.1333,0.434048
82.1333,0.434048
83.0667,0.437496
83.0667,0.437496
83.0667,0.437496
83.0667,0.437496
83.0667,0.437496
83.0667,0.437496
83.0667,0.437496
83.0667,0.437496
83.0667,0.437496
83.0667,0.437496
83.0667,0.437496
83.0667,0.437496
83.0667,0.437496
83.0667,0.437496
84,0.430724
84,0.430724
84,0.430724
84,0.430724
84,0.430724
84,0.430724
84,0.430724
84,0.430724
84,0.430724
84,0.430724
84,0.430724
84,0.430724
84,0.430724
84,0.430724
84.9333,0.434894
84.9333,0.434894
84.9333,0.434894
84.9333,0.434894
84.9333,0.434894
84.9333,0.434894
84.9333,0.434894
84.9333,0.434894
84.9333,0.434894
84.9333,0.434894
84.9333,0.434894
84.9333,0.434894
84.9333,0.434894
84.9333,0.434894
85.8667,0.433667
85.8667,0.433667
85.8667,0.433667
85.8667,0.433667
85.8667,0.433667
85.8667,0.433667
85.8667,0.433667
85.8667,0.433667
85.8667,0.433667
85.8667,0.433667
85.8667,0.433667
85.8667,0.433667
85.8667,0.433667
85.8667,0.433667
86.8,0.439792
86.8,0.439792
86.8,0.439792
86.8,0.439792
86.8,0.439792
86.8,0.439792
86.8,0.439792
86.8,0.439792
86.8,0.439792
86.8,0.439792
86.8,0.439792
86.8,0.439792
86.8,0.439792
86.8,0.439792
87.7333,0.432241
87.7333,0.432241
87.7333,0.432241
87.7333,0.432241
87.7333,0.432241
87.7333,0.432241
87.7333,0.432241
87.7333,0.432241
87.7333,0.432241
87.7333,0.432241
87.7333,0.432241
87.7333,0.432241
87.7333,0.432241
87.7333,0.432241
88.6667,0.432954
88.6667,0.432954
88.6667,0.432954
88.6667,0.432954
88.6667,0.432954
88.6667,0.432954
88.6667,0.432954
88.6667,0.432954
88.6667,0.432954
88.6667,0.432954
88.6667,0.432954
88.6667,0.432954
88.6667,0.432954
88.6667,0.432954
89.6,0.43337
89.6,0.43337
89.6,0.43337
89.6,0.43337
89.6,0.43337
89.6,0.43337
89.6,0.43337
89.6,0.43337
89.6,0.43337
89.6,0.43337
89.6,0.43337
89.6,0.43337
89.6,0.43337
89.6,0.43337
90.5333,0.438437
90.5333,0.438437
90.5333,0.438437
90.5333,0.438437
90.5333,0.438437
90.5333,0.438437
90.5333,0.438437
90.5333,0.438437
90.5333,0.438437
90.5333,0.438437
90.5333,0.438437
90.5333,0.438437
90.5333,0.438437
90.5333,0.438437
91.4667,0.428487
91.4667,0.428487
91.4667,0.428487
91.4667,0.428487
91.4667,0.428487
91.4667,0.428487
91.4667,0.428487
91.4667,0.428487
91.4667,0.428487
91.4667,0.428487
91.4667,0.428487
91.4667,0.428487
91.4667,0.428487
91.4667,0.428487
92.4,0.415528
92.4,0.415528
92.4,0.415528
92.4,0.415528
92.4,0.415528
92.4,0.415528
92.4,0.415528
92.4,0.415528
92.4,0.415528
92.4,0.415528
92.4,0.415528
92.4,0.415528
92.4,0.415528
92.4,0.415528
93.3333,0.421096
93.3333,0.421096
93.3333,0.421096
93.3333,0.421096
93.3333,0.421096
93.3333,0.421096
93.3333,0.421096
93.3333,0.421096
93.3333,0.421096
93.3333,0.421096
93.3333,0.421096
93.3333,0.421096
93.3333,0.421096
93.3333,0.421096
94.2667,0.418976
94.2667,0.418976
94.2667,0.418976
94.2667,0.418976
94.2667,0.418976
94.2667,0.418976
94.2667,0.418976
94.2667,0.418976
94.2667,0.418976
94.2667,0.418976
94.2667,0.418976
94.2667,0.418976
94.2667,0.418976
94.2667,0.418976
95.2,0.427821
95.2,0.427821
95.2,0.427821
95.2,0.427821
95.2,0.427821
95.2,0.427821
95.2,0.427821
95.2,0.427821
95.2,0.427821
95.2,0.427821
95.2,0.427821
95.2,0.427821
95.2,0.427821
95.2,0.427821
96.1333,0.441462
96.1333,0.441462
96.1333,0.441462
96.1333,0.441462
96.1333,0.441462
96.1333,0.441462
96.1333,0.441462
96.1333,0.441462
96.1333,0.441462
96.1333,0.441462
96.1333,0.441462
96.1333,0.441462
96.1333,0.441462
96.1333,0.441462
97.0667,0.440035
97.0667,0.440035
97.0667,0.440035
97.0667,0.440035
97.0667,0.440035
97.0667,0.440035
97.0667,0.440035
97.0667,0.440035
97.0667,0.440035
97.0667,0.440035
97.0667,0.440035
97.0667,0.440035
97.0667,0.440035
97.0667,0.440035
98,0.411346
98,0.411346
98,0.411346
98,0.411346
98,0.411346
98,0.411346
98,0.411346
98,0.411346
98,0.411346
98,0.411346
98,0.411346
98,0.411346
98,0.411346
98,0.411346
98.9333,0.377645
98.9333,0.377645
98.9333,0.377645
98.9333,0.377645
98.9333,0.377645
98.9333,0.377645
98.9333,0.377645
98.9333,0.377645
98.9333,0.377645
98.9333,0.377645
98.9333,0.377645
98.9333,0.377645
98.9333,0.377645
98.9333,0.377645
99.8667,0.351123
99.8667,0.351123
99.8667,0.351123
99.8667,0.351123
99.8667,0.351123
99.8667,0.351123
99.8667,0.351123
99.8667,0.351123
99.8667,0.351123
99.8667,0.351123
99.8667,0.351123
99.8667,0.351123
99.8667,0.351123
99.8667,0.351123
100.8,0.333218
100.8,0.333218
100.8,0.333218
100.8,0.333218
100.8,0.333218
100.8,0.333218
100.8,0.333218
100.8,0.333218
100.8,0.333218
100.8,0.333218
100.8,0.333218
100.8,0.333218
100.8,0.333218
100.8,0.333218
101.733,0.307214
101.733,0.307214
101.733,0.307214
101.733,0.307214
101.733,0.307214
101.733,0.307214
101.733,0.307214
101.733,0.307214
101.733,0.307214
101.733,0.307214
101.733,0.307214
101.733,0.307214
101.733,0.307214
101.733,0.307214
102.667,0.289411
102.667,0.289411
102.667,0.289411
102.667,0.289411
102.667,0.289411
102.667,0.289411
102.667,0.289411
102.667,0.289411
102.667,0.289411
102.667,0.289411
102.667,0.289411
102.667,0.289411
102.667,0.289411
102.667,0.289411
103.6,0.293749
103.6,0.293749
103.6,0.293749
103.6,0.293749
103.6,0.293749
103.6,0.293749
103.6,0.293749
103.6,0.293749
103.6,0.293749
103.6,0.293749
103.6,0.293749
103.6,0.293749
103.6,0.293749
103.6,0.293749
104.533,0.311567
104.533,0.311567
104.533,0.311567
104.533,0.311567
104.533,0.311567
104.533,0.311567
104.533,0.311567
104.533,0.311567
104.533,0.311567
104.533,0.311567
104.533,0.311567
104.533,0.311567
104.533,0.311567
104.533,0.311567
105.467,0.333939
105.467,0.333939
105.467,0.333939
105.467,0.333939
105.467,0.333939
105.467,0.333939
105.467,0.333939
105.467,0.333939
105.467,0.333939
105.467,0.333939
105.467,0.333939
105.467,0.333939
105.467,0.333939
105.467,0.333939
106.4,0.333246
106.4,0.333246
106.4,0.333246
106.4,0.333246
106.4,0.333246
106.4,0.333246
106.4,0.333246
106.4,0.333246
106.4,0.333246
106.4,0.333246
106.4,0.333246
106.4,0.333246
106.4,0.333246
106.4,0.333246
107.333,0.364705
107.333,0.364705
107.333,0.364705
107.333,0.364705
107.333,0.364705
107.333,0.364705
107.333,0.364705
107.333,0.364705
107.333,0.364705
107.333,0.364705
107.333,0.364705
107.333,0.364705
107.333,0.364705
107.333,0.364705
108.267,0.347165
108.267,0.347165
108.267,0.347165
108.267,0.347165
108.267,0.347165
108.267,0.347165
108.267,0.347165
108.267,0.347165
108.267,0.347165
108.267,0.347165
108.267,0.347165
108.267,0.347165
108.267,0.347165
108.267,0.347165
109.2,0.375799
109.2,0.375799
109.2,0.375799
109.2,0.375799
109.2,0.375799
109.2,0.375799
109.2,0.375799
109.2,0.375799
109.2,0.375799
109.2,0.375799
109.2,0.375799
109.2,0.375799
109.2,0.375799
109.2,0.375799
110.133,0.36757
110.133,0.36757
110.133,0.36757
110.133,0.36757
110.133,0.36757
110.133,0.36757
110.133,0.36757
110.133,0.36757
110.133,0.36757
110.133,0.36757
110.133,0.36757
110.133,0.36757
110.133,0.36757
110.133,0.36757
111.067,0.355696
111.067,0.355696
111.067,0.355696
111.067,0.355696
111.067,0.355696
111.067,0.355696
111.067,0.355696
111.067,0.355696
111.067,0.355696
111.067,0.355696
111.067,0.355696
111.067,0.355696
111.067,0.355696
111.067,0.355696
112,0.34028
112,0.34028
112,0.34028
112,0.34028
112,0.34028
112,0.34028
112,0.34028
112,0.34028
112,0.34028
112,0.34028
112,0.34028
112,0.34028
112,0.34028
112,0.34028
112.933,0.356131
112.933,0.356131
112.933,0.356131
112.933,0.356131
112.933,0.356131
112.933,0.356131
112.933,0.356131
112.933,0.356131
112.933,0.356131
112.933,0.356131
112.933,0.356131
112.933,0.356131
112.933,0.356131
112.933,0.356131
113.867,0.355375
113.867,0.355375
113.867,0.355375
113.867,0.355375
113.867,0.355375
113.867,0.355375
113.867,0.355375
113.867,0.355375
113.867,0.355375
113.867,0.355375
113.867,0.355375
113.867,0.355375
113.867,0.355375
113.867,0.355375
114.8,0.302942
114.8,0.302942
114.8,0.302942
114.8,0.302942
114.8,0.302942
114.8,0.302942
114.8,0.302942
114.8,0.302942
114.8,0.302942
114.8,0.302942
114.8,0.302942
114.8,0.302942
114.8,0.302942
114.8,0.302942
115.733,0.26631
115.733,0.26631
115.733,0.26631
115.733,0.26631
115.733,0.26631
115.733,0.26631
115.733,0.26631
115.733,0.26631
115.733,0.26631
115.733,0.26631
115.733,0.26631
115.733,0.26631
115.733,0.26631
115.733,0.26631
116.667,0.210558
116.667,0.210558
116.667,0.210558
116.667,0.210558
116.667,0.210558
116.667,0.210558
116.667,0.210558
116.667,0.210558
116.667,0.210558
116.667,0.210558
116.667,0.210558
116.667,0.210558
116.667,0.210558
116.667,0.210558
117.6,0.200859
117.6,0.200859
117.6,0.200859
117.6,0.200859
117.6,0.200859
117.6,0.200859
117.6,0.200859
117.6,0.200859
117.6,0.200859
117.6,0.200859
117.6,0.200859
117.6,0.200859
117.6,0.200859
117.6,0.200859
118.533,0.210864
118.533,0.210864
118.533,0.210864
118.533,0.210864
118.533,0.210864
118.533,0.210864
118.533,0.210864
118.533,0.210864
118.533,0.210864
118.533,0.210864
118.533,0.210864
118.533,0.210864
118.533,0.210864
118.533,0.210864
119.467,0.176096
119.467,0.176096
119.467,0.176096
119.467,0.176096
119.467,0.176096
119.467,0.176096
119.467,0.176096
119.467,0.176096
119.467,0.176096
119.467,0.176096
119.467,0.176096
119.467,0.176096
119.467,0.176096
119.467,0.176096
120.4,0.194703
120.4,0.194703
120.4,0.194703
120.4,0.194703
120.4,0.194703
120.4,0.194703
120.4,0.194703
120.4,0.194703
120.4,0.194703
120.4,0.194703
120.4,0.194703
120.4,0.194703
120.4,0.194703
120.4,0.194703
121.333,0.190647
121.333,0.190647
121.333,0.190647
121.333,0.190647
121.333,0.190647
121.333,0.190647
121.333,0.190647
121.333,0.190647
121.333,0.190647
121.333,0.190647
121.333,0.190647
121.333,0.190647
121.333,0.190647
121.333,0.190647
122.267,0.206141
122.267,0.206141
122.267,0.206141
122.267,0.206141
122.267,0.206141
122.267,0.206141
122.267,0.206141
122.267,0.206141
122.267,0.206141
122.267,0.206141
122.267,0.206141
122.267,0.206141
122.267,0.206141
122.267,0.206141
123.2,0.138641
123.2,0.138641
123.2,0.138641
123.2,0.138641
123.2,0.138641
123.2,0.138641
123.2,0.138641
123.2,0.138641
123.2,0.138641
123.2,0.138641
123.2,0.138641
123.2,0.138641
123.2,0.138641
123.2,0.138641
124.133,0.126893
124.133,0.126893
124.133,0.126893
124.133,0.126893
124.133,0.126893
124.133,0.126893
124.133,0.126893
124.133,0.126893
124.133,0.126893
124.133,0.126893
124.133,0.126893
124.133,0.126893
124.133,0.126893
124.133,0.126893
125.067,0.163588
125.067,0.163588
125.067,0.163588
125.067,0.163588
125.067,0.163588
125.067,0.163588
125.067,0.163588
125.067,0.163588
125.067,0.163588
125.067,0.163588
125.067,0.163588
125.067,0.163588
125.067,0.163588
125.067,0.163588
126,0.197845
126,0.197845
126,0.197845
126,0.197845
126,0.197845
126,0.197845
126,0.197845
126,0.197845
126,0.197845
126,0.197845
126,0.197845
126,0.197845
126,0.197845
126,0.197845
126.933,0.229109
126.933,0.229109
126.933,0.229109
126.933,0.229109
126.933,0.229109
126.933,0.229109
126.933,0.229109
126.933,0.229109
126.933,0.229109
126.933,0.229109
126.933,0.229109
126.933,0.229109
126.933,0.229109
126.933,0.229109
127.867,0.161734
127.867,0.161734
127.867,0.161734
127.867,0.161734
127.867,0.161734
127.867,0.161734
127.867,0.161734
127.867,0.161734
127.867,0.161734
127.867,0.161734
127.867,0.161734
127.867,0.161734
127.867,0.161734
127.867,0.161734
128.8,0.114964
128.8,0.114964
128.8,0.114964
128.8,0.114964
128.8,0.114964
128.8,0.114964
128.8,0.114964
128.8,0.114964
128.8,0.114964
128.8,0.114964
128.8,0.114964
128.8,0.114964
128.8,0.114964
128.8,0.114964
129.733,0.0836886
129.733,0.0836886
129.733,0.0836886
129.733,0.0836886
129.733,0.0836886
129.733,0.0836886
129.733,0.0836886
129.733,0.0836886
129.733,0.0836886
129.733,0.0836886
129.733,0.0836886
129.733,0.0836886
129.733,0.0836886
129.733,0.0836886
130.667,0.0294454
130.667,0.0294454
130.667,0.0294454
130.667,0.0294454
130.667,0.0294454
130.667,0.0294454
130.667,0.0294454
130.667,0.0294454
130.667,0.0294454
130.667,0.0294454
130.667,0.0294454
130.667,0.0294454
130.667,0.0294454
130.667,0.0294454
131.6,0.0010659
131.6,0.0010659
131.6,0.0010659
131.6,0.0010659
131.6,0.0010659
131.6,0.0010659
131.6,0.0010659
131.6,0.0010659
131.6,0.0010659
131.6,0.0010659
131.6,0.0010659
131.6,0.0010659
131.6,0.0010659
131.6,0.0010659
132.533,0.00141858
132.533,0.00141858
132.533,0.00141858
132.533,0.00141858
132.533,0.00141858
132.533,0.00141858
132.533,0.00141858
132.533,0.00141858
132.533,0.00141858
132.533,0.00141858
132.533,0.00141858
132.533,0.00141858
132.533,0.00141858
132.533,0.00141858
133.467,0.020256
133.467,0.020256
133.467,0.020256
133.467,0.020256
133.467,0.020256
133.467,0.020256
133.467,0.020256
133.467,0.020256
133.467,0.020256
133.467,0.020256
133.467,0.020256
133.467,0.020256
133.467,0.020256
133.467,0.020256
134.4,0.177966
134.4,0.177966
134.4,0.177966
134.4,0.177966
134.4,0.177966
134.4,0.177966
134.4,0.177966
134.4,0.177966
134.4,0.177966
134.4,0.177966
134.4,0.177966
134.4,0.177966
134.4,0.177966
134.4,0.177966
135.333,0.208967
135.333,0.208967
135.333,0.208967
135.333,0.208967
135.333,0.208967
135.333,0.208967
135.333,0.208967
135.333,0.208967
135.333,0.208967
135.333,0.208967
135.333,0.208967
135.333,0.208967
135.333,0.208967
135.333,0.208967
136.267,0.0983722
136.267,0.0983722
136.267,0.0983722
136.267,0.0983722
136.267,0.0983722
136.267,0.0983722
136.267,0.0983722
136.267,0.0983722
136.267,0.0983722
136.267,0.0983722
136.267,0.0983722
136.267,0.0983722
136.267,0.0983722
136.267,0.0983722
137.2,0.0400613
137.2,0.0400613
137.2,0.0400613
137.2,0.0400613
137.2,0.0400613
137.2,0.0400613
137.2,0.0400613
137.2,0.0400613
137.2,0.0400613
137.2,0.0400613
137.2,0.0400613
137.2,0.0400613
137.2,0.0400613
137.2,0.0400613
138.133,0.0148795
138.133,0.0148795
138.133,0.0148795
138.133,0.0148795
138.133,0.0148795
138.133,0.0148795
138.133,0.0148795
138.133,0.0148795
138.133,0.0148795
138.133,0.0148795
138.133,0.0148795
138.133,0.0148795
138.133,0.0148795
138.133,0.0148795
139.067,0.00499639
139.067,0.00499639
139.067,0.00499639
139.067,0.00499639
139.067,0.00499639
139.067,0.00499639
139.067,0.00499639
139.067,0.00499639
139.067,0.00499639
139.067,0.00499639
139.067,0.00499639
139.067,0.00499639
139.067,0.00499639
139.067,0.00499639
140,0.00608972
140,0.00608972
140,0.00608972
140,0.00608972
140,0.00608972
140,0.00608972
140,0.00608972
140,0.00608972
140,0.00608972
140,0.00608972
140,0.00608972
140,0.00608972
140,0.00608972
140,0.00608972
140.933,0.0454652
140.933,0.0454652
140.933,0.0454652
140.933,0.0454652
140.933,0.0454652
140.933,0.0454652
140.933,0.0454652
140.933,0.0454652
140.933,0.0454652
140.933,0.0454652
140.933,0.0454652
140.933,0.0454652
140.933,0.0454652
140.933,0.0454652
141.867,0.13919
141.867,0.13919
141.867,0.13919
141.867,0.13919
141.867,0.13919
141.867,0.13919
141.867,0.13919
141.867,0.13919
141.867,0.13919
141.867,0.13919
141.867,0.13919
141.867,0.13919
141.867,0.13919
141.867,0.13919
142.8,0.188331
142.8,0.188331
142.8,0.188331
142.8,0.188331
142.8,0.188331
142.8,0.188331
142.8,0.188331
142.8,0.188331
142.8,0.188331
142.8,0.188331
142.8,0.188331
142.8,0.188331
142.8,0.188331
142.8,0.188331
143.733,0.214637
143.733,0.214637
143.733,0.214637
143.733,0.214637
143.733,0.214637
143.733,0.214637
143.733,0.214637
143.733,0.214637
143.733,0.214637
143.733,0.214637
143.733,0.214637
143.733,0.214637
143.733,0.214637
143.733,0.214637
144.667,0.165786
144.667,0.165786
144.667,0.165786
144.667,0.165786
144.667,0.165786
144.667,0.165786
144.667,0.165786
144.667,0.165786
144.667,0.165786
144.667,0.165786
144.667,0.165786
144.667,0.165786
144.667,0.165786
144.667,0.165786
145.6,0.0722067
145.6,0.0722067
145.6,0.0722067
145.6,0.0722067
145.6,0.0722067
145.6,0.0722067
145.6,0.0722067
145.6,0.0722067
145.6,0.0722067
145.6,0.0722067
145.6,0.0722067
145.6,0.0722067
145.6,0.0722067
145.6,0.0722067
146.533,0.0108588
146.533,0.0108588
146.533,0.0108588
146.533,0.0108588
146.533,0.0108588
146.533,0.0108588
146.533,0.0108588
146.533,0.0108588
146.533,0.0108588
146.533,0.0108588
146.533,0.0108588
146.533,0.0108588
146.533,0.0108588
146.533,0.0108588
147.467,0.00102279
147.467,0.00102279
147.467,0.00102279
147.467,0.00102279
147.467,0.00102279
147.467,0.00102279
147.467,0.00102279
147.467,0.00102279
147.467,0.00102279
147.467,0.00102279
147.467,0.00102279
147.467,0.00102279
147.467,0.00102279
147.467,0.00102279
148.4,0.00133237
148.4,0.00133237
148.4,0.00133237
148.4,0.00133237
148.4,0.00133237
148.4,0.00133237
148.4,0.00133237
148.4,0.00133237
148.4,0.00133237
148.4,0.00133237
148.4,0.00133237
148.4,0.00133237
148.4,0.00133237
148.4,0.00133237
149.333,0.00182221
149.333,0.00182221
149.333,0.00182221
149.333,0.00182221
149.333,0.00182221
149.333,0.00182221
149.333,0.00182221
149.333,0.00182221
149.333,0.00182221
149.333,0.00182221
149.333,0.00182221
149.333,0.00182221
149.333,0.00182221
149.333,0.00182221
150.267,0.00166938
150.267,0.00166938
150.267,0.00166938
150.267,0.00166938
150.267,0.00166938
150.267,0.00166938
150.267,0.00166938
150.267,0.00166938
150.267,0.00166938
150.267,0.00166938
150.267,0.00166938
150.267,0.00166938
150.267,0.00166938
150.267,0.00166938
151.2,0.0194918
151.2,0.0194918
151.2,0.0194918
151.2,0.0194918
151.2,0.0194918
151.2,0.0194918
151.2,0.0194918
151.2,0.0194918
151.2,0.0194918
151.2,0.0194918
151.2,0.0194918
151.2,0.0194918
151.2,0.0194918
151.2,0.0194918
152.133,0.0608345
152.133,0.0608345
152.133,0.0608345
152.133,0.0608345
152.133,0.0608345
152.133,0.0608345
152.133,0.0608345
152.133,0.0608345
152.133,0.0608345
152.133,0.0608345
152.133,0.0608345
152.133,0.0608345
152.133,0.0608345
152.133,0.0608345
153.067,0.0638285
153.067,0.0638285
153.067,0.0638285
153.067,0.0638285
153.067,0.0638285
153.067,0.0638285
153.067,0.0638285
153.067,0.0638285
153.067,0.0638285
153.067,0.0638285
153.067,0.0638285
153.067,0.0638285
153.067,0.0638285
153.067,0.0638285
154,0.0442347
154,0.0442347
154,0.0442347
154,0.0442347
154,0.0442347
154,0.0442347
154,0.0442347
154,0.0442347
154,0.0442347
154,0.0442347
154,0.0442347
154,0.0442347
154,0.0442347
154,0.0442347
154.933,0.0270746
154.933,0.0270746
154.933,0.0270746
154.933,0.0270746
154.933,0.0270746
154.933,0.0270746
154.933,0.0270746
154.933,0.0270746
154.933,0.0270746
154.933,0.0270746
154.933,0.0270746
154.933,0.0270746
154.933,0.0270746
154.933,0.0270746
155.867,0.0146835
155.867,0.0146835
155.867,0.0146835
155.867,0.0146835
155.867,0.0146835
155.867,0.0146835
155.867,0.0146835
155.867,0.0146835
155.867,0.0146835
155.867,0.0146835
155.867,0.0146835
155.867,0.0146835
155.867,0.0146835
155.867,0.0146835
156.8,0.00438899
156.8,0.00438899
156.8,0.00438899
156.8,0.00438899
156.8,0.00438899
156.8,0.00438899
156.8,0.00438899
156.8,0.00438899
156.8,0.00438899
156.8,0.00438899
156.8,0.00438899
156.8,0.00438899
156.8,0.00438899
156.8,0.00438899
157.733,0.00655605
157.733,0.00655605
157.733,0.00655605
157.733,0.00655605
157.733,0.00655605
157.733,0.00655605
157.733,0.00655605
157.733,0.00655605
157.733,0.00655605
157.733,0.00655605
157.733,0.00655605
157.733,0.00655605
157.733,0.00655605
157.733,0.00655605
158.667,0.00503558
158.667,0.00503558
158.667,0.00503558
158.667,0.00503558
158.667,0.00503558
158.667,0.00503558
158.667,0.00503558
158.667,0.00503558
158.667,0.00503558
158.667,0.00503558
158.667,0.00503558
158.667,0.00503558
158.667,0.00503558
158.667,0.00503558
159.6,0.0623668
159.6,0.0623668
159.6,0.0623668
159.6,0.0623668
159.6,0.0623668
159.6,0.0623668
159.6,0.0623668
159.6,0.0623668
159.6,0.0623668
159.6,0.0623668
159.6,0.0623668
159.6,0.0623668
159.6,0.0623668
159.6,0.0623668
160.533,0.068578
160.533,0.068578
160.533,0.068578
160.533,0.068578
160.533,0.068578
160.533,0.068578
160.533,0.068578
160.533,0.068578
160.533,0.068578
160.533,0.068578
160.533,0.068578
160.533,0.068578
160.533,0.068578
160.533,0.068578
161.467,0.011286
161.467,0.011286
161.467,0.011286
161.467,0.011286
161.467,0.011286
161.467,0.011286
161.467,0.011286
161.467,0.011286
161.467,0.011286
161.467,0.011286
161.467,0.011286
161.467,0.011286
161.467,0.011286
161.467,0.011286
162.4,0.0357663
162.4,0.0357663
162.4,0.0357663
162.4,0.0357663
162.4,0.0357663
162.4,0.0357663
162.4,0.0357663
162.4,0.0357663
162.4,0.0357663
162.4,0.0357663
162.4,0.0357663
162.4,0.0357663
162.4,0.0357663
162.4,0.0357663
163.333,0.0474755
163.333,0.0474755
163.333,0.0474755
163.333,0.0474755
163.333,0.0474755
163.333,0.0474755
163.333,0.0474755
163.333,0.0474755
163.333,0.0474755
163.333,0.0474755
163.333,0.0474755
163.333,0.0474755
163.333,0.0474755
163.333,0.0474755
164.267,0.0242884
164.267,0.0242884
164.267,0.0242884
164.267,0.0242884
164.267,0.0242884
164.267,0.0242884
164.267,0.0242884
164.267,0.0242884
164.267,0.0242884
164.267,0.0242884
164.267,0.0242884
164.267,0.0242884
164.267,0.0242884
164.267,0.0242884
165.2,0.00553326
165.2,0.00553326
165.2,0.00553326
165.2,0.00553326
165.2,0.00553326
165.2,0.00553326
165.2,0.00553326
165.2,0.00553326
165.2,0.00553326
165.2,0.00553326
165.2,0.00553326
165.2,0.00553326
165.2,0.00553326
165.2,0.00553326
166.133,0.00961267
166.133,0.00961267
166.133,0.00961267
166.133,0.00961267
166.133,0.00961267
166.133,0.00961267
166.133,0.00961267
166.133,0.00961267
166.133,0.00961267
166.133,0.00961267
166.133,0.00961267
166.133,0.00961267
166.133,0.00961267
166.133,0.00961267
167.067,0.00947943
167.067,0.00947943
167.067,0.00947943
167.067,0.00947943
167.067,0.00947943
167.067,0.00947943
167.067,0.00947943
167.067,0.00947943
167.067,0.00947943
167.067,0.00947943
167.067,0.00947943
167.067,0.00947943
167.067,0.00947943
167.067,0.00947943
168,0.0592279
168,0.0592279
168,0.0592279
168,0.0592279
168,0.0592279
168,0.0592279
168,0.0592279
168,0.0592279
168,0.0592279
168,0.0592279
168,0.0592279
168,0.0592279
168,0.0592279
168,0.0592279
168.933,0.0697732
168.933,0.0697732
168.933,0.0697732
168.933,0.0697732
168.933,0.0697732
168.933,0.0697732
168.933,0.0697732
168.933,0.0697732
168.933,0.0697732
168.933,0.0697732
168.933,0.0697732
168.933,0.0697732
168.933,0.0697732
168.933,0.0697732
169.867,0.0614537
169.867,0.0614537
169.867,0.0614537
169.867,0.0614537
169.867,0.0614537
169.867,0.0614537
169.867,0.0614537
169.867,0.0614537
169.867,0.0614537
169.867,0.0614537
169.867,0.0614537
169.867,0.0614537
169.867,0.0614537
169.867,0.0614537
170.8,0.00255502
170.8,0.00255502
170.8,0.00255502
170.8,0.00255502
170.8,0.00255502
170.8,0.00255502
170.8,0.00255502
170.8,0.00255502
170.8,0.00255502
170.8,0.00255502
170.8,0.00255502
170.8,0.00255502
170.8,0.00255502
170.8,0.00255502
171.733,0.00202991
171.733,0.00202991
171.733,0.00202991
171.733,0.00202991
171.733,0.00202991
171.733,0.00202991
171.733,0.00202991
171.733,0.00202991
171.733,0.00202991
171.733,0.00202991
171.733,0.00202991
171.733,0.00202991
171.733,0.00202991
171.733,0.00202991
172.667,0.00194761
172.667,0.00194761
172.667,0.00194761
172.667,0.00194761
172.667,0.00194761
172.667,0.00194761
172.667,0.00194761
172.667,0.00194761
172.667,0.00194761
172.667,0.00194761
172.667,0.00194761
172.667,0.00194761
172.667,0.00194761
172.667,0.00194761
173.6,0.00174776
173.6,0.00174776
173.6,0.00174776
173.6,0.00174776
173.6,0.00174776
173.6,0.00174776
173.6,0.00174776
173.6,0.00174776
173.6,0.00174776
173.6,0.00174776
173.6,0.00174776
173.6,0.00174776
173.6,0.00174776
173.6,0.00174776
174.533,0.00187708
174.533,0.00187708
174.533,0.00187708
174.533,0.00187708
174.533,0.00187708
174.533,0.00187708
174.533,0.00187708
174.533,0.00187708
174.533,0.00187708
174.533,0.00187708
174.533,0.00187708
174.533,0.00187708
174.533,0.00187708
174.533,0.00187708
175.467,0.0368087
175.467,0.0368087
175.467,0.0368087
175.467,0.0368087
175.467,0.0368087
175.467,0.0368087
175.467,0.0368087
175.467,0.0368087
175.467,0.0368087
175.467,0.0368087
175.467,0.0368087
175.467,0.0368087
175.467,0.0368087
175.467,0.0368087
176.4,0.120713
176.4,0.120713
176.4,0.120713
176.4,0.120713
176.4,0.120713
176.4,0.120713
176.4,0.120713
176.4,0.120713
176.4,0.120713
176.4,0.120713
176.4,0.120713
176.4,0.120713
176.4,0.120713
176.4,0.120713
177.333,0.142842
177.333,0.142842
177.333,0.142842
177.333,0.142842
177.333,0.142842
177.333,0.142842
177.333,0.142842
177.333,0.142842
177.333,0.142842
177.333,0.142842
177.333,0.142842
177.333,0.142842
177.333,0.142842
177.333,0.142842
178.267,0.123813
178.267,0.123813
178.267,0.123813
178.267,0.123813
178.267,0.123813
178.267,0.123813
178.267,0.123813
178.267,0.123813
178.267,0.123813
178.267,0.123813
178.267,0.123813
178.267,0.123813
178.267,0.123813
178.267,0.123813
179.2,0.093893
179.2,0.093893
179.2,0.093893
179.2,0.093893
179.2,0.093893
179.2,0.093893
179.2,0.093893
179.2,0.093893
179.2,0.093893
179.2,0.093893
179.2,0.093893
179.2,0.093893
179.2,0.093893
179.2,0.093893
180.133,0.0341675
180.133,0.0341675
180.133,0.0341675
180.133,0.0341675
180.133,0.0341675
180.133,0.0341675
180.133,0.0341675
180.133,0.0341675
180.133,0.0341675
180.133,0.0341675
180.133,0.0341675
180.133,0.0341675
180.133,0.0341675
180.133,0.0341675
181.067,0.0362523
181.067,0.0362523
181.067,0.0362523
181.067,0.0362523
181.067,0.0362523
181.067,0.0362523
181.067,0.0362523
181.067,0.0362523
181.067,0.0362523
181.067,0.0362523
181.067,0.0362523
181.067,0.0362523
181.067,0.0362523
181.067,0.0362523
182,0.0549251
182,0.0549251
182,0.0549251
182,0.0549251
182,0.0549251
182,0.0549251
182,0.0549251
182,0.0549251
182,0.0549251
182,0.0549251
182,0.0549251
182,0.0549251
182,0.0549251
182,0.0549251
182.933,0.0808515
182.933,0.0808515
182.933,0.0808515
182.933,0.0808515
182.933,0.0808515
182.933,0.0808515
182.933,0.0808515
182.933,0.0808515
182.933,0.0808515
182.933,0.0808515
182.933,0.0808515
182.933,0.0808515
182.933,0.0808515
182.933,0.0808515
183.867,0.0899782
183.867,0.0899782
183.867,0.0899782
183.867,0.0899782
183.867,0.0899782
183.867,0.0899782
183.867,0.0899782
183.867,0.0899782
183.867,0.0899782
183.867,0.0899782
183.867,0.0899782
183.867,0.0899782
183.867,0.0899782
183.867,0.0899782
184.8,0.0948218
184.8,0.0948218
184.8,0.0948218
184.8,0.0948218
184.8,0.0948218
184.8,0.0948218
184.8,0.0948218
184.8,0.0948218
184.8,0.0948218
184.8,0.0948218
184.8,0.0948218
184.8,0.0948218
184.8,0.0948218
184.8,0.0948218
185.733,0.0965695
185.733,0.0965695
185.733,0.0965695
185.733,0.0965695
185.733,0.0965695
185.733,0.0965695
185.733,0.0965695
185.733,0.0965695
185.733,0.0965695
185.733,0.0965695
185.733,0.0965695
185.733,0.0965695
185.733,0.0965695
185.733,0.0965695
186.667,0.0981801
186.667,0.0981801
186.667,0.0981801
186.667,0.0981801
186.667,0.0981801
186.667,0.0981801
186.667,0.0981801
186.667,0.0981801
186.667,0.0981801
186.667,0.0981801
186.667,0.0981801
186.667,0.0981801
186.667,0.0981801
186.667,0.0981801
187.6,0.0987405
187.6,0.0987405
187.6,0.0987405
187.6,0.0987405
187.6,0.0987405
187.6,0.0987405
187.6,0.0987405
187.6,0.0987405
187.6,0.0987405
187.6,0.0987405
187.6,0.0987405
187.6,0.0987405
187.6,0.0987405
187.6,0.0987405
188.533,0.0995047
188.533,0.0995047
188.533,0.0995047
188.533,0.0995047
188.533,0.0995047
188.533,0.0995047
188.533,0.0995047
188.533,0.0995047
188.533,0.0995047
188.533,0.0995047
188.533,0.0995047
188.533,0.0995047
188.533,0.0995047
188.533,0.0995047
189.467,0.101656
189.467,0.101656
189.467,0.101656
189.467,0.101656
189.467,0.101656
189.467,0.101656
189.467,0.101656
189.467,0.101656
189.467,0.101656
189.467,0.101656
189.467,0.101656
189.467,0.101656
189.467,0.101656
189.467,0.101656
190.4,0.102546
190.4,0.102546
190.4,0.102546
190.4,0.102546
190.4,0.102546
190.4,0.102546
190.4,0.102546
190.4,0.102546
190.4,0.102546
190.4,0.102546
190.4,0.102546
190.4,0.102546
190.4,0.102546
190.4,0.102546
191.333,0.103851
191.333,0.103851
191.333,0.103851
191.333,0.103851
191.333,0.103851
191.333,0.103851
191.333,0.103851
191.333,0.103851
191.333,0.103851
191.333,0.103851
191.333,0.103851
191.333,0.103851
191.333,0.103851
191.333,0.103851
192.267,0.109188
192.267,0.109188
192.267,0.109188
192.267,0.109188
192.267,0.109188
192.267,0.109188
192.267,0.109188
192.267,0.109188
192.267,0.109188
192.267,0.109188
192.267,0.109188
192.267,0.109188
192.267,0.109188
192.267,0.109188
193.2,0.107205
193.2,0.107205
193.2,0.107205
193.2,0.107205
193.2,0.107205
193.2,0.107205
193.2,0.107205
193.2,0.107205
193.2,0.107205
193.2,0.107205
193.2,0.107205
193.2,0.107205
193.2,0.107205
193.2,0.107205
194.133,0.106978
194.133,0.106978
194.133,0.106978
194.133,0.106978
194.133,0.106978
194.133,0.106978
194.133,0.106978
194.133,0.106978
194.133,0.106978
194.133,0.106978
194.133,0.106978
194.133,0.106978
194.133,0.106978
194.133,0.106978
195.067,0.105681
195.067,0.105681
195.067,0.105681
195.067,0.105681
195.067,0.105681
195.067,0.105681
195.067,0.105681
195.067,0.105681
195.067,0.105681
195.067,0.105681
195.067,0.105681
195.067,0.105681
195.067,0.105681
195.067,0.105681
196,0.111955
196,0.111955
196,0.111955
196,0.111955
196,0.111955
196,0.111955
196,0.111955
196,0.111955
196,0.111955
196,0.111955
196,0.111955
196,0.111955
196,0.111955
196,0.111955
196.933,0.137058
196.933,0.137058
196.933,0.137058
196.933,0.137058
196.933,0.137058
196.933,0.137058
196.933,0.137058
196.933,0.137058
196.933,0.137058
196.933,0.137058
196.933,0.137058
196.933,0.137058
196.933,0.137058
196.933,0.137058
197.867,0.164799
197.867,0.164799
197.867,0.164799
197.867,0.164799
197.867,0.164799
197.867,0.164799
197.867,0.164799
197.867,0.164799
197.867,0.164799
197.867,0.164799
197.867,0.164799
197.867,0.164799
197.867,0.164799
197.867,0.164799
198.8,0.193468
198.8,0.193468
198.8,0.193468
198.8,0.193468
198.8,0.193468
198.8,0.193468
198.8,0.193468
198.8,0.193468
198.8,0.193468
198.8,0.193468
198.8,0.193468
198.8,0.193468
198.8,0.193468
198.8,0.193468
199.733,0.254816
199.733,0.254816
199.733,0.254816
199.733,0.254816
199.733,0.254816
199.733,0.254816
199.733,0.254816
199.733,0.254816
199.733,0.254816
199.733,0.254816
199.733,0.254816
199.733,0.254816
199.733,0.254816
199.733,0.254816
200.667,0.29264
200.667,0.29264
200.667,0.29264
200.667,0.29264
200.667,0.29264
200.667,0.29264
200.667,0.29264
200.667,0.29264
200.667,0.29264
200.667,0.29264
200.667,0.29264
200.667,0.29264
200.667,0.29264
200.667,0.29264
201.6,0.322567
201.6,0.322567
201.6,0.322567
201.6,0.322567
201.6,0.322567
201.6,0.322567
201.6,0.322567
201.6,0.322567
201.6,0.322567
201.6,0.322567
201.6,0.322567
201.6,0.322567
201.6,0.322567
201.6,0.322567
202.533,0.310505
202.533,0.310505
202.533,0.310505
202.533,0.310505
202.533,0.310505
202.533,0.310505
202.533,0.310505
202.533,0.310505
202.533,0.310505
202.533,0.310505
202.533,0.310505
202.533,0.310505
202.533,0.310505
202.533,0.310505
203.467,0.313891
203.467,0.313891
203.467,0.313891
203.467,0.313891
203.467,0.313891
203.467,0.313891
203.467,0.313891
203.467,0.313891
203.467,0.313891
203.467,0.313891
203.467,0.313891
203.467,0.313891
203.467,0.313891
203.467,0.313891
204.4,0.339994
204.4,0.339994
204.4,0.339994
204.4,0.339994
204.4,0.339994
204.4,0.339994
204.4,0.339994
204.4,0.339994
204.4,0.339994
204.4,0.339994
204.4,0.339994
204.4,0.339994
204.4,0.339994
204.4,0.339994
205.333,0.355351
205.333,0.355351
205.333,0.355351
205.333,0.355351
205.333,0.355351
205.333,0.355351
205.333,0.355351
205.333,0.355351
205.333,0.355351
205.333,0.355351
205.333,0.355351
205.333,0.355351
205.333,0.355351
205.333,0.355351
206.267,0.363193
206.267,0.363193
206.267,0.363193
206.267,0.363193
206.267,0.363193
206.267,0.363193
206.267,0.363193
206.267,0.363193
206.267,0.363193
206.267,0.363193
206.267,0.363193
206.267,0.363193
206.267,0.363193
206.267,0.363193
207.2,0.358855
207.2,0.358855
207.2,0.358855
207.2,0.358855
207.2,0.358855
207.2,0.358855
207.2,0.358855
207.2,0.358855
207.2,0.358855
207.2,0.358855
207.2,0.358855
207.2,0.358855
207.2,0.358855
207.2,0.358855
208.133,0.347471
208.133,0.347471
208.133,0.347471
208.133,0.347471
208.133,0.347471
208.133,0.347471
208.133,0.347471
208.133,0.347471
208.133,0.347471
208.133,0.347471
208.133,0.347471
208.133,0.347471
208.133,0.347471
208.133,0.347471
209.067,0.353153
209.067,0.353153
209.067,0.353153
209.067,0.353153
209.067,0.353153
209.067,0.353153
209.067,0.353153
209.067,0.353153
209.067,0.353153
209.067,0.353153
209.067,0.353153
209.067,0.353153
209.067,0.353153
209.067,0.353153
210,0.364553
210,0.364553
210,0.364553
210,0.364553
210,0.364553
210,0.364553
210,0.364553
210,0.364553
210,0.364553
210,0.364553
210,0.364553
210,0.364553
210,0.364553
210,0.364553
210.933,0.37065
210.933,0.37065
210.933,0.37065
210.933,0.37065
210.933,0.37065
210.933,0.37065
210.933,0.37065
210.933,0.37065
210.933,0.37065
210.933,0.37065
210.933,0.37065
210.933,0.37065
210.933,0.37065
210.933,0.37065
211.867,0.373965
211.867,0.373965
211.867,0.373965
211.867,0.373965
211.867,0.373965
211.867,0.373965
211.867,0.373965
211.867,0.373965
211.867,0.373965
211.867,0.373965
211.867,0.373965
211.867,0.373965
211.867,0.373965
211.867,0.373965
212.8,0.391275
212.8,0.391275
212.8,0.391275
212.8,0.391275
212.8,0.391275
212.8,0.391275
212.8,0.391275
212.8,0.391275
212.8,0.391275
212.8,0.391275
212.8,0.391275
212.8,0.391275
212.8,0.391275
212.8,0.391275
213.733,0.409873
213.733,0.409873
213.733,0.409873
213.733,0.409873
213.733,0.409873
213.733,0.409873
213.733,0.409873
213.733,0.409873
213.733,0.409873
213.733,0.409873
213.733,0.409873
213.733,0.409873
213.733,0.409873
213.733,0.409873
214.667,0.411511
214.667,0.411511
214.667,0.411511
214.667,0.411511
214.667,0.411511
214.667,0.411511
214.667,0.411511
214.667,0.411511
214.667,0.411511
214.667,0.411511
214.667,0.411511
214.667,0.411511
214.667,0.411511
214.667,0.411511
215.6,0.416621
215.6,0.416621
215.6,0.416621
215.6,0.416621
215.6,0.416621
215.6,0.416621
215.6,0.416621
215.6,0.416621
215.6,0.416621
215.6,0.416621
215.6,0.416621
215.6,0.416621
215.6,0.416621
215.6,0.416621
216.533,0.41329
216.533,0.41329
216.533,0.41329
216.533,0.41329
216.533,0.41329
216.533,0.41329
216.533,0.41329
216.533,0.41329
216.533,0.41329
216.533,0.41329
216.533,0.41329
216.533,0.41329
216.533,0.41329
216.533,0.41329
217.467,0.413353
217.467,0.413353
217.467,0.413353
217.467,0.413353
217.467,0.413353
217.467,0.413353
217.467,0.413353
217.467,0.413353
217.467,0.413353
217.467,0.413353
217.467,0.413353
217.467,0.413353
217.467,0.413353
217.467,0.413353
218.4,0.420222
218.4,0.420222
218.4,0.420222
218.4,0.420222
218.4,0.420222
218.4,0.420222
218.4,0.420222
218.4,0.420222
218.4,0.420222
218.4,0.420222
218.4,0.420222
218.4,0.420222
218.4,0.420222
218.4,0.420222
219.333,0.407819
219.333,0.407819
219.333,0.407819
219.333,0.407819
219.333,0.407819
219.333,0.407819
219.333,0.407819
219.333,0.407819
219.333,0.407819
219.333,0.407819
219.333,0.407819
219.333,0.407819
219.333,0.407819
219.333,0.407819
220.267,0.408752
220.267,0.408752
220.267,0.408752
220.267,0.408752
220.267,0.408752
220.267,0.408752
220.267,0.408752
220.267,0.408752
220.267,0.408752
220.267,0.408752
220.267,0.408752
220.267,0.408752
220.267,0.408752
220.267,0.408752
221.2,0.400766
221.2,0.400766
221.2,0.400766
221.2,0.400766
221.2,0.400766
221.2,0.400766
221.2,0.400766
221.2,0.400766
221.2,0.400766
221.2,0.400766
221.2,0.400766
221.2,0.400766
221.2,0.400766
221.2,0.400766
222.133,0.402184
222.133,0.402184
222.133,0.402184
222.133,0.402184
222.133,0.402184
222.133,0.402184
222.133,0.402184
222.133,0.402184
222.133,0.402184
222.133,0.402184
222.133,0.402184
222.133,0.402184
222.133,0.402184
222.133,0.402184
223.067,0.404512
223.067,0.404512
223.067,0.404512
223.067,0.404512
223.067,0.404512
223.067,0.404512
223.067,0.404512
223.067,0.404512
223.067,0.404512
223.067,0.404512
223.067,0.404512
223.067,0.404512
223.067,0.404512
223.067,0.404512
224,0.401467
224,0.401467
224,0.401467
224,0.401467
224,0.401467
224,0.401467
224,0.401467
224,0.401467
224,0.401467
224,0.401467
224,0.401467
224,0.401467
224,0.401467
224,0.401467
224.933,0.410974
224.933,0.410974
224.933,0.410974
224.933,0.410974
224.933,0.410974
224.933,0.410974
224.933,0.410974
224.933,0.410974
224.933,0.410974
224.933,0.410974
224.933,0.410974
224.933,0.410974
224.933,0.410974
224.933,0.410974
225.867,0.408925
225.867,0.408925
225.867,0.408925
225.867,0.408925
225.867,0.408925
225.867,0.408925
225.867,0.408925
225.867,0.408925
225.867,0.408925
225.867,0.408925
225.867,0.408925
225.867,0.408925
225.867,0.408925
225.867,0.408925
226.8,0.411319
226.8,0.411319
226.8,0.411319
226.8,0.411319
226.8,0.411319
226.8,0.411319
226.8,0.411319
226.8,0.411319
226.8,0.411319
226.8,0.411319
226.8,0.411319
226.8,0.411319
226.8,0.411319
226.8,0.411319
227.733,0.413141
227.733,0.413141
227.733,0.413141
227.733,0.413141
227.733,0.413141
227.733,0.413141
227.733,0.413141
227.733,0.413141
227.733,0.413141
227.733,0.413141
227.733,0.413141
227.733,0.413141
227.733,0.413141
227.733,0.413141
228.667,0.415406
228.667,0.415406
228.667,0.415406
228.667,0.415406
228.667,0.415406
228.667,0.415406
228.667,0.415406
228.667,0.415406
228.667,0.415406
228.667,0.415406
228.667,0.415406
228.667,0.415406
228.667,0.415406
228.667,0.415406
229.6,0.419341
229.6,0.419341
229.6,0.419341
229.6,0.419341
229.6,0.419341
229.6,0.419341
229.6,0.419341
229.6,0.419341
229.6,0.419341
229.6,0.419341
229.6,0.419341
229.6,0.419341
229.6,0.419341
229.6,0.419341
230.533,0.420265
230.533,0.420265
230.533,0.420265
230.533,0.420265
230.533,0.420265
230.533,0.420265
230.533,0.420265
230.533,0.420265
230.533,0.420265
230.533,0.420265
230.533,0.420265
230.533,0.420265
230.533,0.420265
230.533,0.420265
231.467,0.413968
231.467,0.413968
231.467,0.413968
231.467,0.413968
231.467,0.413968
231.467,0.413968
231.467,0.413968
231.467,0.413968
231.467,0.413968
231.467,0.413968
231.467,0.413968
231.467,0.413968
231.467,0.413968
231.467,0.413968
232.4,0.410884
232.4,0.410884
232.4,0.410884
232.4,0.410884
232.4,0.410884
232.4,0.410884
232.4,0.410884
232.4,0.410884
232.4,0.410884
232.4,0.410884
232.4,0.410884
232.4,0.410884
232.4,0.410884
232.4,0.410884
233.333,0.41311
233.333,0.41311
233.333,0.41311
233.333,0.41311
233.333,0.41311
233.333,0.41311
233.333,0.41311
233.333,0.41311
233.333,0.41311
233.333,0.41311
233.333,0.41311
233.333,0.41311
233.333,0.41311
233.333,0.41311
234.267,0.411519
234.267,0.411519
234.267,0.411519
234.267,0.411519
234.267,0.411519
234.267,0.411519
234.267,0.411519
234.267,0.411519
234.267,0.411519
234.267,0.411519
234.267,0.411519
234.267,0.411519
234.267,0.411519
234.267,0.411519
235.2,0.412197
235.2,0.412197
235.2,0.412197
235.2,0.412197
235.2,0.412197
235.2,0.412197
235.2,0.412197
235.2,0.412197
235.2,0.412197
235.2,0.412197
235.2,0.412197
235.2,0.412197
235.2,0.412197
235.2,0.412197
236.133,0.410802
236.133,0.410802
236.133,0.410802
236.133,0.410802
236.133,0.410802
236.133,0.410802
236.133,0.410802
236.133,0.410802
236.133,0.410802
236.133,0.410802
236.133,0.410802
236.133,0.410802
236.133,0.410802
236.133,0.410802
237.067,0.419584
237.067,0.419584
237.067,0.419584
237.067,0.419584
237.067,0.419584
237.067,0.419584
237.067,0.419584
237.067,0.419584
237.067,0.419584
237.067,0.419584
237.067,0.419584
237.067,0.419584
237.067,0.419584
237.067,0.419584
238,0.41329
238,0.41329
238,0.41329
238,0.41329
238,0.41329
238,0.41329
238,0.41329
238,0.41329
238,0.41329
238,0.41329
238,0.41329
238,0.41329
238,0.41329
238,0.41329
238.933,0.419137
238.933,0.419137
238.933,0.419137
238.933,0.419137
238.933,0.419137
238.933,0.419137
238.933,0.419137
238.933,0.419137
238.933,0.419137
238.933,0.419137
238.933,0.419137
238.933,0.419137
238.933,0.419137
238.933,0.419137
239.867,0.413686
239.867,0.413686
239.867,0.413686
239.867,0.413686
239.867,0.413686
239.867,0.413686
239.867,0.413686
239.867,0.413686
239.867,0.413686
239.867,0.413686
239.867,0.413686
239.867,0.413686
239.867,0.413686
239.867,0.413686
240.8,0.414654
240.8,0.414654
240.8,0.414654
240.8,0.414654
240.8,0.414654
240.8,0.414654
240.8,0.414654
240.8,0.414654
240.8,0.414654
240.8,0.414654
240.8,0.414654
240.8,0.414654
240.8,0.414654
240.8,0.414654
241.733,0.415057
241.733,0.415057
241.733,0.415057
241.733,0.415057
241.733,0.415057
241.733,0.415057
241.733,0.415057
241.733,0.415057
241.733,0.415057
241.733,0.415057
241.733,0.415057
241.733,0.415057
241.733,0.415057
241.733,0.415057
242.667,0.415633
242.667,0.415633
242.667,0.415633
242.667,0.415633
242.667,0.415633
242.667,0.415633
242.667,0.415633
242.667,0.415633
242.667,0.415633
242.667,0.415633
242.667,0.415633
242.667,0.415633
242.667,0.415633
242.667,0.415633
243.6,0.415065
243.6,0.415065
243.6,0.415065
243.6,0.415065
243.6,0.415065
243.6,0.415065
243.6,0.415065
243.6,0.415065
243.6,0.415065
243.6,0.415065
243.6,0.415065
243.6,0.415065
243.6,0.415065
243.6,0.415065
244.533,0.415191
244.533,0.415191
244.533,0.415191
244.533,0.415191
244.533,0.415191
244.533,0.415191
244.533,0.415191
244.533,0.415191
244.533,0.415191
244.533,0.415191
244.533,0.415191
244.533,0.415191
244.533,0.415191
244.533,0.415191
245.467,0.417942
245.467,0.417942
245.467,0.417942
245.467,0.417942
245.467,0.417942
245.467,0.417942
245.467,0.417942
245.467,0.417942
245.467,0.417942
245.467,0.417942
245.467,0.417942
245.467,0.417942
245.467,0.417942
245.467,0.417942
246.4,0.417624
246.4,0.417624
246.4,0.417624
246.4,0.417624
246.4,0.417624
246.4,0.417624
246.4,0.417624
246.4,0.417624
246.4,0.417624
246.4,0.417624
246.4,0.417624
246.4,0.417624
246.4,0.417624
246.4,0.417624
247.333,0.419054
247.333,0.419054
247.333,0.419054
247.333,0.419054
247.333,0.419054
247.333,0.419054
247.333,0.419054
247.333,0.419054
247.333,0.419054
247.333,0.419054
247.333,0.419054
247.333,0.419054
247.333,0.419054
247.333,0.419054
248.267,0.4188
248.267,0.4188
248.267,0.4188
248.267,0.4188
248.267,0.4188
248.267,0.4188
248.267,0.4188
248.267,0.4188
248.267,0.4188
248.267,0.4188
248.267,0.4188
248.267,0.4188
248.267,0.4188
248.267,0.4188
249.2,0.418475
249.2,0.418475
249.2,0.418475
249.2,0.418475
249.2,0.418475
249.2,0.418475
249.2,0.418475
249.2,0.418475
249.2,0.418475
249.2,0.418475
249.2,0.418475
249.2,0.418475
249.2,0.418475
249.2,0.418475
250.133,0.414767
250.133,0.414767
250.133,0.414767
250.133,0.414767
250.133,0.414767
250.133,0.414767
250.133,0.414767
250.133,0.414767
250.133,0.414767
250.133,0.414767
250.133,0.414767
250.133,0.414767
250.133,0.414767
250.133,0.414767
251.067,0.408987
251.067,0.408987
251.067,0.408987
251.067,0.408987
251.067,0.408987
251.067,0.408987
251.067,0.408987
251.067,0.408987
251.067,0.408987
251.067,0.408987
251.067,0.408987
251.067,0.408987
251.067,0.408987
251.067,0.408987
252,0.413411
252,0.413411
252,0.413411
252,0.413411
252,0.413411
252,0.413411
252,0.413411
252,0.413411
252,0.413411
252,0.413411
252,0.413411
252,0.413411
252,0.413411
252,0.413411
252.933,0.425548
252.933,0.425548
252.933,0.425548
252.933,0.425548
252.933,0.425548
252.933,0.425548
252.933,0.425548
252.933,0.425548
252.933,0.425548
252.933,0.425548
252.933,0.425548
252.933,0.425548
252.933,0.425548
252.933,0.425548
253.867,0.432723
253.867,0.432723
253.867,0.432723
253.867,0.432723
253.867,0.432723
253.867,0.432723
253.867,0.432723
253.867,0.432723
253.867,0.432723
253.867,0.432723
253.867,0.432723
253.867,0.432723
253.867,0.432723
253.867,0.432723
254.8,0.442524
254.8,0.442524
254.8,0.442524
254.8,0.442524
254.8,0.442524
254.8,0.442524
254.8,0.442524
254.8,0.442524
254.8,0.442524
254.8,0.442524
254.8,0.442524
254.8,0.442524
254.8,0.442524
254.8,0.442524
255.733,0.44618
255.733,0.44618
255.733,0.44618
255.733,0.44618
255.733,0.44618
255.733,0.44618
255.733,0.44618
255.733,0.44618
255.733,0.44618
255.733,0.44618
255.733,0.44618
255.733,0.44618
255.733,0.44618
255.733,0.44618
256.667,0.443163
256.667,0.443163
256.667,0.443163
256.667,0.443163
256.667,0.443163
256.667,0.443163
256.667,0.443163
256.667,0.443163
256.667,0.443163
256.667,0.443163
256.667,0.443163
256.667,0.443163
256.667,0.443163
256.667,0.443163
257.6,0.444903
257.6,0.444903
257.6,0.444903
257.6,0.444903
257.6,0.444903
257.6,0.444903
257.6,0.444903
257.6,0.444903
257.6,0.444903
257.6,0.444903
257.6,0.444903
257.6,0.444903
257.6,0.444903
257.6,0.444903
258.533,0.445134
258.533,0.445134
258.533,0.445134
258.533,0.445134
258.533,0.445134
258.533,0.445134
258.533,0.445134
258.533,0.445134
258.533,0.445134
258.533,0.445134
258.533,0.445134
258.533,0.445134
258.533,0.445134
258.533,0.445134
259.467,0.441924
259.467,0.441924
259.467,0.441924
259.467,0.441924
259.467,0.441924
259.467,0.441924
259.467,0.441924
259.467,0.441924
259.467,0.441924
259.467,0.441924
259.467,0.441924
259.467,0.441924
259.467,0.441924
259.467,0.441924
260.4,0.440192
260.4,0.440192
260.4,0.440192
260.4,0.440192
260.4,0.440192
260.4,0.440192
260.4,0.440192
260.4,0.440192
260.4,0.440192
260.4,0.440192
260.4,0.440192
260.4,0.440192
260.4,0.440192
260.4,0.440192
261.333,0.438915
261.333,0.438915
261.333,0.438915
261.333,0.438915
261.333,0.438915
261.333,0.438915
261.333,0.438915
261.333,0.438915
261.333,0.438915
261.333,0.438915
261.333,0.438915
261.333,0.438915
261.333,0.438915
261.333,0.438915
262.267,0.440564
262.267,0.440564
262.267,0.440564
262.267,0.440564
262.267,0.440564
262.267,0.440564
262.267,0.440564
262.267,0.440564
262.267,0.440564
262.267,0.440564
262.267,0.440564
262.267,0.440564
262.267,0.440564
262.267,0.440564
263.2,0.440278
263.2,0.440278
263.2,0.440278
263.2,0.440278
263.2,0.440278
263.2,0.440278
263.2,0.440278
263.2,0.440278
263.2,0.440278
263.2,0.440278
263.2,0.440278
263.2,0.440278
263.2,0.440278
263.2,0.440278
264.133,0.439118
264.133,0.439118
264.133,0.439118
264.133,0.439118
264.133,0.439118
264.133,0.439118
264.133,0.439118
264.133,0.439118
264.133,0.439118
264.133,0.439118
264.133,0.439118
264.133,0.439118
264.133,0.439118
264.133,0.439118
265.067,0.439212
265.067,0.439212
265.067,0.439212
265.067,0.439212
265.067,0.439212
265.067,0.439212
265.067,0.439212
265.067,0.439212
265.067,0.439212
265.067,0.439212
265.067,0.439212
265.067,0.439212
265.067,0.439212
265.067,0.439212
266,0.438891
266,0.438891
266,0.438891
266,0.438891
266,0.438891
266,0.438891
266,0.438891
266,0.438891
266,0.438891
266,0.438891
266,0.438891
266,0.438891
266,0.438891
266,0.438891
266.933,0.439322
266.933,0.439322
266.933,0.439322
266.933,0.439322
266.933,0.439322
266.933,0.439322
266.933,0.439322
266.933,0.439322
266.933,0.439322
266.933,0.439322
266.933,0.439322
266.933,0.439322
266.933,0.439322
266.933,0.439322
267.867,0.438472
267.867,0.438472
267.867,0.438472
267.867,0.438472
267.867,0.438472
267.867,0.438472
267.867,0.438472
267.867,0.438472
267.867,0.438472
267.867,0.438472
267.867,0.438472
267.867,0.438472
267.867,0.438472
267.867,0.438472
268.8,0.432786
268.8,0.432786
268.8,0.432786
268.8,0.432786
268.8,0.432786
268.8,0.432786
268.8,0.432786
268.8,0.432786
268.8,0.432786
268.8,0.432786
268.8,0.432786
268.8,0.432786
268.8,0.432786
268.8,0.432786
269.733,0.436117
269.733,0.436117
269.733,0.436117
269.733,0.436117
269.733,0.436117
269.733,0.436117
269.733,0.436117
269.733,0.436117
269.733,0.436117
269.733,0.436117
269.733,0.436117
269.733,0.436117
269.733,0.436117
269.733,0.436117
270.667,0.438241
270.667,0.438241
270.667,0.438241
270.667,0.438241
270.667,0.438241
270.667,0.438241
270.667,0.438241
270.667,0.438241
270.667,0.438241
270.667,0.438241
270.667,0.438241
270.667,0.438241
270.667,0.438241
270.667,0.438241
271.6,0.432037
271.6,0.432037
271.6,0.432037
271.6,0.432037
271.6,0.432037
271.6,0.432037
271.6,0.432037
271.6,0.432037
271.6,0.432037
271.6,0.432037
271.6,0.432037
271.6,0.432037
271.6,0.432037
271.6,0.432037
272.533,0.439722
272.533,0.439722
272.533,0.439722
272.533,0.439722
272.533,0.439722
272.533,0.439722
272.533,0.439722
272.533,0.439722
272.533,0.439722
272.533,0.439722
272.533,0.439722
272.533,0.439722
272.533,0.439722
272.533,0.439722
273.467,0.438421
273.467,0.438421
273.467,0.438421
273.467,0.438421
273.467,0.438421
273.467,0.438421
273.467,0.438421
273.467,0.438421
273.467,0.438421
273.467,0.438421
273.467,0.438421
273.467,0.438421
273.467,0.438421
273.467,0.438421
274.4,0.437194
274.4,0.437194
274.4,0.437194
274.4,0.437194
274.4,0.437194
274.4,0.437194
274.4,0.437194
274.4,0.437194
274.4,0.437194
274.4,0.437194
274.4,0.437194
274.4,0.437194
274.4,0.437194
274.4,0.437194
275.333,0.440122
275.333,0.440122
275.333,0.440122
275.333,0.440122
275.333,0.440122
275.333,0.440122
275.333,0.440122
275.333,0.440122
275.333,0.440122
275.333,0.440122
275.333,0.440122
275.333,0.440122
275.333,0.440122
275.333,0.440122
276.267,0.442222
276.267,0.442222
276.267,0.442222
276.267,0.442222
276.267,0.442222
276.267,0.442222
276.267,0.442222
276.267,0.442222
276.267,0.442222
276.267,0.442222
276.267,0.442222
276.267,0.442222
276.267,0.442222
276.267,0.442222
277.2,0.453034
277.2,0.453034
277.2,0.453034
277.2,0.453034
277.2,0.453034
277.2,0.453034
277.2,0.453034
277.2,0.453034
277.2,0.453034
277.2,0.453034
277.2,0.453034
277.2,0.453034
277.2,0.453034
277.2,0.453034
278.133,0.469136
278.133,0.469136
278.133,0.469136
278.133,0.469136
278.133,0.469136
278.133,0.469136
278.133,0.469136
278.133,0.469136
278.133,0.469136
278.133,0.469136
278.133,0.469136
278.133,0.469136
278.133,0.469136
278.133,0.469136
279.067,0.461949
279.067,0.461949
279.067,0.461949
279.067,0.461949
279.067,0.461949
279.067,0.461949
279.067,0.461949
279.067,0.461949
279.067,0.461949
279.067,0.461949
279.067,0.461949
279.067,0.461949
279.067,0.461949
279.067,0.461949
280,0.445494
280,0.445494
280,0.445494
280,0.445494
280,0.445494
280,0.445494
280,0.445494
280,0.445494
280,0.445494
280,0.445494
280,0.445494
280,0.445494
280,0.445494
280,0.445494
280.933,0.444526
280.933,0.444526
280.933,0.444526
280.933,0.444526
280.933,0.444526
280.933,0.444526
280.933,0.444526
280.933,0.444526
280.933,0.444526
280.933,0.444526
280.933,0.444526
280.933,0.444526
280.933,0.444526
280.933,0.444526
281.867,0.409399
281.867,0.409399
281.867,0.409399
281.867,0.409399
281.867,0.409399
281.867,0.409399
281.867,0.409399
281.867,0.409399
281.867,0.409399
281.867,0.409399
281.867,0.409399
281.867,0.409399
281.867,0.409399
281.867,0.409399
282.8,0.38348
282.8,0.38348
282.8,0.38348
282.8,0.38348
282.8,0.38348
282.8,0.38348
282.8,0.38348
282.8,0.38348
282.8,0.38348
282.8,0.38348
282.8,0.38348
282.8,0.38348
282.8,0.38348
282.8,0.38348
283.733,0.363052
283.733,0.363052
283.733,0.363052
283.733,0.363052
283.733,0.363052
283.733,0.363052
283.733,0.363052
283.733,0.363052
283.733,0.363052
283.733,0.363052
283.733,0.363052
283.733,0.363052
283.733,0.363052
283.733,0.363052
284.667,0.350755
284.667,0.350755
284.667,0.350755
284.667,0.350755
284.667,0.350755
284.667,0.350755
284.667,0.350755
284.667,0.350755
284.667,0.350755
284.667,0.350755
284.667,0.350755
284.667,0.350755
284.667,0.350755
284.667,0.350755
285.6,0.336769
285.6,0.336769
285.6,0.336769
285.6,0.336769
285.6,0.336769
285.6,0.336769
285.6,0.336769
285.6,0.336769
285.6,0.336769
285.6,0.336769
285.6,0.336769
285.6,0.336769
285.6,0.336769
285.6,0.336769
286.533,0.330855
286.533,0.330855
286.533,0.330855
286.533,0.330855
286.533,0.330855
286.533,0.330855
286.533,0.330855
286.533,0.330855
286.533,0.330855
286.533,0.330855
286.533,0.330855
286.533,0.330855
286.533,0.330855
286.533,0.330855
287.467,0.336926
287.467,0.336926
287.467,0.336926
287.467,0.336926
287.467,0.336926
287.467,0.336926
287.467,0.336926
287.467,0.336926
287.467,0.336926
287.467,0.336926
287.467,0.336926
287.467,0.336926
287.467,0.336926
287.467,0.336926
288.4,0.291617
288.4,0.291617
288.4,0.291617
288.4,0.291617
288.4,0.291617
288.4,0.291617
288.4,0.291617
288.4,0.291617
288.4,0.291617
288.4,0.291617
288.4,0.291617
288.4,0.291617
288.4,0.291617
288.4,0.291617
289.333,0.261893
289.333,0.261893
289.333,0.261893
289.333,0.261893
289.333,0.261893
289.333,0.261893
289.333,0.261893
289.333,0.261893
289.333,0.261893
289.333,0.261893
289.333,0.261893
289.333,0.261893
289.333,0.261893
289.333,0.261893
290.267,0.274422
290.267,0.274422
290.267,0.274422
290.267,0.274422
290.267,0.274422
290.267,0.274422
290.267,0.274422
290.267,0.274422
290.267,0.274422
290.267,0.274422
290.267,0.274422
290.267,0.274422
290.267,0.274422
290.267,0.274422
291.2,0.279442
291.2,0.279442
291.2,0.279442
291.2,0.279442
291.2,0.279442
291.2,0.279442
291.2,0.279442
291.2,0.279442
291.2,0.279442
291.2,0.279442
291.2,0.279442
291.2,0.279442
291.2,0.279442
291.2,0.279442
292.133,0.267325
292.133,0.267325
292.133,0.267325
292.133,0.267325
292.133,0.267325
292.133,0.267325
292.133,0.267325
292.133,0.267325
292.133,0.267325
292.133,0.267325
292.133,0.267325
292.133,0.267325
292.133,0.267325
292.133,0.267325
293.067,0.245113
293.067,0.245113
293.067,0.245113
293.067,0.245113
293.067,0.245113
293.067,0.245113
293.067,0.245113
293.067,0.245113
293.067,0.245113
293.067,0.245113
293.067,0.245113
293.067,0.245113
293.067,0.245113
293.067,0.245113
294,0.247845
294,0.247845
294,0.247845
294,0.247845
294,0.247845
294,0.247845
294,0.247845
294,0.247845
294,0.247845
294,0.247845
294,0.247845
294,0.247845
294,0.247845
294,0.247845
294.933,0.27392
294.933,0.27392
294.933,0.27392
294.933,0.27392
294.933,0.27392
294.933,0.27392
294.933,0.27392
294.933,0.27392
294.933,0.27392
294.933,0.27392
294.933,0.27392
294.933,0.27392
294.933,0.27392
294.933,0.27392
295.867,0.315055
295.867,0.315055
295.867,0.315055
295.867,0.315055
295.867,0.315055
295.867,0.315055
295.867,0.315055
295.867,0.315055
295.867,0.315055
295.867,0.315055
295.867,0.315055
295.867,0.315055
295.867,0.315055
295.867,0.315055
296.8,0.313233
296.8,0.313233
296.8,0.313233
296.8,0.313233
296.8,0.313233
296.8,0.313233
296.8,0.313233
296.8,0.313233
296.8,0.313233
296.8,0.313233
296.8,0.313233
296.8,0.313233
296.8,0.313233
296.8,0.313233
297.733,0.278434
297.733,0.278434
297.733,0.278434
297.733,0.278434
297.733,0.278434
297.733,0.278434
297.733,0.278434
297.733,0.278434
297.733,0.278434
297.733,0.278434
297.733,0.278434
297.733,0.278434
297.733,0.278434
297.733,0.278434
298.667,0.25571
298.667,0.25571
298.667,0.25571
298.667,0.25571
298.667,0.25571
298.667,0.25571
298.667,0.25571
298.667,0.25571
298.667,0.25571
298.667,0.25571
298.667,0.25571
298.667,0.25571
298.667,0.25571
298.667,0.25571
299.6,0.250008
299.6,0.250008
299.6,0.250008
299.6,0.250008
299.6,0.250008
299.6,0.250008
299.6,0.250008
299.6,0.250008
299.6,0.250008
299.6,0.250008
299.6,0.250008
299.6,0.250008
299.6,0.250008
299.6,0.250008
300.533,0.258327
300.533,0.258327
300.533,0.258327
300.533,0.258327
300.533,0.258327
300.533,0.258327
300.533,0.258327
300.533,0.258327
300.533,0.258327
300.533,0.258327
300.533,0.258327
300.533,0.258327
300.533,0.258327
300.533,0.258327
301.467,0.286111
301.467,0.286111
301.467,0.286111
301.467,0.286111
301.467,0.286111
301.467,0.286111
301.467,0.286111
301.467,0.286111
301.467,0.286111
301.467,0.286111
301.467,0.286111
301.467,0.286111
301.467,0.286111
301.467,0.286111
302.4,0.308981
302.4,0.308981
302.4,0.308981
302.4,0.308981
302.4,0.308981
302.4,0.308981
302.4,0.308981
302.4,0.308981
302.4,0.308981
302.4,0.308981
302.4,0.308981
302.4,0.308981
302.4,0.308981
302.4,0.308981
303.333,0.293431
303.333,0.293431
303.333,0.293431
303.333,0.293431
303.333,0.293431
303.333,0.293431
303.333,0.293431
303.333,0.293431
303.333,0.293431
303.333,0.293431
303.333,0.293431
303.333,0.293431
303.333,0.293431
303.333,0.293431
304.267,0.329057
304.267,0.329057
304.267,0.329057
304.267,0.329057
304.267,0.329057
304.267,0.329057
304.267,0.329057
304.267,0.329057
304.267,0.329057
304.267,0.329057
304.267,0.329057
304.267,0.329057
304.267,0.329057
304.267,0.329057
305.2,0.333391
305.2,0.333391
305.2,0.333391
305.2,0.333391
305.2,0.333391
305.2,0.333391
305.2,0.333391
305.2,0.333391
305.2,0.333391
305.2,0.333391
305.2,0.333391
305.2,0.333391
305.2,0.333391
305.2,0.333391
306.133,0.328481
306.133,0.328481
306.133,0.328481
306.133,0.328481
306.133,0.328481
306.133,0.328481
306.133,0.328481
306.133,0.328481
306.133,0.328481
306.133,0.328481
306.133,0.328481
306.133,0.328481
306.133,0.328481
306.133,0.328481
307.067,0.281942
307.067,0.281942
307.067,0.281942
307.067,0.281942
307.067,0.281942
307.067,0.281942
307.067,0.281942
307.067,0.281942
307.067,0.281942
307.067,0.281942
307.067,0.281942
307.067,0.281942
307.067,0.281942
307.067,0.281942
308,0.230802
308,0.230802
308,0.230802
308,0.230802
308,0.230802
308,0.230802
308,0.230802
308,0.230802
308,0.230802
308,0.230802
308,0.230802
308,0.230802
308,0.230802
308,0.230802
308.933,0.252022
308.933,0.252022
308.933,0.252022
308.933,0.252022
308.933,0.252022
308.933,0.252022
308.933,0.252022
308.933,0.252022
308.933,0.252022
308.933,0.252022
308.933,0.252022
308.933,0.252022
308.933,0.252022
308.933,0.252022
309.867,0.263183
309.867,0.263183
309.867,0.263183
309.867,0.263183
309.867,0.263183
309.867,0.263183
309.867,0.263183
309.867,0.263183
309.867,0.263183
309.867,0.263183
309.867,0.263183
309.867,0.263183
309.867,0.263183
309.867,0.263183
310.8,0.224301
310.8,0.224301
310.8,0.224301
310.8,0.224301
310.8,0.224301
310.8,0.224301
310.8,0.224301
310.8,0.224301
310.8,0.224301
310.8,0.224301
310.8,0.224301
310.8,0.224301
310.8,0.224301
310.8,0.224301
311.733,0.16733
311.733,0.16733
311.733,0.16733
311.733,0.16733
311.733,0.16733
311.733,0.16733
311.733,0.16733
311.733,0.16733
311.733,0.16733
311.733,0.16733
311.733,0.16733
311.733,0.16733
311.733,0.16733
311.733,0.16733
312.667,0.170532
312.667,0.170532
312.667,0.170532
312.667,0.170532
312.667,0.170532
312.667,0.170532
312.667,0.170532
312.667,0.170532
312.667,0.170532
312.667,0.170532
312.667,0.170532
312.667,0.170532
312.667,0.170532
312.667,0.170532
313.6,0.169768
313.6,0.169768
313.6,0.169768
313.6,0.169768
313.6,0.169768
313.6,0.169768
313.6,0.169768
313.6,0.169768
313.6,0.169768
313.6,0.169768
313.6,0.169768
313.6,0.169768
313.6,0.169768
313.6,0.169768
314.533,0.231131
314.533,0.231131
314.533,0.231131
314.533,0.231131
314.533,0.231131
314.533,0.231131
314.533,0.231131
314.533,0.231131
314.533,0.231131
314.533,0.231131
314.533,0.231131
314.533,0.231131
314.533,0.231131
314.533,0.231131
315.467,0.232977
315.467,0.232977
315.467,0.232977
315.467,0.232977
315.467,0.232977
315.467,0.232977
315.467,0.232977
315.467,0.232977
315.467,0.232977
315.467,0.232977
315.467,0.232977
315.467,0.232977
315.467,0.232977
315.467,0.232977
316.4,0.20091
316.4,0.20091
316.4,0.20091
316.4,0.20091
316.4,0.20091
316.4,0.20091
316.4,0.20091
316.4,0.20091
316.4,0.20091
316.4,0.20091
316.4,0.20091
316.4,0.20091
316.4,0.20091
316.4,0.20091
317.333,0.130404
317.333,0.130404
317.333,0.130404
317.333,0.130404
317.333,0.130404
317.333,0.130404
317.333,0.130404
317.333,0.130404
317.333,0.130404
317.333,0.130404
317.333,0.130404
317.333,0.130404
317.333,0.130404
317.333,0.130404
318.267,0.063946
318.267,0.063946
318.267,0.063946
318.267,0.063946
318.267,0.063946
318.267,0.063946
318.267,0.063946
318.267,0.063946
318.267,0.063946
318.267,0.063946
318.267,0.063946
318.267,0.063946
318.267,0.063946
318.267,0.063946
319.2,0.00813531
319.2,0.00813531
319.2,0.00813531
319.2,0.00813531
319.2,0.00813531
319.2,0.00813531
319.2,0.00813531
319.2,0.00813531
319.2,0.00813531
319.2,0.00813531
319.2,0.00813531
319.2,0.00813531
319.2,0.00813531
319.2,0.00813531
320.133,0.000795504
320.133,0.000795504
320.133,0.000795504
320.133,0.000795504
320.133,0.000795504
320.133,0.000795504
320.133,0.000795504
320.133,0.000795504
320.133,0.000795504
320.133,0.000795504
320.133,0.000795504
320.133,0.000795504
320.133,0.000795504
320.133,0.000795504
321.067,0.000948335
321.067,0.000948335
321.067,0.000948335
321.067,0.000948335
321.067,0.000948335
321.067,0.000948335
321.067,0.000948335
321.067,0.000948335
321.067,0.000948335
321.067,0.000948335
321.067,0.000948335
321.067,0.000948335
321.067,0.000948335
321.067,0.000948335
322,0.00159101
322,0.00159101
322,0.00159101
322,0.00159101
322,0.00159101
322,0.00159101
322,0.00159101
322,0.00159101
322,0.00159101
322,0.00159101
322,0.00159101
322,0.00159101
322,0.00159101
322,0.00159101
322.933,0.00239827
322.933,0.00239827
322.933,0.00239827
322.933,0.00239827
322.933,0.00239827
322.933,0.00239827
322.933,0.00239827
322.933,0.00239827
322.933,0.00239827
322.933,0.00239827
322.933,0.00239827
322.933,0.00239827
322.933,0.00239827
322.933,0.00239827
323.867,0.00349552
323.867,0.00349552
323.867,0.00349552
323.867,0.00349552
323.867,0.00349552
323.867,0.00349552
323.867,0.00349552
323.867,0.00349552
323.867,0.00349552
323.867,0.00349552
323.867,0.00349552
323.867,0.00349552
323.867,0.00349552
323.867,0.00349552
324.8,0.00302527
324.8,0.00302527
324.8,0.00302527
324.8,0.00302527
324.8,0.00302527
324.8,0.00302527
324.8,0.00302527
324.8,0.00302527
324.8,0.00302527
324.8,0.00302527
324.8,0.00302527
324.8,0.00302527
324.8,0.00302527
324.8,0.00302527
325.733,0.00250799
325.733,0.00250799
325.733,0.00250799
325.733,0.00250799
325.733,0.00250799
325.733,0.00250799
325.733,0.00250799
325.733,0.00250799
325.733,0.00250799
325.733,0.00250799
325.733,0.00250799
325.733,0.00250799
325.733,0.00250799
325.733,0.00250799
326.667,0.001881
326.667,0.001881
326.667,0.001881
326.667,0.001881
326.667,0.001881
326.667,0.001881
326.667,0.001881
326.667,0.001881
326.667,0.001881
326.667,0.001881
326.667,0.001881
326.667,0.001881
326.667,0.001881
326.667,0.001881
327.6,0.00188883
327.6,0.00188883
327.6,0.00188883
327.6,0.00188883
327.6,0.00188883
327.6,0.00188883
327.6,0.00188883
327.6,0.00188883
327.6,0.00188883
327.6,0.00188883
327.6,0.00188883
327.6,0.00188883
327.6,0.00188883
327.6,0.00188883
328.533,0.0720931
328.533,0.0720931
328.533,0.0720931
328.533,0.0720931
328.533,0.0720931
328.533,0.0720931
328.533,0.0720931
328.533,0.0720931
328.533,0.0720931
328.533,0.0720931
328.533,0.0720931
328.533,0.0720931
328.533,0.0720931
328.533,0.0720931
329.467,0.101049
329.467,0.101049
329.467,0.101049
329.467,0.101049
329.467,0.101049
329.467,0.101049
329.467,0.101049
329.467,0.101049
329.467,0.101049
329.467,0.101049
329.467,0.101049
329.467,0.101049
329.467,0.101049
329.467,0.101049
330.4,0.0726221
330.4,0.0726221
330.4,0.0726221
330.4,0.0726221
330.4,0.0726221
330.4,0.0726221
330.4,0.0726221
330.4,0.0726221
330.4,0.0726221
330.4,0.0726221
330.4,0.0726221
330.4,0.0726221
330.4,0.0726221
330.4,0.0726221
331.333,0.0558029
331.333,0.0558029
331.333,0.0558029
331.333,0.0558029
331.333,0.0558029
331.333,0.0558029
331.333,0.0558029
331.333,0.0558029
331.333,0.0558029
331.333,0.0558029
331.333,0.0558029
331.333,0.0558029
331.333,0.0558029
331.333,0.0558029
332.267,0.0818703
332.267,0.0818703
332.267,0.0818703
332.267,0.0818703
332.267,0.0818703
332.267,0.0818703
332.267,0.0818703
332.267,0.0818703
332.267,0.0818703
332.267,0.0818703
332.267,0.0818703
332.267,0.0818703
332.267,0.0818703
332.267,0.0818703
333.2,0.0806555
333.2,0.0806555
333.2,0.0806555
333.2,0.0806555
333.2,0.0806555
333.2,0.0806555
333.2,0.0806555
333.2,0.0806555
333.2,0.0806555
333.2,0.0806555
333.2,0.0806555
333.2,0.0806555
333.2,0.0806555
333.2,0.0806555
334.133,0.0299196
334.133,0.0299196
334.133,0.0299196
334.133,0.0299196
334.133,0.0299196
334.133,0.0299196
334.133,0.0299196
334.133,0.0299196
334.133,0.0299196
334.133,0.0299196
334.133,0.0299196
334.133,0.0299196
334.133,0.0299196
334.133,0.0299196
335.067,0.00726143
335.067,0.00726143
335.067,0.00726143
335.067,0.00726143
335.067,0.00726143
335.067,0.00726143
335.067,0.00726143
335.067,0.00726143
335.067,0.00726143
335.067,0.00726143
335.067,0.00726143
335.067,0.00726143
335.067,0.00726143
335.067,0.00726143
336,0.00997711
336,0.00997711
336,0.00997711
336,0.00997711
336,0.00997711
336,0.00997711
336,0.00997711
336,0.00997711
336,0.00997711
336,0.00997711
336,0.00997711
336,0.00997711
336,0.00997711
336,0.00997711
336.933,0.0247077
336.933,0.0247077
336.933,0.0247077
336.933,0.0247077
336.933,0.0247077
336.933,0.0247077
336.933,0.0247077
336.933,0.0247077
336.933,0.0247077
336.933,0.0247077
336.933,0.0247077
336.933,0.0247077
336.933,0.0247077
336.933,0.0247077
337.867,0.0770033
337.867,0.0770033
337.867,0.0770033
337.867,0.0770033
337.867,0.0770033
337.867,0.0770033
337.867,0.0770033
337.867,0.0770033
337.867,0.0770033
337.867,0.0770033
337.867,0.0770033
337.867,0.0770033
337.867,0.0770033
337.867,0.0770033
338.8,0.091146
338.8,0.091146
338.8,0.091146
338.8,0.091146
338.8,0.091146
338.8,0.091146
338.8,0.091146
338.8,0.091146
338.8,0.091146
338.8,0.091146
338.8,0.091146
338.8,0.091146
338.8,0.091146
338.8,0.091146
339.733,0.0675944
339.733,0.0675944
339.733,0.0675944
339.733,0.0675944
339.733,0.0675944
339.733,0.0675944
339.733,0.0675944
339.733,0.0675944
339.733,0.0675944
339.733,0.0675944
339.733,0.0675944
339.733,0.0675944
339.733,0.0675944
339.733,0.0675944
340.667,0.0370635
340.667,0.0370635
340.667,0.0370635
340.667,0.0370635
340.667,0.0370635
340.667,0.0370635
340.667,0.0370635
340.667,0.0370635
340.667,0.0370635
340.667,0.0370635
340.667,0.0370635
340.667,0.0370635
340.667,0.0370635
340.667,0.0370635
341.6,0.00116778
341.6,0.00116778
341.6,0.00116778
341.6,0.00116778
341.6,0.00116778
341.6,0.00116778
341.6,0.00116778
341.6,0.00116778
341.6,0.00116778
341.6,0.00116778
341.6,0.00116778
341.6,0.00116778
341.6,0.00116778
341.6,0.00116778
342.533,0.00276271
342.533,0.00276271
342.533,0.00276271
342.533,0.00276271
342.533,0.00276271
342.533,0.00276271
342.533,0.00276271
342.533,0.00276271
342.533,0.00276271
342.533,0.00276271
342.533,0.00276271
342.533,0.00276271
342.533,0.00276271
342.533,0.00276271
343.467,0.00248056
343.467,0.00248056
343.467,0.00248056
343.467,0.00248056
343.467,0.00248056
343.467,0.00248056
343.467,0.00248056
343.467,0.00248056
343.467,0.00248056
343.467,0.00248056
343.467,0.00248056
343.467,0.00248056
343.467,0.00248056
343.467,0.00248056
344.4,0.00253934
344.4,0.00253934
344.4,0.00253934
344.4,0.00253934
344.4,0.00253934
344.4,0.00253934
344.4,0.00253934
344.4,0.00253934
344.4,0.00253934
344.4,0.00253934
344.4,0.00253934
344.4,0.00253934
344.4,0.00253934
344.4,0.00253934
345.333,0.00251975
345.333,0.00251975
345.333,0.00251975
345.333,0.00251975
345.333,0.00251975
345.333,0.00251975
345.333,0.00251975
345.333,0.00251975
345.333,0.00251975
345.333,0.00251975
345.333,0.00251975
345.333,0.00251975
345.333,0.00251975
345.333,0.00251975
346.267,0.00258245
346.267,0.00258245
346.267,0.00258245
346.267,0.00258245
346.267,0.00258245
346.267,0.00258245
346.267,0.00258245
346.267,0.00258245
346.267,0.00258245
346.267,0.00258245
346.267,0.00258245
346.267,0.00258245
346.267,0.00258245
346.267,0.00258245
347.2,0.00245313
347.2,0.00245313
347.2,0.00245313
347.2,0.00245313
347.2,0.00245313
347.2,0.00245313
347.2,0.00245313
347.2,0.00245313
347.2,0.00245313
347.2,0.00245313
347.2,0.00245313
347.2,0.00245313
347.2,0.00245313
347.2,0.00245313
348.133,0.00234733
348.133,0.00234733
348.133,0.00234733
348.133,0.00234733
348.133,0.00234733
348.133,0.00234733
348.133,0.00234733
348.133,0.00234733
348.133,0.00234733
348.133,0.00234733
348.133,0.00234733
348.133,0.00234733
348.133,0.00234733
348.133,0.00234733
349.067,0.00199072
349.067,0.00199072
349.067,0.00199072
349.067,0.00199072
349.067,0.00199072
349.067,0.00199072
349.067,0.00199072
349.067,0.00199072
349.067,0.00199072
349.067,0.00199072
349.067,0.00199072
349.067,0.00199072
349.067,0.00199072
349.067,0.00199072
350,0.00227287
350,0.00227287
350,0.00227287
350,0.00227287
350,0.00227287
350,0.00227287
350,0.00227287
350,0.00227287
350,0.00227287
350,0.00227287
350,0.00227287
350,0.00227287
350,0.00227287
350,0.00227287
350.933,0.0516529
350.933,0.0516529
350.933,0.0516529
350.933,0.0516529
350.933,0.0516529
350.933,0.0516529
350.933,0.0516529
350.933,0.0516529
350.933,0.0516529
350.933,0.0516529
350.933,0.0516529
350.933,0.0516529
350.933,0.0516529
350.933,0.0516529
351.867,0.0587302
351.867,0.0587302
351.867,0.0587302
351.867,0.0587302
351.867,0.0587302
351.867,0.0587302
351.867,0.0587302
351.867,0.0587302
351.867,0.0587302
351.867,0.0587302
351.867,0.0587302
351.867,0.0587302
351.867,0.0587302
351.867,0.0587302
352.8,0.0881482
352.8,0.0881482
352.8,0.0881482
352.8,0.0881482
352.8,0.0881482
352.8,0.0881482
352.8,0.0881482
352.8,0.0881482
352.8,0.0881482
352.8,0.0881482
352.8,0.0881482
352.8,0.0881482
352.8,0.0881482
352.8,0.0881482
353.733,0.108541
353.733,0.108541
353.733,0.108541
353.733,0.108541
353.733,0.108541
353.733,0.108541
353.733,0.108541
353.733,0.108541
353.733,0.108541
353.733,0.108541
353.733,0.108541
353.733,0.108541
353.733,0.108541
353.733,0.108541
354.667,0.111845
354.667,0.111845
354.667,0.111845
354.667,0.111845
354.667,0.111845
354.667,0.111845
354.667,0.111845
354.667,0.111845
354.667,0.111845
354.667,0.111845
354.667,0.111845
354.667,0.111845
354.667,0.111845
354.667,0.111845
355.6,0.143324
355.6,0.143324
355.6,0.143324
355.6,0.143324
355.6,0.143324
355.6,0.143324
355.6,0.143324
355.6,0.143324
355.6,0.143324
355.6,0.143324
355.6,0.143324
355.6,0.143324
355.6,0.143324
355.6,0.143324
356.533,0.147964
356.533,0.147964
356.533,0.147964
356.533,0.147964
356.533,0.147964
356.533,0.147964
356.533,0.147964
356.533,0.147964
356.533,0.147964
356.533,0.147964
356.533,0.147964
356.533,0.147964
356.533,0.147964
356.533,0.147964
357.467,0.194613
357.467,0.194613
357.467,0.194613
357.467,0.194613
357.467,0.194613
357.467,0.194613
357.467,0.194613
357.467,0.194613
357.467,0.194613
357.467,0.194613
357.467,0.194613
357.467,0.194613
357.467,0.194613
357.467,0.194613
358.4,0.198359
358.4,0.198359
358.4,0.198359
358.4,0.198359
358.4,0.198359
358.4,0.198359
358.4,0.198359
358.4,0.198359
358.4,0.198359
358.4,0.198359
358.4,0.198359
358.4,0.198359
358.4,0.198359
358.4,0.198359
359.333,0.217431
359.333,0.217431
359.333,0.217431
359.333,0.217431
359.333,0.217431
359.333,0.217431
359.333,0.217431
359.333,0.217431
359.333,0.217431
359.333,0.217431
359.333,0.217431
359.333,0.217431
359.333,0.217431
359.333,0.217431
360.267,0.234254
360.267,0.234254
360.267,0.234254
360.267,0.234254
360.267,0.234254
360.267,0.234254
360.267,0.234254
360.267,0.234254
360.267,0.234254
360.267,0.234254
360.267,0.234254
360.267,0.234254
360.267,0.234254
360.267,0.234254
361.2,0.258316
361.2,0.258316
361.2,0.258316
361.2,0.258316
361.2,0.258316
361.2,0.258316
361.2,0.258316
361.2,0.258316
361.2,0.258316
361.2,0.258316
361.2,0.258316
361.2,0.258316
361.2,0.258316
361.2,0.258316
362.133,0.290402
362.133,0.290402
362.133,0.290402
362.133,0.290402
362.133,0.290402
362.133,0.290402
362.133,0.290402
362.133,0.290402
362.133,0.290402
362.133,0.290402
362.133,0.290402
362.133,0.290402
362.133,0.290402
362.133,0.290402
363.067,0.316536
363.067,0.316536
363.067,0.316536
363.067,0.316536
363.067,0.316536
363.067,0.316536
363.067,0.316536
363.067,0.316536
363.067,0.316536
363.067,0.316536
363.067,0.316536
363.067,0.316536
363.067,0.316536
363.067,0.316536
364,0.309451
364,0.309451
364,0.309451
364,0.309451
364,0.309451
364,0.309451
364,0.309451
364,0.309451
364,0.309451
364,0.309451
364,0.309451
364,0.309451
364,0.309451
364,0.309451
364.933,0.284457
364.933,0.284457
364.933,0.284457
364.933,0.284457
364.933,0.284457
364.933,0.284457
364.933,0.284457
364.933,0.284457
364.933,0.284457
364.933,0.284457
364.933,0.284457
364.933,0.284457
364.933,0.284457
364.933,0.284457
365.867,0.306716
365.867,0.306716
365.867,0.306716
365.867,0.306716
365.867,0.306716
365.867,0.306716
365.867,0.306716
365.867,0.306716
365.867,0.306716
365.867,0.306716
365.867,0.306716
365.867,0.306716
365.867,0.306716
365.867,0.306716
366.8,0.334265
366.8,0.334265
366.8,0.334265
366.8,0.334265
366.8,0.334265
366.8,0.334265
366.8,0.334265
366.8,0.334265
366.8,0.334265
366.8,0.334265
366.8,0.334265
366.8,0.334265
366.8,0.334265
366.8,0.334265
367.733,0.334535
367.733,0.334535
367.733,0.334535
367.733,0.334535
367.733,0.334535
367.733,0.334535
367.733,0.334535
367.733,0.334535
367.733,0.334535
367.733,0.334535
367.733,0.334535
367.733,0.334535
367.733,0.334535
367.733,0.334535
368.667,0.3642
368.667,0.3642
368.667,0.3642
368.667,0.3642
368.667,0.3642
368.667,0.3642
368.667,0.3642
368.667,0.3642
368.667,0.3642
368.667,0.3642
368.667,0.3642
368.667,0.3642
368.667,0.3642
368.667,0.3642
369.6,0.378135
369.6,0.378135
369.6,0.378135
369.6,0.378135
369.6,0.378135
369.6,0.378135
369.6,0.378135
369.6,0.378135
369.6,0.378135
369.6,0.378135
369.6,0.378135
369.6,0.378135
369.6,0.378135
369.6,0.378135
370.533,0.395726
370.533,0.395726
370.533,0.395726
370.533,0.395726
370.533,0.395726
370.533,0.395726
370.533,0.395726
370.533,0.395726
370.533,0.395726
370.533,0.395726
370.533,0.395726
370.533,0.395726
370.533,0.395726
370.533,0.395726
371.467,0.438107
371.467,0.438107
371.467,0.438107
371.467,0.438107
371.467,0.438107
371.467,0.438107
371.467,0.438107
371.467,0.438107
371.467,0.438107
371.467,0.438107
371.467,0.438107
371.467,0.438107
371.467,0.438107
371.467,0.438107
372.4,0.455319
372.4,0.455319
372.4,0.455319
372.4,0.455319
372.4,0.455319
372.4,0.455319
372.4,0.455319
372.4,0.455319
372.4,0.455319
372.4,0.455319
372.4,0.455319
372.4,0.455319
372.4,0.455319
372.4,0.455319
373.333,0.438476
373.333,0.438476
373.333,0.438476
373.333,0.438476
373.333,0.438476
373.333,0.438476
373.333,0.438476
373.333,0.438476
373.333,0.438476
373.333,0.438476
373.333,0.438476
373.333,0.438476
373.333,0.438476
373.333,0.438476
374.267,0.451537
374.267,0.451537
374.267,0.451537
374.267,0.451537
374.267,0.451537
374.267,0.451537
374.267,0.451537
374.267,0.451537
374.267,0.451537
374.267,0.451537
374.267,0.451537
374.267,0.451537
374.267,0.451537
374.267,0.451537
375.2,0.459253
375.2,0.459253
375.2,0.459253
375.2,0.459253
375.2,0.459253
375.2,0.459253
375.2,0.459253
375.2,0.459253
375.2,0.459253
375.2,0.459253
375.2,0.459253
375.2,0.459253
375.2,0.459253
375.2,0.459253
376.133,0.459178
376.133,0.459178
376.133,0.459178
376.133,0.459178
376.133,0.459178
376.133,0.459178
376.133,0.459178
376.133,0.459178
376.133,0.459178
376.133,0.459178
376.133,0.459178
376.133,0.459178
376.133,0.459178
376.133,0.459178
377.067,0.461549
377.067,0.461549
377.067,0.461549
377.067,0.461549
377.067,0.461549
377.067,0.461549
377.067,0.461549
377.067,0.461549
377.067,0.461549
377.067,0.461549
377.067,0.461549
377.067,0.461549
377.067,0.461549
377.067,0.461549
378,0.456055
378,0.456055
378,0.456055
378,0.456055
378,0.456055
378,0.456055
378,0.456055
378,0.456055
378,0.456055
378,0.456055
378,0.456055
378,0.456055
378,0.456055
378,0.456055
378.933,0.468411
378.933,0.468411
378.933,0.468411
378.933,0.468411
378.933,0.468411
378.933,0.468411
378.933,0.468411
378.933,0.468411
378.933,0.468411
378.933,0.468411
378.933,0.468411
378.933,0.468411
378.933,0.468411
378.933,0.468411
379.867,0.466973
379.867,0.466973
379.867,0.466973
379.867,0.466973
379.867,0.466973
379.867,0.466973
379.867,0.466973
379.867,0.466973
379.867,0.466973
379.867,0.466973
379.867,0.466973
379.867,0.466973
379.867,0.466973
379.867,0.466973
380.8,0.475022
380.8,0.475022
380.8,0.475022
380.8,0.475022
380.8,0.475022
380.8,0.475022
380.8,0.475022
380.8,0.475022
380.8,0.475022
380.8,0.475022
380.8,0.475022
380.8,0.475022
380.8,0.475022
380.8,0.475022
381.733,0.482812
381.733,0.482812
381.733,0.482812
381.733,0.482812
381.733,0.482812
381.733,0.482812
381.733,0.482812
381.733,0.482812
381.733,0.482812
381.733,0.482812
381.733,0.482812
47