0,0.0484552
0,0.0484552
0,0.0484552
0,0.0484552
0,0.0484552
0,0.0484552
0,0.0484552
0,0.0484552
0,0.0484552
0,0.0484552
0,0.0484552
0.733333,0.0837396
0.733333,0.0837396
0.733333,0.0837396
0.733333,0.0837396
0.733333,0.0837396
0.733333,0.0837396
0.733333,0.0837396
0.733333,0.0837396
0.733333,0.0837396
0.733333,0.0837396
0.733333,0.0837396
1.46667,0.0919846
1.46667,0.0919846
1.46667,0.0919846
1.46667,0.0919846
1.46667,0.0919846
1.46667,0.0919846
1.46667,0.0919846
1.46667,0.0919846
1.46667,0.0919846
1.46667,0.0919846
1.46667,0.0919846
2.2,0.100292
2.2,0.100292
2.2,0.100292
2.2,0.100292
2.2,0.100292
2.2,0.100292
2.2,0.100292
2.2,0.100292
2.2,0.100292
2.2,0.100292
2.2,0.100292
2.93333,0.102471
2.93333,0.102471
2.93333,0.102471
2.93333,0.102471
2.93333,0.102471
2.93333,0.102471
2.93333,0.102471
2.93333,0.102471
2.93333,0.102471
2.93333,0.102471
2.93333,0.102471
3.66667,0.10197
3.66667,0.10197
3.66667,0.10197
3.66667,0.10197
3.66667,0.10197
3.66667,0.10197
3.66667,0.10197
3.66667,0.10197
3.66667,0.10197
3.66667,0.10197
3.66667,0.10197
4.4,0.102201
4.4,0.102201
4.4,0.102201
4.4,0.102201
4.4,0.102201
4.4,0.102201
4.4,0.102201
4.4,0.102201
4.4,0.102201
4.4,0.102201
4.4,0.102201
5.13333,0.104881
5.13333,0.104881
5.13333,0.104881
5.13333,0.104881
5.13333,0.104881
5.13333,0.104881
5.13333,0.104881
5.13333,0.104881
5.13333,0.104881
5.13333,0.104881
5.13333,0.104881
5.86667,0.136396
5.86667,0.136396
5.86667,0.136396
5.86667,0.136396
5.86667,0.136396
5.86667,0.136396
5.86667,0.136396
5.86667,0.136396
5.86667,0.136396
5.86667,0.136396
5.86667,0.136396
6.6,0.142634
6.6,0.142634
6.6,0.142634
6.6,0.142634
6.6,0.142634
6.6,0.142634
6.6,0.142634
6.6,0.142634
6.6,0.142634
6.6,0.142634
6.6,0.142634
7.33333,0.156091
7.33333,0.156091
7.33333,0.156091
7.33333,0.156091
7.33333,0.156091
7.33333,0.156091
7.33333,0.156091
7.33333,0.156091
7.33333,0.156091
7.33333,0.156091
7.33333,0.156091
8.06667,0.173671
8.06667,0.173671
8.06667,0.173671
8.06667,0.173671
8.06667,0.173671
8.06667,0.173671
8.06667,0.173671
8.06667,0.173671
8.06667,0.173671
8.06667,0.173671
8.06667,0.173671
8.8,0.176673
8.8,0.176673
8.8,0.176673
8.8,0.176673
8.8,0.176673
8.8,0.176673
8.8,0.176673
8.8,0.176673
8.8,0.176673
8.8,0.176673
8.8,0.176673
9.53333,0.17938
9.53333,0.17938
9.53333,0.17938
9.53333,0.17938
9.53333,0.17938
9.53333,0.17938
9.53333,0.17938
9.53333,0.17938
9.53333,0.17938
9.53333,0.17938
9.53333,0.17938
10.2667,0.176281
10.2667,0.176281
10.2667,0.176281
10.2667,0.176281
10.2667,0.176281
10.2667,0.176281
10.2667,0.176281
10.2667,0.176281
10.2667,0.176281
10.2667,0.176281
10.2667,0.176281
11,0.172589
11,0.172589
11,0.172589
11,0.172589
11,0.172589
11,0.172589
11,0.172589
11,0.172589
11,0.172589
11,0.172589
11,0.172589
11.7333,0.167393
11.7333,0.167393
11.7333,0.167393
11.7333,0.167393
11.7333,0.167393
11.7333,0.167393
11.7333,0.167393
11.7333,0.167393
11.7333,0.167393
11.7333,0.167393
11.7333,0.167393
12.4667,0.161726
12.4667,0.161726
12.4667,0.161726
12.4667,0.161726
12.4667,0.161726
12.4667,0.161726
12.4667,0.161726
12.4667,0.161726
12.4667,0.161726
12.4667,0.161726
12.4667,0.161726
13.2,0.16077
13.2,0.16077
13.2,0.16077
13.2,0.16077
13.2,0.16077
13.2,0.16077
13.2,0.16077
13.2,0.16077
13.2,0.16077
13.2,0.16077
13.2,0.16077
13.9333,0.161107
13.9333,0.161107
13.9333,0.161107
13.9333,0.161107
13.9333,0.161107
13.9333,0.161107
13.9333,0.161107
13.9333,0.161107
13.9333,0.161107
13.9333,0.161107
13.9333,0.161107
14.6667,0.159316
14.6667,0.159316
14.6667,0.159316
14.6667,0.159316
14.6667,0.159316
14.6667,0.159316
14.6667,0.159316
14.6667,0.159316
14.6667,0.159316
14.6667,0.159316
14.6667,0.159316
15.4,0.16003
15.4,0.16003
15.4,0.16003
15.4,0.16003
15.4,0.16003
15.4,0.16003
15.4,0.16003
15.4,0.16003
15.4,0.16003
15.4,0.16003
15.4,0.16003
16.1333,0.160425
16.1333,0.160425
16.1333,0.160425
16.1333,0.160425
16.1333,0.160425
16.1333,0.160425
16.1333,0.160425
16.1333,0.160425
16.1333,0.160425
16.1333,0.160425
16.1333,0.160425
16.8667,0.159399
16.8667,0.159399
16.8667,0.159399
16.8667,0.159399
16.8667,0.159399
16.8667,0.159399
16.8667,0.159399
16.8667,0.159399
16.8667,0.159399
16.8667,0.159399
16.8667,0.159399
17.6,0.160668
17.6,0.160668
17.6,0.160668
17.6,0.160668
17.6,0.160668
17.6,0.160668
17.6,0.160668
17.6,0.160668
17.6,0.160668
17.6,0.160668
17.6,0.160668
18.3333,0.160433
18.3333,0.160433
18.3333,0.160433
18.3333,0.160433
18.3333,0.160433
18.3333,0.160433
18.3333,0.160433
18.3333,0.160433
18.3333,0.160433
18.3333,0.160433
18.3333,0.160433
19.0667,0.162067
19.0667,0.162067
19.0667,0.162067
19.0667,0.162067
19.0667,0.162067
19.0667,0.162067
19.0667,0.162067
19.0667,0.162067
19.0667,0.162067
19.0667,0.162067
19.0667,0.162067
19.8,0.156981
19.8,0.156981
19.8,0.156981
19.8,0.156981
19.8,0.156981
19.8,0.156981
19.8,0.156981
19.8,0.156981
19.8,0.156981
19.8,0.156981
19.8,0.156981
20.5333,0.158164
20.5333,0.158164
20.5333,0.158164
20.5333,0.158164
20.5333,0.158164
20.5333,0.158164
20.5333,0.158164
20.5333,0.158164
20.5333,0.158164
20.5333,0.158164
20.5333,0.158164
21.2667,0.157239
21.2667,0.157239
21.2667,0.157239
21.2667,0.157239
21.2667,0.157239
21.2667,0.157239
21.2667,0.157239
21.2667,0.157239
21.2667,0.157239
21.2667,0.157239
21.2667,0.157239
22,0.158106
22,0.158106
22,0.158106
22,0.158106
22,0.158106
22,0.158106
22,0.158106
22,0.158106
22,0.158106
22,0.158106
22,0.158106
22.7333,0.15999
22.7333,0.15999
22.7333,0.15999
22.7333,0.15999
22.7333,0.15999
22.7333,0.15999
22.7333,0.15999
22.7333,0.15999
22.7333,0.15999
22.7333,0.15999
22.7333,0.15999
23.4667,0.163662
23.4667,0.163662
23.4667,0.163662
23.4667,0.163662
23.4667,0.163662
23.4667,0.163662
23.4667,0.163662
23.4667,0.163662
23.4667,0.163662
23.4667,0.163662
23.4667,0.163662
24.2,0.164383
24.2,0.164383
24.2,0.164383
24.2,0.164383
24.2,0.164383
24.2,0.164383
24.2,0.164383
24.2,0.164383
24.2,0.164383
24.2,0.164383
24.2,0.164383
24.9333,0.162851
24.9333,0.162851
24.9333,0.162851
24.9333,0.162851
24.9333,0.162851
24.9333,0.162851
24.9333,0.162851
24.9333,0.162851
24.9333,0.162851
24.9333,0.162851
24.9333,0.162851
25.6667,0.166601
25.6667,0.166601
25.6667,0.166601
25.6667,0.166601
25.6667,0.166601
25.6667,0.166601
25.6667,0.166601
25.6667,0.166601
25.6667,0.166601
25.6667,0.166601
25.6667,0.166601
26.4,0.169152
26.4,0.169152
26.4,0.169152
26.4,0.169152
26.4,0.169152
26.4,0.169152
26.4,0.169152
26.4,0.169152
26.4,0.169152
26.4,0.169152
26.4,0.169152
27.1333,0.172597
27.1333,0.172597
27.1333,0.172597
27.1333,0.172597
27.1333,0.172597
27.1333,0.172597
27.1333,0.172597
27.1333,0.172597
27.1333,0.172597
27.1333,0.172597
27.1333,0.172597
27.8667,0.187465
27.8667,0.187465
27.8667,0.187465
27.8667,0.187465
27.8667,0.187465
27.8667,0.187465
27.8667,0.187465
27.8667,0.187465
27.8667,0.187465
27.8667,0.187465
27.8667,0.187465
28.6,0.201267
28.6,0.201267
28.6,0.201267
28.6,0.201267
28.6,0.201267
28.6,0.201267
28.6,0.201267
28.6,0.201267
28.6,0.201267
28.6,0.201267
28.6,0.201267
29.3333,0.207901
29.3333,0.207901
29.3333,0.207901
29.3333,0.207901
29.3333,0.207901
29.3333,0.207901
29.3333,0.207901
29.3333,0.207901
29.3333,0.207901
29.3333,0.207901
29.3333,0.207901
30.0667,0.207654
30.0667,0.207654
30.0667,0.207654
30.0667,0.207654
30.0667,0.207654
30.0667,0.207654
30.0667,0.207654
30.0667,0.207654
30.0667,0.207654
30.0667,0.207654
30.0667,0.207654
30.8,0.208983
30.8,0.208983
30.8,0.208983
30.8,0.208983
30.8,0.208983
30.8,0.208983
30.8,0.208983
30.8,0.208983
30.8,0.208983
30.8,0.208983
30.8,0.208983
31.5333,0.205722
31.5333,0.205722
31.5333,0.205722
31.5333,0.205722
31.5333,0.205722
31.5333,0.205722
31.5333,0.205722
31.5333,0.205722
31.5333,0.205722
31.5333,0.205722
31.5333,0.205722
32.2667,0.209367
32.2667,0.209367
32.2667,0.209367
32.2667,0.209367
32.2667,0.209367
32.2667,0.209367
32.2667,0.209367
32.2667,0.209367
32.2667,0.209367
32.2667,0.209367
32.2667,0.209367
33,0.203935
33,0.203935
33,0.203935
33,0.203935
33,0.203935
33,0.203935
33,0.203935
33,0.203935
33,0.203935
33,0.203935
33,0.203935
33.7333,0.238306
33.7333,0.238306
33.7333,0.238306
33.7333,0.238306
33.7333,0.238306
33.7333,0.238306
33.7333,0.238306
33.7333,0.238306
33.7333,0.238306
33.7333,0.238306
33.7333,0.238306
34.4667,0.263026
34.4667,0.263026
34.4667,0.263026
34.4667,0.263026
34.4667,0.263026
34.4667,0.263026
34.4667,0.263026
34.4667,0.263026
34.4667,0.263026
34.4667,0.263026
34.4667,0.263026
35.2,0.274488
35.2,0.274488
35.2,0.274488
35.2,0.274488
35.2,0.274488
35.2,0.274488
35.2,0.274488
35.2,0.274488
35.2,0.274488
35.2,0.274488
35.2,0.274488
35.9333,0.282392
35.9333,0.282392
35.9333,0.282392
35.9333,0.282392
35.9333,0.282392
35.9333,0.282392
35.9333,0.282392
35.9333,0.282392
35.9333,0.282392
35.9333,0.282392
35.9333,0.282392
36.6667,0.285817
36.6667,0.285817
36.6667,0.285817
36.6667,0.285817
36.6667,0.285817
36.6667,0.285817
36.6667,0.285817
36.6667,0.285817
36.6667,0.285817
36.6667,0.285817
36.6667,0.285817
37.4,0.282541
37.4,0.282541
37.4,0.282541
37.4,0.282541
37.4,0.282541
37.4,0.282541
37.4,0.282541
37.4,0.282541
37.4,0.282541
37.4,0.282541
37.4,0.282541
38.1333,0.279387
38.1333,0.279387
38.1333,0.279387
38.1333,0.279387
38.1333,0.279387
38.1333,0.279387
38.1333,0.279387
38.1333,0.279387
38.1333,0.279387
38.1333,0.279387
38.1333,0.279387
38.8667,0.310443
38.8667,0.310443
38.8667,0.310443
38.8667,0.310443
38.8667,0.310443
38.8667,0.310443
38.8667,0.310443
38.8667,0.310443
38.8667,0.310443
38.8667,0.310443
38.8667,0.310443
39.6,0.325506
39.6,0.325506
39.6,0.325506
39.6,0.325506
39.6,0.325506
39.6,0.325506
39.6,0.325506
39.6,0.325506
39.6,0.325506
39.6,0.325506
39.6,0.325506
40.3333,0.342725
40.3333,0.342725
40.3333,0.342725
40.3333,0.342725
40.3333,0.342725
40.3333,0.342725
40.3333,0.342725
40.3333,0.342725
40.3333,0.342725
40.3333,0.342725
40.3333,0.342725
41.0667,0.365039
41.0667,0.365039
41.0667,0.365039
41.0667,0.365039
41.0667,0.365039
41.0667,0.365039
41.0667,0.365039
41.0667,0.365039
41.0667,0.365039
41.0667,0.365039
41.0667,0.365039
41.8,0.385244
41.8,0.385244
41.8,0.385244
41.8,0.385244
41.8,0.385244
41.8,0.385244
41.8,0.385244
41.8,0.385244
41.8,0.385244
41.8,0.385244
41.8,0.385244
42.5333,0.395899
42.5333,0.395899
42.5333,0.395899
42.5333,0.395899
42.5333,0.395899
42.5333,0.395899
42.5333,0.395899
42.5333,0.395899
42.5333,0.395899
42.5333,0.395899
42.5333,0.395899
43.2667,0.402067
43.2667,0.402067
43.2667,0.402067
43.2667,0.402067
43.2667,0.402067
43.2667,0.402067
43.2667,0.402067
43.2667,0.402067
43.2667,0.402067
43.2667,0.402067
43.2667,0.402067
44,0.414364
44,0.414364
44,0.414364
44,0.414364
44,0.414364
44,0.414364
44,0.414364
44,0.414364
44,0.414364
44,0.414364
44,0.414364
44.7333,0.418678
44.7333,0.418678
44.7333,0.418678
44.7333,0.418678
44.7333,0.418678
44.7333,0.418678
44.7333,0.418678
44.7333,0.418678
44.7333,0.418678
44.7333,0.418678
44.7333,0.418678
45.4667,0.426073
45.4667,0.426073
45.4667,0.426073
45.4667,0.426073
45.4667,0.426073
45.4667,0.426073
45.4667,0.426073
45.4667,0.426073
45.4667,0.426073
45.4667,0.426073
45.4667,0.426073
46.2,0.430948
46.2,0.430948
46.2,0.430948
46.2,0.430948
46.2,0.430948
46.2,0.430948
46.2,0.430948
46.2,0.430948
46.2,0.430948
46.2,0.430948
46.2,0.430948
46.9333,0.427879
46.9333,0.427879
46.9333,0.427879
46.9333,0.427879
46.9333,0.427879
46.9333,0.427879
46.9333,0.427879
46.9333,0.427879
46.9333,0.427879
46.9333,0.427879
46.9333,0.427879
47.6667,0.429427
47.6667,0.429427
47.6667,0.429427
47.6667,0.429427
47.6667,0.429427
47.6667,0.429427
47.6667,0.429427
47.6667,0.429427
47.6667,0.429427
47.6667,0.429427
47.6667,0.429427
48.4,0.419595
48.4,0.419595
48.4,0.419595
48.4,0.419595
48.4,0.419595
48.4,0.419595
48.4,0.419595
48.4,0.419595
48.4,0.419595
48.4,0.419595
48.4,0.419595
49.1333,0.414093
49.1333,0.414093
49.1333,0.414093
49.1333,0.414093
49.1333,0.414093
49.1333,0.414093
49.1333,0.414093
49.1333,0.414093
49.1333,0.414093
49.1333,0.414093
49.1333,0.414093
49.8667,0.404367
49.8667,0.404367
49.8667,0.404367
49.8667,0.404367
49.8667,0.404367
49.8667,0.404367
49.8667,0.404367
49.8667,0.404367
49.8667,0.404367
49.8667,0.404367
49.8667,0.404367
50.6,0.403086
50.6,0.403086
50.6,0.403086
50.6,0.403086
50.6,0.403086
50.6,0.403086
50.6,0.403086
50.6,0.403086
50.6,0.403086
50.6,0.403086
50.6,0.403086
51.3333,0.385463
51.3333,0.385463
51.3333,0.385463
51.3333,0.385463
51.3333,0.385463
51.3333,0.385463
51.3333,0.385463
51.3333,0.385463
51.3333,0.385463
51.3333,0.385463
51.3333,0.385463
52.0667,0.389981
52.0667,0.389981
52.0667,0.389981
52.0667,0.389981
52.0667,0.389981
52.0667,0.389981
52.0667,0.389981
52.0667,0.389981
52.0667,0.389981
52.0667,0.389981
52.0667,0.389981
52.8,0.400734
52.8,0.400734
52.8,0.400734
52.8,0.400734
52.8,0.400734
52.8,0.400734
52.8,0.400734
52.8,0.400734
52.8,0.400734
52.8,0.400734
52.8,0.400734
53.5333,0.42081
53.5333,0.42081
53.5333,0.42081
53.5333,0.42081
53.5333,0.42081
53.5333,0.42081
53.5333,0.42081
53.5333,0.42081
53.5333,0.42081
53.5333,0.42081
53.5333,0.42081
54.2667,0.432739
54.2667,0.432739
54.2667,0.432739
54.2667,0.432739
54.2667,0.432739
54.2667,0.432739
54.2667,0.432739
54.2667,0.432739
54.2667,0.432739
54.2667,0.432739
54.2667,0.432739
55,0.439883
55,0.439883
55,0.439883
55,0.439883
55,0.439883
55,0.439883
55,0.439883
55,0.439883
55,0.439883
55,0.439883
55,0.439883
55.7333,0.44125
55.7333,0.44125
55.7333,0.44125
55.7333,0.44125
55.7333,0.44125
55.7333,0.44125
55.7333,0.44125
55.7333,0.44125
55.7333,0.44125
55.7333,0.44125
55.7333,0.44125
56.4667,0.442908
56.4667,0.442908
56.4667,0.442908
56.4667,0.442908
56.4667,0.442908
56.4667,0.442908
56.4667,0.442908
56.4667,0.442908
56.4667,0.442908
56.4667,0.442908
56.4667,0.442908
57.2,0.444601
57.2,0.444601
57.2,0.444601
57.2,0.444601
57.2,0.444601
57.2,0.444601
57.2,0.444601
57.2,0.444601
57.2,0.444601
57.2,0.444601
57.2,0.444601
57.9333,0.442449
57.9333,0.442449
57.9333,0.442449
57.9333,0.442449
57.9333,0.442449
57.9333,0.442449
57.9333,0.442449
57.9333,0.442449
57.9333,0.442449
57.9333,0.442449
57.9333,0.442449
58.6667,0.443817
58.6667,0.443817
58.6667,0.443817
58.6667,0.443817
58.6667,0.443817
58.6667,0.443817
58.6667,0.443817
58.6667,0.443817
58.6667,0.443817
58.6667,0.443817
58.6667,0.443817
59.4,0.445416
59.4,0.445416
59.4,0.445416
59.4,0.445416
59.4,0.445416
59.4,0.445416
59.4,0.445416
59.4,0.445416
59.4,0.445416
59.4,0.445416
59.4,0.445416
60.1333,0.449519
60.1333,0.449519
60.1333,0.449519
60.1333,0.449519
60.1333,0.449519
60.1333,0.449519
60.1333,0.449519
60.1333,0.449519
60.1333,0.449519
60.1333,0.449519
60.1333,0.449519
60.8667,0.444134
60.8667,0.444134
60.8667,0.444134
60.8667,0.444134
60.8667,0.444134
60.8667,0.444134
60.8667,0.444134
60.8667,0.444134
60.8667,0.444134
60.8667,0.444134
60.8667,0.444134
61.6,0.438088
61.6,0.438088
61.6,0.438088
61.6,0.438088
61.6,0.438088
61.6,0.438088
61.6,0.438088
61.6,0.438088
61.6,0.438088
61.6,0.438088
61.6,0.438088
62.3333,0.435219
62.3333,0.435219
62.3333,0.435219
62.3333,0.435219
62.3333,0.435219
62.3333,0.435219
62.3333,0.435219
62.3333,0.435219
62.3333,0.435219
62.3333,0.435219
62.3333,0.435219
63.0667,0.44261
63.0667,0.44261
63.0667,0.44261
63.0667,0.44261
63.0667,0.44261
63.0667,0.44261
63.0667,0.44261
63.0667,0.44261
63.0667,0.44261
63.0667,0.44261
63.0667,0.44261
63.8,0.440024
63.8,0.440024
63.8,0.440024
63.8,0.440024
63.8,0.440024
63.8,0.440024
63.8,0.440024
63.8,0.440024
63.8,0.440024
63.8,0.440024
63.8,0.440024
64.5333,0.443308
64.5333,0.443308
64.5333,0.443308
64.5333,0.443308
64.5333,0.443308
64.5333,0.443308
64.5333,0.443308
64.5333,0.443308
64.5333,0.443308
64.5333,0.443308
64.5333,0.443308
65.2667,0.443468
65.2667,0.443468
65.2667,0.443468
65.2667,0.443468
65.2667,0.443468
65.2667,0.443468
65.2667,0.443468
65.2667,0.443468
65.2667,0.443468
65.2667,0.443468
65.2667,0.443468
66,0.444417
66,0.444417
66,0.444417
66,0.444417
66,0.444417
66,0.444417
66,0.444417
66,0.444417
66,0.444417
66,0.444417
66,0.444417
66.7333,0.442007
66.7333,0.442007
66.7333,0.442007
66.7333,0.442007
66.7333,0.442007
66.7333,0.442007
66.7333,0.442007
66.7333,0.442007
66.7333,0.442007
66.7333,0.442007
66.7333,0.442007
67.4667,0.438237
67.4667,0.438237
67.4667,0.438237
67.4667,0.438237
67.4667,0.438237
67.4667,0.438237
67.4667,0.438237
67.4667,0.438237
67.4667,0.438237
67.4667,0.438237
67.4667,0.438237
68.2,0.438405
68.2,0.438405
68.2,0.438405
68.2,0.438405
68.2,0.438405
68.2,0.438405
68.2,0.438405
68.2,0.438405
68.2,0.438405
68.2,0.438405
68.2,0.438405
68.9333,0.438923
68.9333,0.438923
68.9333,0.438923
68.9333,0.438923
68.9333,0.438923
68.9333,0.438923
68.9333,0.438923
68.9333,0.438923
68.9333,0.438923
68.9333,0.438923
68.9333,0.438923
69.6667,0.43913
69.6667,0.43913
69.6667,0.43913
69.6667,0.43913
69.6667,0.43913
69.6667,0.43913
69.6667,0.43913
69.6667,0.43913
69.6667,0.43913
69.6667,0.43913
69.6667,0.43913
70.4,0.439142
70.4,0.439142
70.4,0.439142
70.4,0.439142
70.4,0.439142
70.4,0.439142
70.4,0.439142
70.4,0.439142
70.4,0.439142
70.4,0.439142
70.4,0.439142
71.1333,0.434639
71.1333,0.434639
71.1333,0.434639
71.1333,0.434639
71.1333,0.434639
71.1333,0.434639
71.1333,0.434639
71.1333,0.434639
71.1333,0.434639
71.1333,0.434639
71.1333,0.434639
71.8667,0.437665
71.8667,0.437665
71.8667,0.437665
71.8667,0.437665
71.8667,0.437665
71.8667,0.437665
71.8667,0.437665
71.8667,0.437665
71.8667,0.437665
71.8667,0.437665
71.8667,0.437665
72.6,0.437057
72.6,0.437057
72.6,0.437057
72.6,0.437057
72.6,0.437057
72.6,0.437057
72.6,0.437057
72.6,0.437057
72.6,0.437057
72.6,0.437057
72.6,0.437057
73.3333,0.439001
73.3333,0.439001
73.3333,0.439001
73.3333,0.439001
73.3333,0.439001
73.3333,0.439001
73.3333,0.439001
73.3333,0.439001
73.3333,0.439001
73.3333,0.439001
73.3333,0.439001
74.0667,0.435184
74.0667,0.435184
74.0667,0.435184
74.0667,0.435184
74.0667,0.435184
74.0667,0.435184
74.0667,0.435184
74.0667,0.435184
74.0667,0.435184
74.0667,0.435184
74.0667,0.435184
74.8,0.435811
74.8,0.435811
74.8,0.435811
74.8,0.435811
74.8,0.435811
74.8,0.435811
74.8,0.435811
74.8,0.435811
74.8,0.435811
74.8,0.435811
74.8,0.435811
75.5333,0.441066
75.5333,0.441066
75.5333,0.441066
75.5333,0.441066
75.5333,0.441066
75.5333,0.441066
75.5333,0.441066
75.5333,0.441066
75.5333,0.441066
75.5333,0.441066
75.5333,0.441066
76.2667,0.439165
76.2667,0.439165
76.2667,0.439165
76.2667,0.439165
76.2667,0.439165
76.2667,0.439165
76.2667,0.439165
76.2667,0.439165
76.2667,0.439165
76.2667,0.439165
76.2667,0.439165
77,0.440419
77,0.440419
77,0.440419
77,0.440419
77,0.440419
77,0.440419
77,0.440419
77,0.440419
77,0.440419
77,0.440419
77,0.440419
77.7333,0.441517
77.7333,0.441517
77.7333,0.441517
77.7333,0.441517
77.7333,0.441517
77.7333,0.441517
77.7333,0.441517
77.7333,0.441517
77.7333,0.441517
77.7333,0.441517
77.7333,0.441517
78.4667,0.438339
78.4667,0.438339
78.4667,0.438339
78.4667,0.438339
78.4667,0.438339
78.4667,0.438339
78.4667,0.438339
78.4667,0.438339
78.4667,0.438339
78.4667,0.438339
78.4667,0.438339
79.2,0.429921
79.2,0.429921
79.2,0.429921
79.2,0.429921
79.2,0.429921
79.2,0.429921
79.2,0.429921
79.2,0.429921
79.2,0.429921
79.2,0.429921
79.2,0.429921
79.9333,0.431626
79.9333,0.431626
79.9333,0.431626
79.9333,0.431626
79.9333,0.431626
79.9333,0.431626
79.9333,0.431626
79.9333,0.431626
79.9333,0.431626
79.9333,0.431626
79.9333,0.431626
80.6667,0.427362
80.6667,0.427362
80.6667,0.427362
80.6667,0.427362
80.6667,0.427362
80.6667,0.427362
80.6667,0.427362
80.6667,0.427362
80.6667,0.427362
80.6667,0.427362
80.6667,0.427362
81.4,0.431348
81.4,0.431348
81.4,0.431348
81.4,0.431348
81.4,0.431348
81.4,0.431348
81.4,0.431348
81.4,0.431348
81.4,0.431348
81.4,0.431348
81.4,0.431348
82.1333,0.434048
82.1333,0.434048
82.1333,0.434048
82.1333,0.434048
82.1333,0.434048
82.1333,0.434048
82.1333,0.434048
82.1333,0.434048
82.1333,0.434048
82.1333,0.434048
82.1333,0.434048
82.8667,0.437402
82.8667,0.437402
82.8667,0.437402
82.8667,0.437402
82.8667,0.437402
82.8667,0.437402
82.8667,0.437402
82.8667,0.437402
82.8667,0.437402
82.8667,0.437402
82.8667,0.437402
83.6,0.436708
83.6,0.436708
83.6,0.436708
83.6,0.436708
83.6,0.436708
83.6,0.436708
83.6,0.436708
83.6,0.436708
83.6,0.436708
83.6,0.436708
83.6,0.436708
84.3333,0.433617
84.3333,0.433617
84.3333,0.433617
84.3333,0.433617
84.3333,0.433617
84.3333,0.433617
84.3333,0.433617
84.3333,0.433617
84.3333,0.433617
84.3333,0.433617
84.3333,0.433617
85.0667,0.435219
85.0667,0.435219
85.0667,0.435219
85.0667,0.435219
85.0667,0.435219
85.0667,0.435219
85.0667,0.435219
85.0667,0.435219
85.0667,0.435219
85.0667,0.435219
85.0667,0.435219
85.8,0.433299
85.8,0.433299
85.8,0.433299
85.8,0.433299
85.8,0.433299
85.8,0.433299
85.8,0.433299
85.8,0.433299
85.8,0.433299
85.8,0.433299
85.8,0.433299
86.5333,0.439138
86.5333,0.439138
86.5333,0.439138
86.5333,0.439138
86.5333,0.439138
86.5333,0.439138
86.5333,0.439138
86.5333,0.439138
86.5333,0.439138
86.5333,0.439138
86.5333,0.439138
87.2667,0.439687
87.2667,0.439687
87.2667,0.439687
87.2667,0.439687
87.2667,0.439687
87.2667,0.439687
87.2667,0.439687
87.2667,0.439687
87.2667,0.439687
87.2667,0.439687
87.2667,0.439687
88,0.432739
88,0.432739
88,0.432739
88,0.432739
88,0.432739
88,0.432739
88,0.432739
88,0.432739
88,0.432739
88,0.432739
88,0.432739
88.7333,0.432758
88.7333,0.432758
88.7333,0.432758
88.7333,0.432758
88.7333,0.432758
88.7333,0.432758
88.7333,0.432758
88.7333,0.432758
88.7333,0.432758
88.7333,0.432758
88.7333,0.432758
89.4667,0.432421
89.4667,0.432421
89.4667,0.432421
89.4667,0.432421
89.4667,0.432421
89.4667,0.432421
89.4667,0.432421
89.4667,0.432421
89.4667,0.432421
89.4667,0.432421
89.4667,0.432421
90.2,0.437273
90.2,0.437273
90.2,0.437273
90.2,0.437273
90.2,0.437273
90.2,0.437273
90.2,0.437273
90.2,0.437273
90.2,0.437273
90.2,0.437273
90.2,0.437273
90.9333,0.43248
90.9333,0.43248
90.9333,0.43248
90.9333,0.43248
90.9333,0.43248
90.9333,0.43248
90.9333,0.43248
90.9333,0.43248
90.9333,0.43248
90.9333,0.43248
90.9333,0.43248
91.6667,0.426002
91.6667,0.426002
91.6667,0.426002
91.6667,0.426002
91.6667,0.426002
91.6667,0.426002
91.6667,0.426002
91.6667,0.426002
91.6667,0.426002
91.6667,0.426002
91.6667,0.426002
92.4,0.415528
92.4,0.415528
92.4,0.415528
92.4,0.415528
92.4,0.415528
92.4,0.415528
92.4,0.415528
92.4,0.415528
92.4,0.415528
92.4,0.415528
92.4,0.415528
93.1333,0.419975
93.1333,0.419975
93.1333,0.419975
93.1333,0.419975
93.1333,0.419975
93.1333,0.419975
93.1333,0.419975
93.1333,0.419975
93.1333,0.419975
93.1333,0.419975
93.1333,0.419975
93.8667,0.422918
93.8667,0.422918
93.8667,0.422918
93.8667,0.422918
93.8667,0.422918
93.8667,0.422918
93.8667,0.422918
93.8667,0.422918
93.8667,0.422918
93.8667,0.422918
93.8667,0.422918
94.6,0.420841
94.6,0.420841
94.6,0.420841
94.6,0.420841
94.6,0.420841
94.6,0.420841
94.6,0.420841
94.6,0.420841
94.6,0.420841
94.6,0.420841
94.6,0.420841
95.3333,0.43016
95.3333,0.43016
95.3333,0.43016
95.3333,0.43016
95.3333,0.43016
95.3333,0.43016
95.3333,0.43016
95.3333,0.43016
95.3333,0.43016
95.3333,0.43016
95.3333,0.43016
96.0667,0.439808
96.0667,0.439808
96.0667,0.439808
96.0667,0.439808
96.0667,0.439808
96.0667,0.439808
96.0667,0.439808
96.0667,0.439808
96.0667,0.439808
96.0667,0.439808
96.0667,0.439808
96.8,0.441603
96.8,0.441603
96.8,0.441603
96.8,0.441603
96.8,0.441603
96.8,0.441603
96.8,0.441603
96.8,0.441603
96.8,0.441603
96.8,0.441603
96.8,0.441603
97.5333,0.426089
97.5333,0.426089
97.5333,0.426089
97.5333,0.426089
97.5333,0.426089
97.5333,0.426089
97.5333,0.426089
97.5333,0.426089
97.5333,0.426089
97.5333,0.426089
97.5333,0.426089
98.2667,0.398505
98.2667,0.398505
98.2667,0.398505
98.2667,0.398505
98.2667,0.398505
98.2667,0.398505
98.2667,0.398505
98.2667,0.398505
98.2667,0.398505
98.2667,0.398505
98.2667,0.398505
99,0.369349
99,0.369349
99,0.369349
99,0.369349
99,0.369349
99,0.369349
99,0.369349
99,0.369349
99,0.369349
99,0.369349
99,0.369349
99.7333,0.35351
99.7333,0.35351
99.7333,0.35351
99.7333,0.35351
99.7333,0.35351
99.7333,0.35351
99.7333,0.35351
99.7333,0.35351
99.7333,0.35351
99.7333,0.35351
99.7333,0.35351
100.467,0.341644
100.467,0.341644
100.467,0.341644
100.467,0.341644
100.467,0.341644
100.467,0.341644
100.467,0.341644
100.467,0.341644
100.467,0.341644
100.467,0.341644
100.467,0.341644
101.2,0.321831
101.2,0.321831
101.2,0.321831
101.2,0.321831
101.2,0.321831
101.2,0.321831
101.2,0.321831
101.2,0.321831
101.2,0.321831
101.2,0.321831
101.2,0.321831
101.933,0.304533
101.933,0.304533
101.933,0.304533
101.933,0.304533
101.933,0.304533
101.933,0.304533
101.933,0.304533
101.933,0.304533
101.933,0.304533
101.933,0.304533
101.933,0.304533
102.667,0.289411
102.667,0.289411
102.667,0.289411
102.667,0.289411
102.667,0.289411
102.667,0.289411
102.667,0.289411
102.667,0.289411
102.667,0.289411
102.667,0.289411
102.667,0.289411
103.4,0.288
103.4,0.288
103.4,0.288
103.4,0.288
103.4,0.288
103.4,0.288
103.4,0.288
103.4,0.288
103.4,0.288
103.4,0.288
103.4,0.288
104.133,0.310227
104.133,0.310227
104.133,0.310227
104.133,0.310227
104.133,0.310227
104.133,0.310227
104.133,0.310227
104.133,0.310227
104.133,0.310227
104.133,0.310227
104.133,0.310227
104.867,0.315118
104.867,0.315118
104.867,0.315118
104.867,0.315118
104.867,0.315118
104.867,0.315118
104.867,0.315118
104.867,0.315118
104.867,0.315118
104.867,0.315118
104.867,0.315118
105.6,0.336424
105.6,0.336424
105.6,0.336424
105.6,0.336424
105.6,0.336424
105.6,0.336424
105.6,0.336424
105.6,0.336424
105.6,0.336424
105.6,0.336424
105.6,0.336424
106.333,0.33113
106.333,0.33113
106.333,0.33113
106.333,0.33113
106.333,0.33113
106.333,0.33113
106.333,0.33113
106.333,0.33113
106.333,0.33113
106.333,0.33113
106.333,0.33113
107.067,0.357479
107.067,0.357479
107.067,0.357479
107.067,0.357479
107.067,0.357479
107.067,0.357479
107.067,0.357479
107.067,0.357479
107.067,0.357479
107.067,0.357479
107.067,0.357479
107.8,0.348211
107.8,0.348211
107.8,0.348211
107.8,0.348211
107.8,0.348211
107.8,0.348211
107.8,0.348211
107.8,0.348211
107.8,0.348211
107.8,0.348211
107.8,0.348211
108.533,0.357421
108.533,0.357421
108.533,0.357421
108.533,0.357421
108.533,0.357421
108.533,0.357421
108.533,0.357421
108.533,0.357421
108.533,0.357421
108.533,0.357421
108.533,0.357421
109.267,0.374984
109.267,0.374984
109.267,0.374984
109.267,0.374984
109.267,0.374984
109.267,0.374984
109.267,0.374984
109.267,0.374984
109.267,0.374984
109.267,0.374984
109.267,0.374984
110,0.373084
110,0.373084
110,0.373084
110,0.373084
110,0.373084
110,0.373084
110,0.373084
110,0.373084
110,0.373084
110,0.373084
110,0.373084
110.733,0.361226
110.733,0.361226
110.733,0.361226
110.733,0.361226
110.733,0.361226
110.733,0.361226
110.733,0.361226
110.733,0.361226
110.733,0.361226
110.733,0.361226
110.733,0.361226
111.467,0.343266
111.467,0.343266
111.467,0.343266
111.467,0.343266
111.467,0.343266
111.467,0.343266
111.467,0.343266
111.467,0.343266
111.467,0.343266
111.467,0.343266
111.467,0.343266
112.2,0.344363
112.2,0.344363
112.2,0.344363
112.2,0.344363
112.2,0.344363
112.2,0.344363
112.2,0.344363
112.2,0.344363
112.2,0.344363
112.2,0.344363
112.2,0.344363
112.933,0.356131
112.933,0.356131
112.933,0.356131
112.933,0.356131
112.933,0.356131
112.933,0.356131
112.933,0.356131
112.933,0.356131
112.933,0.356131
112.933,0.356131
112.933,0.356131
113.667,0.366708
113.667,0.366708
113.667,0.366708
113.667,0.366708
113.667,0.366708
113.667,0.366708
113.667,0.366708
113.667,0.366708
113.667,0.366708
113.667,0.366708
113.667,0.366708
114.4,0.323653
114.4,0.323653
114.4,0.323653
114.4,0.323653
114.4,0.323653
114.4,0.323653
114.4,0.323653
114.4,0.323653
114.4,0.323653
114.4,0.323653
114.4,0.323653
115.133,0.281534
115.133,0.281534
115.133,0.281534
115.133,0.281534
115.133,0.281534
115.133,0.281534
115.133,0.281534
115.133,0.281534
115.133,0.281534
115.133,0.281534
115.133,0.281534
115.867,0.260157
115.867,0.260157
115.867,0.260157
115.867,0.260157
115.867,0.260157
115.867,0.260157
115.867,0.260157
115.867,0.260157
115.867,0.260157
115.867,0.260157
115.867,0.260157
116.6,0.210276
116.6,0.210276
116.6,0.210276
116.6,0.210276
116.6,0.210276
116.6,0.210276
116.6,0.210276
116.6,0.210276
116.6,0.210276
116.6,0.210276
116.6,0.210276
117.333,0.202148
117.333,0.202148
117.333,0.202148
117.333,0.202148
117.333,0.202148
117.333,0.202148
117.333,0.202148
117.333,0.202148
117.333,0.202148
117.333,0.202148
117.333,0.202148
118.067,0.22512
118.067,0.22512
118.067,0.22512
118.067,0.22512
118.067,0.22512
118.067,0.22512
118.067,0.22512
118.067,0.22512
118.067,0.22512
118.067,0.22512
118.067,0.22512
118.8,0.200518
118.8,0.200518
118.8,0.200518
118.8,0.200518
118.8,0.200518
118.8,0.200518
118.8,0.200518
118.8,0.200518
118.8,0.200518
118.8,0.200518
118.8,0.200518
119.533,0.171986
119.533,0.171986
119.533,0.171986
119.533,0.171986
119.533,0.171986
119.533,0.171986
119.533,0.171986
119.533,0.171986
119.533,0.171986
119.533,0.171986
119.533,0.171986
120.267,0.191019
120.267,0.191019
120.267,0.191019
120.267,0.191019
120.267,0.191019
120.267,0.191019
120.267,0.191019
120.267,0.191019
120.267,0.191019
120.267,0.191019
120.267,0.191019
121,0.19366
121,0.19366
121,0.19366
121,0.19366
121,0.19366
121,0.19366
121,0.19366
121,0.19366
121,0.19366
121,0.19366
121,0.19366
121.733,0.208399
121.733,0.208399
121.733,0.208399
121.733,0.208399
121.733,0.208399
121.733,0.208399
121.733,0.208399
121.733,0.208399
121.733,0.208399
121.733,0.208399
121.733,0.208399
122.467,0.193523
122.467,0.193523
122.467,0.193523
122.467,0.193523
122.467,0.193523
122.467,0.193523
122.467,0.193523
122.467,0.193523
122.467,0.193523
122.467,0.193523
122.467,0.193523
123.2,0.138641
123.2,0.138641
123.2,0.138641
123.2,0.138641
123.2,0.138641
123.2,0.138641
123.2,0.138641
123.2,0.138641
123.2,0.138641
123.2,0.138641
123.2,0.138641
123.933,0.123895
123.933,0.123895
123.933,0.123895
123.933,0.123895
123.933,0.123895
123.933,0.123895
123.933,0.123895
123.933,0.123895
123.933,0.123895
123.933,0.123895
123.933,0.123895
124.667,0.161143
124.667,0.161143
124.667,0.161143
124.667,0.161143
124.667,0.161143
124.667,0.161143
124.667,0.161143
124.667,0.161143
124.667,0.161143
124.667,0.161143
124.667,0.161143
125.4,0.173071
125.4,0.173071
125.4,0.173071
125.4,0.173071
125.4,0.173071
125.4,0.173071
125.4,0.173071
125.4,0.173071
125.4,0.173071
125.4,0.173071
125.4,0.173071
126.133,0.193868
126.133,0.193868
126.133,0.193868
126.133,0.193868
126.133,0.193868
126.133,0.193868
126.133,0.193868
126.133,0.193868
126.133,0.193868
126.133,0.193868
126.133,0.193868
126.867,0.223066
126.867,0.223066
126.867,0.223066
126.867,0.223066
126.867,0.223066
126.867,0.223066
126.867,0.223066
126.867,0.223066
126.867,0.223066
126.867,0.223066
126.867,0.223066
127.6,0.168921
127.6,0.168921
127.6,0.168921
127.6,0.168921
127.6,0.168921
127.6,0.168921
127.6,0.168921
127.6,0.168921
127.6,0.168921
127.6,0.168921
127.6,0.168921
128.333,0.144645
128.333,0.144645
128.333,0.144645
128.333,0.144645
128.333,0.144645
128.333,0.144645
128.333,0.144645
128.333,0.144645
128.333,0.144645
128.333,0.144645
128.333,0.144645
129.067,0.110093
129.067,0.110093
129.067,0.110093
129.067,0.110093
129.067,0.110093
129.067,0.110093
129.067,0.110093
129.067,0.110093
129.067,0.110093
129.067,0.110093
129.067,0.110093
129.8,0.0754632
129.8,0.0754632
129.8,0.0754632
129.8,0.0754632
129.8,0.0754632
129.8,0.0754632
129.8,0.0754632
129.8,0.0754632
129.8,0.0754632
129.8,0.0754632
129.8,0.0754632
130.533,0.0325334
130.533,0.0325334
130.533,0.0325334
130.533,0.0325334
130.533,0.0325334
130.533,0.0325334
130.533,0.0325334
130.533,0.0325334
130.533,0.0325334
130.533,0.0325334
130.533,0.0325334
131.267,0.00180262
131.267,0.00180262
131.267,0.00180262
131.267,0.00180262
131.267,0.00180262
131.267,0.00180262
131.267,0.00180262
131.267,0.00180262
131.267,0.00180262
131.267,0.00180262
131.267,0.00180262
132,0.0011717
132,0.0011717
132,0.0011717
132,0.0011717
132,0.0011717
132,0.0011717
132,0.0011717
132,0.0011717
132,0.0011717
132,0.0011717
132,0.0011717
132.733,0.000952254
132.733,0.000952254
132.733,0.000952254
132.733,0.000952254
132.733,0.000952254
132.733,0.000952254
132.733,0.000952254
132.733,0.000952254
132.733,0.000952254
132.733,0.000952254
132.733,0.000952254
133.467,0.020256
133.467,0.020256
133.467,0.020256
133.467,0.020256
133.467,0.020256
133.467,0.020256
133.467,0.020256
133.467,0.020256
133.467,0.020256
133.467,0.020256
133.467,0.020256
134.2,0.143747
134.2,0.143747
134.2,0.143747
134.2,0.143747
134.2,0.143747
134.2,0.143747
134.2,0.143747
134.2,0.143747
134.2,0.143747
134.2,0.143747
134.2,0.143747
134.933,0.22503
134.933,0.22503
134.933,0.22503
134.933,0.22503
134.933,0.22503
134.933,0.22503
134.933,0.22503
134.933,0.22503
134.933,0.22503
134.933,0.22503
134.933,0.22503
135.667,0.17507
135.667,0.17507
135.667,0.17507
135.667,0.17507
135.667,0.17507
135.667,0.17507
135.667,0.17507
135.667,0.17507
135.667,0.17507
135.667,0.17507
135.667,0.17507
136.4,0.0758394
136.4,0.0758394
136.4,0.0758394
136.4,0.0758394
136.4,0.0758394
136.4,0.0758394
136.4,0.0758394
136.4,0.0758394
136.4,0.0758394
136.4,0.0758394
136.4,0.0758394
137.133,0.0451478
137.133,0.0451478
137.133,0.0451478
137.133,0.0451478
137.133,0.0451478
137.133,0.0451478
137.133,0.0451478
137.133,0.0451478
137.133,0.0451478
137.133,0.0451478
137.133,0.0451478
137.867,0.0268708
137.867,0.0268708
137.867,0.0268708
137.867,0.0268708
137.867,0.0268708
137.867,0.0268708
137.867,0.0268708
137.867,0.0268708
137.867,0.0268708
137.867,0.0268708
137.867,0.0268708
138.6,0.00555286
138.6,0.00555286
138.6,0.00555286
138.6,0.00555286
138.6,0.00555286
138.6,0.00555286
138.6,0.00555286
138.6,0.00555286
138.6,0.00555286
138.6,0.00555286
138.6,0.00555286
139.333,0.00457317
139.333,0.00457317
139.333,0.00457317
139.333,0.00457317
139.333,0.00457317
139.333,0.00457317
139.333,0.00457317
139.333,0.00457317
139.333,0.00457317
139.333,0.00457317
139.333,0.00457317
140.067,0.00720656
140.067,0.00720656
140.067,0.00720656
140.067,0.00720656
140.067,0.00720656
140.067,0.00720656
140.067,0.00720656
140.067,0.00720656
140.067,0.00720656
140.067,0.00720656
140.067,0.00720656
140.8,0.0390071
140.8,0.0390071
140.8,0.0390071
140.8,0.0390071
140.8,0.0390071
140.8,0.0390071
140.8,0.0390071
140.8,0.0390071
140.8,0.0390071
140.8,0.0390071
140.8,0.0390071
141.533,0.0994224
141.533,0.0994224
141.533,0.0994224
141.533,0.0994224
141.533,0.0994224
141.533,0.0994224
141.533,0.0994224
141.533,0.0994224
141.533,0.0994224
141.533,0.0994224
141.533,0.0994224
142.267,0.169348
142.267,0.169348
142.267,0.169348
142.267,0.169348
142.267,0.169348
142.267,0.169348
142.267,0.169348
142.267,0.169348
142.267,0.169348
142.267,0.169348
142.267,0.169348
143,0.191152
143,0.191152
143,0.191152
143,0.191152
143,0.191152
143,0.191152
143,0.191152
143,0.191152
143,0.191152
143,0.191152
143,0.191152
143.733,0.214637
143.733,0.214637
143.733,0.214637
143.733,0.214637
143.733,0.214637
143.733,0.214637
143.733,0.214637
143.733,0.214637
143.733,0.214637
143.733,0.214637
143.733,0.214637
144.467,0.186516
144.467,0.186516
144.467,0.186516
144.467,0.186516
144.467,0.186516
144.467,0.186516
144.467,0.186516
144.467,0.186516
144.467,0.186516
144.467,0.186516
144.467,0.186516
145.2,0.110653
145.2,0.110653
145.2,0.110653
145.2,0.110653
145.2,0.110653
145.2,0.110653
145.2,0.110653
145.2,0.110653
145.2,0.110653
145.2,0.110653
145.2,0.110653
145.933,0.040367
145.933,0.040367
145.933,0.040367
145.933,0.040367
145.933,0.040367
145.933,0.040367
145.933,0.040367
145.933,0.040367
145.933,0.040367
145.933,0.040367
145.933,0.040367
146.667,0.00923255
146.667,0.00923255
146.667,0.00923255
146.667,0.00923255
146.667,0.00923255
146.667,0.00923255
146.667,0.00923255
146.667,0.00923255
146.667,0.00923255
146.667,0.00923255
146.667,0.00923255
147.4,0.00096401
147.4,0.00096401
147.4,0.00096401
147.4,0.00096401
147.4,0.00096401
147.4,0.00096401
147.4,0.00096401
147.4,0.00096401
147.4,0.00096401
147.4,0.00096401
147.4,0.00096401
148.133,0.00126575
148.133,0.00126575
148.133,0.00126575
148.133,0.00126575
148.133,0.00126575
148.133,0.00126575
148.133,0.00126575
148.133,0.00126575
148.133,0.00126575
148.133,0.00126575
148.133,0.00126575
148.867,0.0014421
148.867,0.0014421
148.867,0.0014421
148.867,0.0014421
148.867,0.0014421
148.867,0.0014421
148.867,0.0014421
148.867,0.0014421
148.867,0.0014421
148.867,0.0014421
148.867,0.0014421
149.6,0.00157925
149.6,0.00157925
149.6,0.00157925
149.6,0.00157925
149.6,0.00157925
149.6,0.00157925
149.6,0.00157925
149.6,0.00157925
149.6,0.00157925
149.6,0.00157925
149.6,0.00157925
150.333,0.00161452
150.333,0.00161452
150.333,0.00161452
150.333,0.00161452
150.333,0.00161452
150.333,0.00161452
150.333,0.00161452
150.333,0.00161452
150.333,0.00161452
150.333,0.00161452
150.333,0.00161452
151.067,0.00762587
151.067,0.00762587
151.067,0.00762587
151.067,0.00762587
151.067,0.00762587
151.067,0.00762587
151.067,0.00762587
151.067,0.00762587
151.067,0.00762587
151.067,0.00762587
151.067,0.00762587
151.8,0.0522995
151.8,0.0522995
151.8,0.0522995
151.8,0.0522995
151.8,0.0522995
151.8,0.0522995
151.8,0.0522995
151.8,0.0522995
151.8,0.0522995
151.8,0.0522995
151.8,0.0522995
152.533,0.0659446
152.533,0.0659446
152.533,0.0659446
152.533,0.0659446
152.533,0.0659446
152.533,0.0659446
152.533,0.0659446
152.533,0.0659446
152.533,0.0659446
152.533,0.0659446
152.533,0.0659446
153.267,0.0689111
153.267,0.0689111
153.267,0.0689111
153.267,0.0689111
153.267,0.0689111
153.267,0.0689111
153.267,0.0689111
153.267,0.0689111
153.267,0.0689111
153.267,0.0689111
153.267,0.0689111
154,0.0442347
154,0.0442347
154,0.0442347
154,0.0442347
154,0.0442347
154,0.0442347
154,0.0442347
154,0.0442347
154,0.0442347
154,0.0442347
154,0.0442347
154.733,0.0305662
154.733,0.0305662
154.733,0.0305662
154.733,0.0305662
154.733,0.0305662
154.733,0.0305662
154.733,0.0305662
154.733,0.0305662
154.733,0.0305662
154.733,0.0305662
154.733,0.0305662
155.467,0.0206126
155.467,0.0206126
155.467,0.0206126
155.467,0.0206126
155.467,0.0206126
155.467,0.0206126
155.467,0.0206126
155.467,0.0206126
155.467,0.0206126
155.467,0.0206126
155.467,0.0206126
156.2,0.0101143
156.2,0.0101143
156.2,0.0101143
156.2,0.0101143
156.2,0.0101143
156.2,0.0101143
156.2,0.0101143
156.2,0.0101143
156.2,0.0101143
156.2,0.0101143
156.2,0.0101143
156.933,0.00392658
156.933,0.00392658
156.933,0.00392658
156.933,0.00392658
156.933,0.00392658
156.933,0.00392658
156.933,0.00392658
156.933,0.00392658
156.933,0.00392658
156.933,0.00392658
156.933,0.00392658
157.667,0.00638755
157.667,0.00638755
157.667,0.00638755
157.667,0.00638755
157.667,0.00638755
157.667,0.00638755
157.667,0.00638755
157.667,0.00638755
157.667,0.00638755
157.667,0.00638755
157.667,0.00638755
158.4,0.00712427
158.4,0.00712427
158.4,0.00712427
158.4,0.00712427
158.4,0.00712427
158.4,0.00712427
158.4,0.00712427
158.4,0.00712427
158.4,0.00712427
158.4,0.00712427
158.4,0.00712427
159.133,0.0512415
159.133,0.0512415
159.133,0.0512415
159.133,0.0512415
159.133,0.0512415
159.133,0.0512415
159.133,0.0512415
159.133,0.0512415
159.133,0.0512415
159.133,0.0512415
159.133,0.0512415
159.867,0.0641224
159.867,0.0641224
159.867,0.0641224
159.867,0.0641224
159.867,0.0641224
159.867,0.0641224
159.867,0.0641224
159.867,0.0641224
159.867,0.0641224
159.867,0.0641224
159.867,0.0641224
160.6,0.0660308
160.6,0.0660308
160.6,0.0660308
160.6,0.0660308
160.6,0.0660308
160.6,0.0660308
160.6,0.0660308
160.6,0.0660308
160.6,0.0660308
160.6,0.0660308
160.6,0.0660308
161.333,0.0196995
161.333,0.0196995
161.333,0.0196995
161.333,0.0196995
161.333,0.0196995
161.333,0.0196995
161.333,0.0196995
161.333,0.0196995
161.333,0.0196995
161.333,0.0196995
161.333,0.0196995
162.067,0.00111684
162.067,0.00111684
162.067,0.00111684
162.067,0.00111684
162.067,0.00111684
162.067,0.00111684
162.067,0.00111684
162.067,0.00111684
162.067,0.00111684
162.067,0.00111684
162.067,0.00111684
162.8,0.0430513
162.8,0.0430513
162.8,0.0430513
162.8,0.0430513
162.8,0.0430513
162.8,0.0430513
162.8,0.0430513
162.8,0.0430513
162.8,0.0430513
162.8,0.0430513
162.8,0.0430513
163.533,0.0486081
163.533,0.0486081
163.533,0.0486081
163.533,0.0486081
163.533,0.0486081
163.533,0.0486081
163.533,0.0486081
163.533,0.0486081
163.533,0.0486081
163.533,0.0486081
163.533,0.0486081
164.267,0.0242884
164.267,0.0242884
164.267,0.0242884
164.267,0.0242884
164.267,0.0242884
164.267,0.0242884
164.267,0.0242884
164.267,0.0242884
164.267,0.0242884
164.267,0.0242884
164.267,0.0242884
165,0.00239043
165,0.00239043
165,0.00239043
165,0.00239043
165,0.00239043
165,0.00239043
165,0.00239043
165,0.00239043
165,0.00239043
165,0.00239043
165,0.00239043
165.733,0.00830773
165.733,0.00830773
165.733,0.00830773
165.733,0.00830773
165.733,0.00830773
165.733,0.00830773
165.733,0.00830773
165.733,0.00830773
165.733,0.00830773
165.733,0.00830773
165.733,0.00830773
166.467,0.0103533
166.467,0.0103533
166.467,0.0103533
166.467,0.0103533
166.467,0.0103533
166.467,0.0103533
166.467,0.0103533
166.467,0.0103533
166.467,0.0103533
166.467,0.0103533
166.467,0.0103533
167.2,0.017266
167.2,0.017266
167.2,0.017266
167.2,0.017266
167.2,0.017266
167.2,0.017266
167.2,0.017266
167.2,0.017266
167.2,0.017266
167.2,0.017266
167.2,0.017266
167.933,0.0576486
167.933,0.0576486
167.933,0.0576486
167.933,0.0576486
167.933,0.0576486
167.933,0.0576486
167.933,0.0576486
167.933,0.0576486
167.933,0.0576486
167.933,0.0576486
167.933,0.0576486
168.667,0.0677864
168.667,0.0677864
168.667,0.0677864
168.667,0.0677864
168.667,0.0677864
168.667,0.0677864
168.667,0.0677864
168.667,0.0677864
168.667,0.0677864
168.667,0.0677864
168.667,0.0677864
169.4,0.0722655
169.4,0.0722655
169.4,0.0722655
169.4,0.0722655
169.4,0.0722655
169.4,0.0722655
169.4,0.0722655
169.4,0.0722655
169.4,0.0722655
169.4,0.0722655
169.4,0.0722655
170.133,0.0460805
170.133,0.0460805
170.133,0.0460805
170.133,0.0460805
170.133,0.0460805
170.133,0.0460805
170.133,0.0460805
170.133,0.0460805
170.133,0.0460805
170.133,0.0460805
170.133,0.0460805
170.867,0.00224936
170.867,0.00224936
170.867,0.00224936
170.867,0.00224936
170.867,0.00224936
170.867,0.00224936
170.867,0.00224936
170.867,0.00224936
170.867,0.00224936
170.867,0.00224936
170.867,0.00224936
171.6,0.00193586
171.6,0.00193586
171.6,0.00193586
171.6,0.00193586
171.6,0.00193586
171.6,0.00193586
171.6,0.00193586
171.6,0.00193586
171.6,0.00193586
171.6,0.00193586
171.6,0.00193586
172.333,0.00204558
172.333,0.00204558
172.333,0.00204558
172.333,0.00204558
172.333,0.00204558
172.333,0.00204558
172.333,0.00204558
172.333,0.00204558
172.333,0.00204558
172.333,0.00204558
172.333,0.00204558
173.067,0.00183397
173.067,0.00183397
173.067,0.00183397
173.067,0.00183397
173.067,0.00183397
173.067,0.00183397
173.067,0.00183397
173.067,0.00183397
173.067,0.00183397
173.067,0.00183397
173.067,0.00183397
173.8,0.00196329
173.8,0.00196329
173.8,0.00196329
173.8,0.00196329
173.8,0.00196329
173.8,0.00196329
173.8,0.00196329
173.8,0.00196329
173.8,0.00196329
173.8,0.00196329
173.8,0.00196329
174.533,0.00187708
174.533,0.00187708
174.533,0.00187708
174.533,0.00187708
174.533,0.00187708
174.533,0.00187708
174.533,0.00187708
174.533,0.00187708
174.533,0.00187708
174.533,0.00187708
174.533,0.00187708
175.267,0.0327842
175.267,0.0327842
175.267,0.0327842
175.267,0.0327842
175.267,0.0327842
175.267,0.0327842
175.267,0.0327842
175.267,0.0327842
175.267,0.0327842
175.267,0.0327842
175.267,0.0327842
176,0.0717404
176,0.0717404
176,0.0717404
176,0.0717404
176,0.0717404
176,0.0717404
176,0.0717404
176,0.0717404
176,0.0717404
176,0.0717404
176,0.0717404
176.733,0.138904
176.733,0.138904
176.733,0.138904
176.733,0.138904
176.733,0.138904
176.733,0.138904
176.733,0.138904
176.733,0.138904
176.733,0.138904
176.733,0.138904
176.733,0.138904
177.467,0.136505
177.467,0.136505
177.467,0.136505
177.467,0.136505
177.467,0.136505
177.467,0.136505
177.467,0.136505
177.467,0.136505
177.467,0.136505
177.467,0.136505
177.467,0.136505
178.2,0.123538
178.2,0.123538
178.2,0.123538
178.2,0.123538
178.2,0.123538
178.2,0.123538
178.2,0.123538
178.2,0.123538
178.2,0.123538
178.2,0.123538
178.2,0.123538
178.933,0.10704
178.933,0.10704
178.933,0.10704
178.933,0.10704
178.933,0.10704
178.933,0.10704
178.933,0.10704
178.933,0.10704
178.933,0.10704
178.933,0.10704
178.933,0.10704
179.667,0.0554933
179.667,0.0554933
179.667,0.0554933
179.667,0.0554933
179.667,0.0554933
179.667,0.0554933
179.667,0.0554933
179.667,0.0554933
179.667,0.0554933
179.667,0.0554933
179.667,0.0554933
180.4,0.0350767
180.4,0.0350767
180.4,0.0350767
180.4,0.0350767
180.4,0.0350767
180.4,0.0350767
180.4,0.0350767
180.4,0.0350767
180.4,0.0350767
180.4,0.0350767
180.4,0.0350767
181.133,0.035978
181.133,0.035978
181.133,0.035978
181.133,0.035978
181.133,0.035978
181.133,0.035978
181.133,0.035978
181.133,0.035978
181.133,0.035978
181.133,0.035978
181.133,0.035978
181.867,0.0430435
181.867,0.0430435
181.867,0.0430435
181.867,0.0430435
181.867,0.0430435
181.867,0.0430435
181.867,0.0430435
181.867,0.0430435
181.867,0.0430435
181.867,0.0430435
181.867,0.0430435
182.6,0.0778654
182.6,0.0778654
182.6,0.0778654
182.6,0.0778654
182.6,0.0778654
182.6,0.0778654
182.6,0.0778654
182.6,0.0778654
182.6,0.0778654
182.6,0.0778654
182.6,0.0778654
183.333,0.0876701
183.333,0.0876701
183.333,0.0876701
183.333,0.0876701
183.333,0.0876701
183.333,0.0876701
183.333,0.0876701
183.333,0.0876701
183.333,0.0876701
183.333,0.0876701
183.333,0.0876701
184.067,0.0920473
184.067,0.0920473
184.067,0.0920473
184.067,0.0920473
184.067,0.0920473
184.067,0.0920473
184.067,0.0920473
184.067,0.0920473
184.067,0.0920473
184.067,0.0920473
184.067,0.0920473
184.8,0.0948218
184.8,0.0948218
184.8,0.0948218
184.8,0.0948218
184.8,0.0948218
184.8,0.0948218
184.8,0.0948218
184.8,0.0948218
184.8,0.0948218
184.8,0.0948218
184.8,0.0948218
185.533,0.0968674
185.533,0.0968674
185.533,0.0968674
185.533,0.0968674
185.533,0.0968674
185.533,0.0968674
185.533,0.0968674
185.533,0.0968674
185.533,0.0968674
185.533,0.0968674
185.533,0.0968674
186.267,0.0978706
186.267,0.0978706
186.267,0.0978706
186.267,0.0978706
186.267,0.0978706
186.267,0.0978706
186.267,0.0978706
186.267,0.0978706
186.267,0.0978706
186.267,0.0978706
186.267,0.0978706
187,0.0991833
187,0.0991833
187,0.0991833
187,0.0991833
187,0.0991833
187,0.0991833
187,0.0991833
187,0.0991833
187,0.0991833
187,0.0991833
187,0.0991833
187.733,0.0988267
187.733,0.0988267
187.733,0.0988267
187.733,0.0988267
187.733,0.0988267
187.733,0.0988267
187.733,0.0988267
187.733,0.0988267
187.733,0.0988267
187.733,0.0988267
187.733,0.0988267
188.467,0.0999984
188.467,0.0999984
188.467,0.0999984
188.467,0.0999984
188.467,0.0999984
188.467,0.0999984
188.467,0.0999984
188.467,0.0999984
188.467,0.0999984
188.467,0.0999984
188.467,0.0999984
189.2,0.100763
189.2,0.100763
189.2,0.100763
189.2,0.100763
189.2,0.100763
189.2,0.100763
189.2,0.100763
189.2,0.100763
189.2,0.100763
189.2,0.100763
189.2,0.100763
189.933,0.102287
189.933,0.102287
189.933,0.102287
189.933,0.102287
189.933,0.102287
189.933,0.102287
189.933,0.102287
189.933,0.102287
189.933,0.102287
189.933,0.102287
189.933,0.102287
190.667,0.100853
190.667,0.100853
190.667,0.100853
190.667,0.100853
190.667,0.100853
190.667,0.100853
190.667,0.100853
190.667,0.100853
190.667,0.100853
190.667,0.100853
190.667,0.100853
191.4,0.104019
191.4,0.104019
191.4,0.104019
191.4,0.104019
191.4,0.104019
191.4,0.104019
191.4,0.104019
191.4,0.104019
191.4,0.104019
191.4,0.104019
191.4,0.104019
192.133,0.108083
192.133,0.108083
192.133,0.108083
192.133,0.108083
192.133,0.108083
192.133,0.108083
192.133,0.108083
192.133,0.108083
192.133,0.108083
192.133,0.108083
192.133,0.108083
192.867,0.110712
192.867,0.110712
192.867,0.110712
192.867,0.110712
192.867,0.110712
192.867,0.110712
192.867,0.110712
192.867,0.110712
192.867,0.110712
192.867,0.110712
192.867,0.110712
193.6,0.105496
193.6,0.105496
193.6,0.105496
193.6,0.105496
193.6,0.105496
193.6,0.105496
193.6,0.105496
193.6,0.105496
193.6,0.105496
193.6,0.105496
193.6,0.105496
194.333,0.106362
194.333,0.106362
194.333,0.106362
194.333,0.106362
194.333,0.106362
194.333,0.106362
194.333,0.106362
194.333,0.106362
194.333,0.106362
194.333,0.106362
194.333,0.106362
195.067,0.105681
195.067,0.105681
195.067,0.105681
195.067,0.105681
195.067,0.105681
195.067,0.105681
195.067,0.105681
195.067,0.105681
195.067,0.105681
195.067,0.105681
195.067,0.105681
195.8,0.110438
195.8,0.110438
195.8,0.110438
195.8,0.110438
195.8,0.110438
195.8,0.110438
195.8,0.110438
195.8,0.110438
195.8,0.110438
195.8,0.110438
195.8,0.110438
196.533,0.127818
196.533,0.127818
196.533,0.127818
196.533,0.127818
196.533,0.127818
196.533,0.127818
196.533,0.127818
196.533,0.127818
196.533,0.127818
196.533,0.127818
196.533,0.127818
197.267,0.148222
197.267,0.148222
197.267,0.148222
197.267,0.148222
197.267,0.148222
197.267,0.148222
197.267,0.148222
197.267,0.148222
197.267,0.148222
197.267,0.148222
197.267,0.148222
198,0.169297
198,0.169297
198,0.169297
198,0.169297
198,0.169297
198,0.169297
198,0.169297
198,0.169297
198,0.169297
198,0.169297
198,0.169297
198.733,0.189502
198.733,0.189502
198.733,0.189502
198.733,0.189502
198.733,0.189502
198.733,0.189502
198.733,0.189502
198.733,0.189502
198.733,0.189502
198.733,0.189502
198.733,0.189502
199.467,0.230935
199.467,0.230935
199.467,0.230935
199.467,0.230935
199.467,0.230935
199.467,0.230935
199.467,0.230935
199.467,0.230935
199.467,0.230935
199.467,0.230935
199.467,0.230935
200.2,0.278732
200.2,0.278732
200.2,0.278732
200.2,0.278732
200.2,0.278732
200.2,0.278732
200.2,0.278732
200.2,0.278732
200.2,0.278732
200.2,0.278732
200.2,0.278732
200.933,0.307174
200.933,0.307174
200.933,0.307174
200.933,0.307174
200.933,0.307174
200.933,0.307174
200.933,0.307174
200.933,0.307174
200.933,0.307174
200.933,0.307174
200.933,0.307174
201.667,0.321842
201.667,0.321842
201.667,0.321842
201.667,0.321842
201.667,0.321842
201.667,0.321842
201.667,0.321842
201.667,0.321842
201.667,0.321842
201.667,0.321842
201.667,0.321842
202.4,0.3098
202.4,0.3098
202.4,0.3098
202.4,0.3098
202.4,0.3098
202.4,0.3098
202.4,0.3098
202.4,0.3098
202.4,0.3098
202.4,0.3098
202.4,0.3098
203.133,0.312453
203.133,0.312453
203.133,0.312453
203.133,0.312453
203.133,0.312453
203.133,0.312453
203.133,0.312453
203.133,0.312453
203.133,0.312453
203.133,0.312453
203.133,0.312453
203.867,0.321807
203.867,0.321807
203.867,0.321807
203.867,0.321807
203.867,0.321807
203.867,0.321807
203.867,0.321807
203.867,0.321807
203.867,0.321807
203.867,0.321807
203.867,0.321807
204.6,0.349015
204.6,0.349015
204.6,0.349015
204.6,0.349015
204.6,0.349015
204.6,0.349015
204.6,0.349015
204.6,0.349015
204.6,0.349015
204.6,0.349015
204.6,0.349015
205.333,0.355351
205.333,0.355351
205.333,0.355351
205.333,0.355351
205.333,0.355351
205.333,0.355351
205.333,0.355351
205.333,0.355351
205.333,0.355351
205.333,0.355351
205.333,0.355351
206.067,0.362382
206.067,0.362382
206.067,0.362382
206.067,0.362382
206.067,0.362382
206.067,0.362382
206.067,0.362382
206.067,0.362382
206.067,0.362382
206.067,0.362382
206.067,0.362382
206.8,0.367938
206.8,0.367938
206.8,0.367938
206.8,0.367938
206.8,0.367938
206.8,0.367938
206.8,0.367938
206.8,0.367938
206.8,0.367938
206.8,0.367938
206.8,0.367938
207.533,0.352922
207.533,0.352922
207.533,0.352922
207.533,0.352922
207.533,0.352922
207.533,0.352922
207.533,0.352922
207.533,0.352922
207.533,0.352922
207.533,0.352922
207.533,0.352922
208.267,0.347816
208.267,0.347816
208.267,0.347816
208.267,0.347816
208.267,0.347816
208.267,0.347816
208.267,0.347816
208.267,0.347816
208.267,0.347816
208.267,0.347816
208.267,0.347816
209,0.352773
209,0.352773
209,0.352773
209,0.352773
209,0.352773
209,0.352773
209,0.352773
209,0.352773
209,0.352773
209,0.352773
209,0.352773
209.733,0.362534
209.733,0.362534
209.733,0.362534
209.733,0.362534
209.733,0.362534
209.733,0.362534
209.733,0.362534
209.733,0.362534
209.733,0.362534
209.733,0.362534
209.733,0.362534
210.467,0.369831
210.467,0.369831
210.467,0.369831
210.467,0.369831
210.467,0.369831
210.467,0.369831
210.467,0.369831
210.467,0.369831
210.467,0.369831
210.467,0.369831
210.467,0.369831
211.2,0.36962
211.2,0.36962
211.2,0.36962
211.2,0.36962
211.2,0.36962
211.2,0.36962
211.2,0.36962
211.2,0.36962
211.2,0.36962
211.2,0.36962
211.2,0.36962
211.933,0.375494
211.933,0.375494
211.933,0.375494
211.933,0.375494
211.933,0.375494
211.933,0.375494
211.933,0.375494
211.933,0.375494
211.933,0.375494
211.933,0.375494
211.933,0.375494
212.667,0.385957
212.667,0.385957
212.667,0.385957
212.667,0.385957
212.667,0.385957
212.667,0.385957
212.667,0.385957
212.667,0.385957
212.667,0.385957
212.667,0.385957
212.667,0.385957
213.4,0.404328
213.4,0.404328
213.4,0.404328
213.4,0.404328
213.4,0.404328
213.4,0.404328
213.4,0.404328
213.4,0.404328
213.4,0.404328
213.4,0.404328
213.4,0.404328
214.133,0.409755
214.133,0.409755
214.133,0.409755
214.133,0.409755
214.133,0.409755
214.133,0.409755
214.133,0.409755
214.133,0.409755
214.133,0.409755
214.133,0.409755
214.133,0.409755
214.867,0.412287
214.867,0.412287
214.867,0.412287
214.867,0.412287
214.867,0.412287
214.867,0.412287
214.867,0.412287
214.867,0.412287
214.867,0.412287
214.867,0.412287
214.867,0.412287
215.6,0.416621
215.6,0.416621
215.6,0.416621
215.6,0.416621
215.6,0.416621
215.6,0.416621
215.6,0.416621
215.6,0.416621
215.6,0.416621
215.6,0.416621
215.6,0.416621
216.333,0.413423
216.333,0.413423
216.333,0.413423
216.333,0.413423
216.333,0.413423
216.333,0.413423
216.333,0.413423
216.333,0.413423
216.333,0.413423
216.333,0.413423
216.333,0.413423
217.067,0.414528
217.067,0.414528
217.067,0.414528
217.067,0.414528
217.067,0.414528
217.067,0.414528
217.067,0.414528
217.067,0.414528
217.067,0.414528
217.067,0.414528
217.067,0.414528
217.8,0.416084
217.8,0.416084
217.8,0.416084
217.8,0.416084
217.8,0.416084
217.8,0.416084
217.8,0.416084
217.8,0.416084
217.8,0.416084
217.8,0.416084
217.8,0.416084
218.533,0.419964
218.533,0.419964
218.533,0.419964
218.533,0.419964
218.533,0.419964
218.533,0.419964
218.533,0.419964
218.533,0.419964
218.533,0.419964
218.533,0.419964
218.533,0.419964
219.267,0.407819
219.267,0.407819
219.267,0.407819
219.267,0.407819
219.267,0.407819
219.267,0.407819
219.267,0.407819
219.267,0.407819
219.267,0.407819
219.267,0.407819
219.267,0.407819
220,0.408748
220,0.408748
220,0.408748
220,0.408748
220,0.408748
220,0.408748
220,0.408748
220,0.408748
220,0.408748
220,0.408748
220,0.408748
220.733,0.399708
220.733,0.399708
220.733,0.399708
220.733,0.399708
220.733,0.399708
220.733,0.399708
220.733,0.399708
220.733,0.399708
220.733,0.399708
220.733,0.399708
220.733,0.399708
221.467,0.400076
221.467,0.400076
221.467,0.400076
221.467,0.400076
221.467,0.400076
221.467,0.400076
221.467,0.400076
221.467,0.400076
221.467,0.400076
221.467,0.400076
221.467,0.400076
222.2,0.402984
222.2,0.402984
222.2,0.402984
222.2,0.402984
222.2,0.402984
222.2,0.402984
222.2,0.402984
222.2,0.402984
222.2,0.402984
222.2,0.402984
222.2,0.402984
222.933,0.405288
222.933,0.405288
222.933,0.405288
222.933,0.405288
222.933,0.405288
222.933,0.405288
222.933,0.405288
222.933,0.405288
222.933,0.405288
222.933,0.405288
222.933,0.405288
223.667,0.40325
223.667,0.40325
223.667,0.40325
223.667,0.40325
223.667,0.40325
223.667,0.40325
223.667,0.40325
223.667,0.40325
223.667,0.40325
223.667,0.40325
223.667,0.40325
224.4,0.405723
224.4,0.405723
224.4,0.405723
224.4,0.405723
224.4,0.405723
224.4,0.405723
224.4,0.405723
224.4,0.405723
224.4,0.405723
224.4,0.405723
224.4,0.405723
225.133,0.412146
225.133,0.412146
225.133,0.412146
225.133,0.412146
225.133,0.412146
225.133,0.412146
225.133,0.412146
225.133,0.412146
225.133,0.412146
225.133,0.412146
225.133,0.412146
225.867,0.408925
225.867,0.408925
225.867,0.408925
225.867,0.408925
225.867,0.408925
225.867,0.408925
225.867,0.408925
225.867,0.408925
225.867,0.408925
225.867,0.408925
225.867,0.408925
226.6,0.410551
226.6,0.410551
226.6,0.410551
226.6,0.410551
226.6,0.410551
226.6,0.410551
226.6,0.410551
226.6,0.410551
226.6,0.410551
226.6,0.410551
226.6,0.410551
227.333,0.409857
227.333,0.409857
227.333,0.409857
227.333,0.409857
227.333,0.409857
227.333,0.409857
227.333,0.409857
227.333,0.409857
227.333,0.409857
227.333,0.409857
227.333,0.409857
228.067,0.414999
228.067,0.414999
228.067,0.414999
228.067,0.414999
228.067,0.414999
228.067,0.414999
228.067,0.414999
228.067,0.414999
228.067,0.414999
228.067,0.414999
228.067,0.414999
228.8,0.416182
228.8,0.416182
228.8,0.416182
228.8,0.416182
228.8,0.416182
228.8,0.416182
228.8,0.416182
228.8,0.416182
228.8,0.416182
228.8,0.416182
228.8,0.416182
229.533,0.419372
229.533,0.419372
229.533,0.419372
229.533,0.419372
229.533,0.419372
229.533,0.419372
229.533,0.419372
229.533,0.419372
229.533,0.419372
229.533,0.419372
229.533,0.419372
230.267,0.420649
230.267,0.420649
230.267,0.420649
230.267,0.420649
230.267,0.420649
230.267,0.420649
230.267,0.420649
230.267,0.420649
230.267,0.420649
230.267,0.420649
230.267,0.420649
231,0.418988
231,0.418988
231,0.418988
231,0.418988
231,0.418988
231,0.418988
231,0.418988
231,0.418988
231,0.418988
231,0.418988
231,0.418988
231.733,0.412616
231.733,0.412616
231.733,0.412616
231.733,0.412616
231.733,0.412616
231.733,0.412616
231.733,0.412616
231.733,0.412616
231.733,0.412616
231.733,0.412616
231.733,0.412616
232.467,0.411476
232.467,0.411476
232.467,0.411476
232.467,0.411476
232.467,0.411476
232.467,0.411476
232.467,0.411476
232.467,0.411476
232.467,0.411476
232.467,0.411476
232.467,0.411476
233.2,0.412514
233.2,0.412514
233.2,0.412514
233.2,0.412514
233.2,0.412514
233.2,0.412514
233.2,0.412514
233.2,0.412514
233.2,0.412514
233.2,0.412514
233.2,0.412514
233.933,0.41327
233.933,0.41327
233.933,0.41327
233.933,0.41327
233.933,0.41327
233.933,0.41327
233.933,0.41327
233.933,0.41327
233.933,0.41327
233.933,0.41327
233.933,0.41327
234.667,0.411875
234.667,0.411875
234.667,0.411875
234.667,0.411875
234.667,0.411875
234.667,0.411875
234.667,0.411875
234.667,0.411875
234.667,0.411875
234.667,0.411875
234.667,0.411875
235.4,0.412353
235.4,0.412353
235.4,0.412353
235.4,0.412353
235.4,0.412353
235.4,0.412353
235.4,0.412353
235.4,0.412353
235.4,0.412353
235.4,0.412353
235.4,0.412353
236.133,0.410802
236.133,0.410802
236.133,0.410802
236.133,0.410802
236.133,0.410802
236.133,0.410802
236.133,0.410802
236.133,0.410802
236.133,0.410802
236.133,0.410802
236.133,0.410802
236.867,0.417722
236.867,0.417722
236.867,0.417722
236.867,0.417722
236.867,0.417722
236.867,0.417722
236.867,0.417722
236.867,0.417722
236.867,0.417722
236.867,0.417722
236.867,0.417722
237.6,0.416695
237.6,0.416695
237.6,0.416695
237.6,0.416695
237.6,0.416695
237.6,0.416695
237.6,0.416695
237.6,0.416695
237.6,0.416695
237.6,0.416695
237.6,0.416695
238.333,0.415006
238.333,0.415006
238.333,0.415006
238.333,0.415006
238.333,0.415006
238.333,0.415006
238.333,0.415006
238.333,0.415006
238.333,0.415006
238.333,0.415006
238.333,0.415006
239.067,0.419098
239.067,0.419098
239.067,0.419098
239.067,0.419098
239.067,0.419098
239.067,0.419098
239.067,0.419098
239.067,0.419098
239.067,0.419098
239.067,0.419098
239.067,0.419098
239.8,0.414591
239.8,0.414591
239.8,0.414591
239.8,0.414591
239.8,0.414591
239.8,0.414591
239.8,0.414591
239.8,0.414591
239.8,0.414591
239.8,0.414591
239.8,0.414591
240.533,0.41405
240.533,0.41405
240.533,0.41405
240.533,0.41405
240.533,0.41405
240.533,0.41405
240.533,0.41405
240.533,0.41405
240.533,0.41405
240.533,0.41405
240.533,0.41405
241.267,0.413807
241.267,0.413807
241.267,0.413807
241.267,0.413807
241.267,0.413807
241.267,0.413807
241.267,0.413807
241.267,0.413807
241.267,0.413807
241.267,0.413807
241.267,0.413807
242,0.415602
242,0.415602
242,0.415602
242,0.415602
242,0.415602
242,0.415602
242,0.415602
242,0.415602
242,0.415602
242,0.415602
242,0.415602
242.733,0.415375
242.733,0.415375
242.733,0.415375
242.733,0.415375
242.733,0.415375
242.733,0.415375
242.733,0.415375
242.733,0.415375
242.733,0.415375
242.733,0.415375
242.733,0.415375
243.467,0.414368
243.467,0.414368
243.467,0.414368
243.467,0.414368
243.467,0.414368
243.467,0.414368
243.467,0.414368
243.467,0.414368
243.467,0.414368
243.467,0.414368
243.467,0.414368
244.2,0.416127
244.2,0.416127
244.2,0.416127
244.2,0.416127
244.2,0.416127
244.2,0.416127
244.2,0.416127
244.2,0.416127
244.2,0.416127
244.2,0.416127
244.2,0.416127
244.933,0.40965
244.933,0.40965
244.933,0.40965
244.933,0.40965
244.933,0.40965
244.933,0.40965
244.933,0.40965
244.933,0.40965
244.933,0.40965
244.933,0.40965
244.933,0.40965
245.667,0.419427
245.667,0.419427
245.667,0.419427
245.667,0.419427
245.667,0.419427
245.667,0.419427
245.667,0.419427
245.667,0.419427
245.667,0.419427
245.667,0.419427
245.667,0.419427
246.4,0.417624
246.4,0.417624
246.4,0.417624
246.4,0.417624
246.4,0.417624
246.4,0.417624
246.4,0.417624
246.4,0.417624
246.4,0.417624
246.4,0.417624
246.4,0.417624
247.133,0.417855
247.133,0.417855
247.133,0.417855
247.133,0.417855
247.133,0.417855
247.133,0.417855
247.133,0.417855
247.133,0.417855
247.133,0.417855
247.133,0.417855
247.133,0.417855
247.867,0.420062
247.867,0.420062
247.867,0.420062
247.867,0.420062
247.867,0.420062
247.867,0.420062
247.867,0.420062
247.867,0.420062
247.867,0.420062
247.867,0.420062
247.867,0.420062
248.6,0.419007
248.6,0.419007
248.6,0.419007
248.6,0.419007
248.6,0.419007
248.6,0.419007
248.6,0.419007
248.6,0.419007
248.6,0.419007
248.6,0.419007
248.6,0.419007
249.333,0.418149
249.333,0.418149
249.333,0.418149
249.333,0.418149
249.333,0.418149
249.333,0.418149
249.333,0.418149
249.333,0.418149
249.333,0.418149
249.333,0.418149
249.333,0.418149
250.067,0.414716
250.067,0.414716
250.067,0.414716
250.067,0.414716
250.067,0.414716
250.067,0.414716
250.067,0.414716
250.067,0.414716
250.067,0.414716
250.067,0.414716
250.067,0.414716
250.8,0.412718
250.8,0.412718
250.8,0.412718
250.8,0.412718
250.8,0.412718
250.8,0.412718
250.8,0.412718
250.8,0.412718
250.8,0.412718
250.8,0.412718
250.8,0.412718
251.533,0.403775
251.533,0.403775
251.533,0.403775
251.533,0.403775
251.533,0.403775
251.533,0.403775
251.533,0.403775
251.533,0.403775
251.533,0.403775
251.533,0.403775
251.533,0.403775
252.267,0.419576
252.267,0.419576
252.267,0.419576
252.267,0.419576
252.267,0.419576
252.267,0.419576
252.267,0.419576
252.267,0.419576
252.267,0.419576
252.267,0.419576
252.267,0.419576
253,0.426132
253,0.426132
253,0.426132
253,0.426132
253,0.426132
253,0.426132
253,0.426132
253,0.426132
253,0.426132
253,0.426132
253,0.426132
253.733,0.433377
253.733,0.433377
253.733,0.433377
253.733,0.433377
253.733,0.433377
253.733,0.433377
253.733,0.433377
253.733,0.433377
253.733,0.433377
253.733,0.433377
253.733,0.433377
254.467,0.436336
254.467,0.436336
254.467,0.436336
254.467,0.436336
254.467,0.436336
254.467,0.436336
254.467,0.436336
254.467,0.436336
254.467,0.436336
254.467,0.436336
254.467,0.436336
255.2,0.444377
255.2,0.444377
255.2,0.444377
255.2,0.444377
255.2,0.444377
255.2,0.444377
255.2,0.444377
255.2,0.444377
255.2,0.444377
255.2,0.444377
255.2,0.444377
255.933,0.446243
255.933,0.446243
255.933,0.446243
255.933,0.446243
255.933,0.446243
255.933,0.446243
255.933,0.446243
255.933,0.446243
255.933,0.446243
255.933,0.446243
255.933,0.446243
256.667,0.443163
256.667,0.443163
256.667,0.443163
256.667,0.443163
256.667,0.443163
256.667,0.443163
256.667,0.443163
256.667,0.443163
256.667,0.443163
256.667,0.443163
256.667,0.443163
257.4,0.44553
257.4,0.44553
257.4,0.44553
257.4,0.44553
257.4,0.44553
257.4,0.44553
257.4,0.44553
257.4,0.44553
257.4,0.44553
257.4,0.44553
257.4,0.44553
258.133,0.443664
258.133,0.443664
258.133,0.443664
258.133,0.443664
258.133,0.443664
258.133,0.443664
258.133,0.443664
258.133,0.443664
258.133,0.443664
258.133,0.443664
258.133,0.443664
258.867,0.444554
258.867,0.444554
258.867,0.444554
258.867,0.444554
258.867,0.444554
258.867,0.444554
258.867,0.444554
258.867,0.444554
258.867,0.444554
258.867,0.444554
258.867,0.444554
259.6,0.435478
259.6,0.435478
259.6,0.435478
259.6,0.435478
259.6,0.435478
259.6,0.435478
259.6,0.435478
259.6,0.435478
259.6,0.435478
259.6,0.435478
259.6,0.435478
260.333,0.440615
260.333,0.440615
260.333,0.440615
260.333,0.440615
260.333,0.440615
260.333,0.440615
260.333,0.440615
260.333,0.440615
260.333,0.440615
260.333,0.440615
260.333,0.440615
261.067,0.44194
261.067,0.44194
261.067,0.44194
261.067,0.44194
261.067,0.44194
261.067,0.44194
261.067,0.44194
261.067,0.44194
261.067,0.44194
261.067,0.44194
261.067,0.44194
261.8,0.439636
261.8,0.439636
261.8,0.439636
261.8,0.439636
261.8,0.439636
261.8,0.439636
261.8,0.439636
261.8,0.439636
261.8,0.439636
261.8,0.439636
261.8,0.439636
262.533,0.441403
262.533,0.441403
262.533,0.441403
262.533,0.441403
262.533,0.441403
262.533,0.441403
262.533,0.441403
262.533,0.441403
262.533,0.441403
262.533,0.441403
262.533,0.441403
263.267,0.44049
263.267,0.44049
263.267,0.44049
263.267,0.44049
263.267,0.44049
263.267,0.44049
263.267,0.44049
263.267,0.44049
263.267,0.44049
263.267,0.44049
263.267,0.44049
264,0.438789
264,0.438789
264,0.438789
264,0.438789
264,0.438789
264,0.438789
264,0.438789
264,0.438789
264,0.438789
264,0.438789
264,0.438789
264.733,0.438491
264.733,0.438491
264.733,0.438491
264.733,0.438491
264.733,0.438491
264.733,0.438491
264.733,0.438491
264.733,0.438491
264.733,0.438491
264.733,0.438491
264.733,0.438491
265.467,0.433711
265.467,0.433711
265.467,0.433711
265.467,0.433711
265.467,0.433711
265.467,0.433711
265.467,0.433711
265.467,0.433711
265.467,0.433711
265.467,0.433711
265.467,0.433711
266.2,0.440157
266.2,0.440157
266.2,0.440157
266.2,0.440157
266.2,0.440157
266.2,0.440157
266.2,0.440157
266.2,0.440157
266.2,0.440157
266.2,0.440157
266.2,0.440157
266.933,0.439322
266.933,0.439322
266.933,0.439322
266.933,0.439322
266.933,0.439322
266.933,0.439322
266.933,0.439322
266.933,0.439322
266.933,0.439322
266.933,0.439322
266.933,0.439322
267.667,0.438809
267.667,0.438809
267.667,0.438809
267.667,0.438809
267.667,0.438809
267.667,0.438809
267.667,0.438809
267.667,0.438809
267.667,0.438809
267.667,0.438809
267.667,0.438809
268.4,0.429047
268.4,0.429047
268.4,0.429047
268.4,0.429047
268.4,0.429047
268.4,0.429047
268.4,0.429047
268.4,0.429047
268.4,0.429047
268.4,0.429047
268.4,0.429047
269.133,0.433319
269.133,0.433319
269.133,0.433319
269.133,0.433319
269.133,0.433319
269.133,0.433319
269.133,0.433319
269.133,0.433319
269.133,0.433319
269.133,0.433319
269.133,0.433319
269.867,0.43623
269.867,0.43623
269.867,0.43623
269.867,0.43623
269.867,0.43623
269.867,0.43623
269.867,0.43623
269.867,0.43623
269.867,0.43623
269.867,0.43623
269.867,0.43623
270.6,0.438464
270.6,0.438464
270.6,0.438464
270.6,0.438464
270.6,0.438464
270.6,0.438464
270.6,0.438464
270.6,0.438464
270.6,0.438464
270.6,0.438464
270.6,0.438464
271.333,0.432899
271.333,0.432899
271.333,0.432899
271.333,0.432899
271.333,0.432899
271.333,0.432899
271.333,0.432899
271.333,0.432899
271.333,0.432899
271.333,0.432899
271.333,0.432899
272.067,0.435004
272.067,0.435004
272.067,0.435004
272.067,0.435004
272.067,0.435004
272.067,0.435004
272.067,0.435004
272.067,0.435004
272.067,0.435004
272.067,0.435004
272.067,0.435004
272.8,0.43839
272.8,0.43839
272.8,0.43839
272.8,0.43839
272.8,0.43839
272.8,0.43839
272.8,0.43839
272.8,0.43839
272.8,0.43839
272.8,0.43839
272.8,0.43839
273.533,0.438695
273.533,0.438695
273.533,0.438695
273.533,0.438695
273.533,0.438695
273.533,0.438695
273.533,0.438695
273.533,0.438695
273.533,0.438695
273.533,0.438695
273.533,0.438695
274.267,0.439083
274.267,0.439083
274.267,0.439083
274.267,0.439083
274.267,0.439083
274.267,0.439083
274.267,0.439083
274.267,0.439083
274.267,0.439083
274.267,0.439083
274.267,0.439083
275,0.438958
275,0.438958
275,0.438958
275,0.438958
275,0.438958
275,0.438958
275,0.438958
275,0.438958
275,0.438958
275,0.438958
275,0.438958
275.733,0.440643
275.733,0.440643
275.733,0.440643
275.733,0.440643
275.733,0.440643
275.733,0.440643
275.733,0.440643
275.733,0.440643
275.733,0.440643
275.733,0.440643
275.733,0.440643
276.467,0.446556
276.467,0.446556
276.467,0.446556
276.467,0.446556
276.467,0.446556
276.467,0.446556
276.467,0.446556
276.467,0.446556
276.467,0.446556
276.467,0.446556
276.467,0.446556
277.2,0.453034
277.2,0.453034
277.2,0.453034
277.2,0.453034
277.2,0.453034
277.2,0.453034
277.2,0.453034
277.2,0.453034
277.2,0.453034
277.2,0.453034
277.2,0.453034
277.933,0.462368
277.933,0.462368
277.933,0.462368
277.933,0.462368
277.933,0.462368
277.933,0.462368
277.933,0.462368
277.933,0.462368
277.933,0.462368
277.933,0.462368
277.933,0.462368
278.667,0.467533
278.667,0.467533
278.667,0.467533
278.667,0.467533
278.667,0.467533
278.667,0.467533
278.667,0.467533
278.667,0.467533
278.667,0.467533
278.667,0.467533
278.667,0.467533
279.4,0.456725
279.4,0.456725
279.4,0.456725
279.4,0.456725
279.4,0.456725
279.4,0.456725
279.4,0.456725
279.4,0.456725
279.4,0.456725
279.4,0.456725
279.4,0.456725
280.133,0.445592
280.133,0.445592
280.133,0.445592
280.133,0.445592
280.133,0.445592
280.133,0.445592
280.133,0.445592
280.133,0.445592
280.133,0.445592
280.133,0.445592
280.133,0.445592
280.867,0.444863
280.867,0.444863
280.867,0.444863
280.867,0.444863
280.867,0.444863
280.867,0.444863
280.867,0.444863
280.867,0.444863
280.867,0.444863
280.867,0.444863
280.867,0.444863
281.6,0.419964
281.6,0.419964
281.6,0.419964
281.6,0.419964
281.6,0.419964
281.6,0.419964
281.6,0.419964
281.6,0.419964
281.6,0.419964
281.6,0.419964
281.6,0.419964
282.333,0.405684
282.333,0.405684
282.333,0.405684
282.333,0.405684
282.333,0.405684
282.333,0.405684
282.333,0.405684
282.333,0.405684
282.333,0.405684
282.333,0.405684
282.333,0.405684
283.067,0.369529
283.067,0.369529
283.067,0.369529
283.067,0.369529
283.067,0.369529
283.067,0.369529
283.067,0.369529
283.067,0.369529
283.067,0.369529
283.067,0.369529
283.067,0.369529
283.8,0.365595
283.8,0.365595
283.8,0.365595
283.8,0.365595
283.8,0.365595
283.8,0.365595
283.8,0.365595
283.8,0.365595
283.8,0.365595
283.8,0.365595
283.8,0.365595
284.533,0.352103
284.533,0.352103
284.533,0.352103
284.533,0.352103
284.533,0.352103
284.533,0.352103
284.533,0.352103
284.533,0.352103
284.533,0.352103
284.533,0.352103
284.533,0.352103
285.267,0.344379
285.267,0.344379
285.267,0.344379
285.267,0.344379
285.267,0.344379
285.267,0.344379
285.267,0.344379
285.267,0.344379
285.267,0.344379
285.267,0.344379
285.267,0.344379
286,0.325828
286,0.325828
286,0.325828
286,0.325828
286,0.325828
286,0.325828
286,0.325828
286,0.325828
286,0.325828
286,0.325828
286,0.325828
286.733,0.336346
286.733,0.336346
286.733,0.336346
286.733,0.336346
286.733,0.336346
286.733,0.336346
286.733,0.336346
286.733,0.336346
286.733,0.336346
286.733,0.336346
286.733,0.336346
287.467,0.336926
287.467,0.336926
287.467,0.336926
287.467,0.336926
287.467,0.336926
287.467,0.336926
287.467,0.336926
287.467,0.336926
287.467,0.336926
287.467,0.336926
287.467,0.336926
288.2,0.306038
288.2,0.306038
288.2,0.306038
288.2,0.306038
288.2,0.306038
288.2,0.306038
288.2,0.306038
288.2,0.306038
288.2,0.306038
288.2,0.306038
288.2,0.306038
288.933,0.263821
288.933,0.263821
288.933,0.263821
288.933,0.263821
288.933,0.263821
288.933,0.263821
288.933,0.263821
288.933,0.263821
288.933,0.263821
288.933,0.263821
288.933,0.263821
289.667,0.268677
289.667,0.268677
289.667,0.268677
289.667,0.268677
289.667,0.268677
289.667,0.268677
289.667,0.268677
289.667,0.268677
289.667,0.268677
289.667,0.268677
289.667,0.268677
290.4,0.274547
290.4,0.274547
290.4,0.274547
290.4,0.274547
290.4,0.274547
290.4,0.274547
290.4,0.274547
290.4,0.274547
290.4,0.274547
290.4,0.274547
290.4,0.274547
291.133,0.281115
291.133,0.281115
291.133,0.281115
291.133,0.281115
291.133,0.281115
291.133,0.281115
291.133,0.281115
291.133,0.281115
291.133,0.281115
291.133,0.281115
291.133,0.281115
291.867,0.269825
291.867,0.269825
291.867,0.269825
291.867,0.269825
291.867,0.269825
291.867,0.269825
291.867,0.269825
291.867,0.269825
291.867,0.269825
291.867,0.269825
291.867,0.269825
292.6,0.252998
292.6,0.252998
292.6,0.252998
292.6,0.252998
292.6,0.252998
292.6,0.252998
292.6,0.252998
292.6,0.252998
292.6,0.252998
292.6,0.252998
292.6,0.252998
293.333,0.237288
293.333,0.237288
293.333,0.237288
293.333,0.237288
293.333,0.237288
293.333,0.237288
293.333,0.237288
293.333,0.237288
293.333,0.237288
293.333,0.237288
293.333,0.237288
294.067,0.252637
294.067,0.252637
294.067,0.252637
294.067,0.252637
294.067,0.252637
294.067,0.252637
294.067,0.252637
294.067,0.252637
294.067,0.252637
294.067,0.252637
294.067,0.252637
294.8,0.268888
294.8,0.268888
294.8,0.268888
294.8,0.268888
294.8,0.268888
294.8,0.268888
294.8,0.268888
294.8,0.268888
294.8,0.268888
294.8,0.268888
294.8,0.268888
295.533,0.305458
295.533,0.305458
295.533,0.305458
295.533,0.305458
295.533,0.305458
295.533,0.305458
295.533,0.305458
295.533,0.305458
295.533,0.305458
295.533,0.305458
295.533,0.305458
296.267,0.300399
296.267,0.300399
296.267,0.300399
296.267,0.300399
296.267,0.300399
296.267,0.300399
296.267,0.300399
296.267,0.300399
296.267,0.300399
296.267,0.300399
296.267,0.300399
297,0.31426
297,0.31426
297,0.31426
297,0.31426
297,0.31426
297,0.31426
297,0.31426
297,0.31426
297,0.31426
297,0.31426
297,0.31426
297.733,0.278434
297.733,0.278434
297.733,0.278434
297.733,0.278434
297.733,0.278434
297.733,0.278434
297.733,0.278434
297.733,0.278434
297.733,0.278434
297.733,0.278434
297.733,0.278434
298.467,0.263218
298.467,0.263218
298.467,0.263218
298.467,0.263218
298.467,0.263218
298.467,0.263218
298.467,0.263218
298.467,0.263218
298.467,0.263218
298.467,0.263218
298.467,0.263218
299.2,0.249542
299.2,0.249542
299.2,0.249542
299.2,0.249542
299.2,0.249542
299.2,0.249542
299.2,0.249542
299.2,0.249542
299.2,0.249542
299.2,0.249542
299.2,0.249542
299.933,0.249216
299.933,0.249216
299.933,0.249216
299.933,0.249216
299.933,0.249216
299.933,0.249216
299.933,0.249216
299.933,0.249216
299.933,0.249216
299.933,0.249216
299.933,0.249216
300.667,0.256909
300.667,0.256909
300.667,0.256909
300.667,0.256909
300.667,0.256909
300.667,0.256909
300.667,0.256909
300.667,0.256909
300.667,0.256909
300.667,0.256909
300.667,0.256909
301.4,0.280131
301.4,0.280131
301.4,0.280131
301.4,0.280131
301.4,0.280131
301.4,0.280131
301.4,0.280131
301.4,0.280131
301.4,0.280131
301.4,0.280131
301.4,0.280131
302.133,0.312861
302.133,0.312861
302.133,0.312861
302.133,0.312861
302.133,0.312861
302.133,0.312861
302.133,0.312861
302.133,0.312861
302.133,0.312861
302.133,0.312861
302.133,0.312861
302.867,0.304169
302.867,0.304169
302.867,0.304169
302.867,0.304169
302.867,0.304169
302.867,0.304169
302.867,0.304169
302.867,0.304169
302.867,0.304169
302.867,0.304169
302.867,0.304169
303.6,0.288917
303.6,0.288917
303.6,0.288917
303.6,0.288917
303.6,0.288917
303.6,0.288917
303.6,0.288917
303.6,0.288917
303.6,0.288917
303.6,0.288917
303.6,0.288917
304.333,0.330985
304.333,0.330985
304.333,0.330985
304.333,0.330985
304.333,0.330985
304.333,0.330985
304.333,0.330985
304.333,0.330985
304.333,0.330985
304.333,0.330985
304.333,0.330985
305.067,0.338787
305.067,0.338787
305.067,0.338787
305.067,0.338787
305.067,0.338787
305.067,0.338787
305.067,0.338787
305.067,0.338787
305.067,0.338787
305.067,0.338787
305.067,0.338787
305.8,0.328731
305.8,0.328731
305.8,0.328731
305.8,0.328731
305.8,0.328731
305.8,0.328731
305.8,0.328731
305.8,0.328731
305.8,0.328731
305.8,0.328731
305.8,0.328731
306.533,0.304545
306.533,0.304545
306.533,0.304545
306.533,0.304545
306.533,0.304545
306.533,0.304545
306.533,0.304545
306.533,0.304545
306.533,0.304545
306.533,0.304545
306.533,0.304545
307.267,0.27265
307.267,0.27265
307.267,0.27265
307.267,0.27265
307.267,0.27265
307.267,0.27265
307.267,0.27265
307.267,0.27265
307.267,0.27265
307.267,0.27265
307.267,0.27265
308,0.230802
308,0.230802
308,0.230802
308,0.230802
308,0.230802
308,0.230802
308,0.230802
308,0.230802
308,0.230802
308,0.230802
308,0.230802
308.733,0.243224
308.733,0.243224
308.733,0.243224
308.733,0.243224
308.733,0.243224
308.733,0.243224
308.733,0.243224
308.733,0.243224
308.733,0.243224
308.733,0.243224
308.733,0.243224
309.467,0.241947
309.467,0.241947
309.467,0.241947
309.467,0.241947
309.467,0.241947
309.467,0.241947
309.467,0.241947
309.467,0.241947
309.467,0.241947
309.467,0.241947
309.467,0.241947
310.2,0.254123
310.2,0.254123
310.2,0.254123
310.2,0.254123
310.2,0.254123
310.2,0.254123
310.2,0.254123
310.2,0.254123
310.2,0.254123
310.2,0.254123
310.2,0.254123
310.933,0.217843
310.933,0.217843
310.933,0.217843
310.933,0.217843
310.933,0.217843
310.933,0.217843
310.933,0.217843
310.933,0.217843
310.933,0.217843
310.933,0.217843
310.933,0.217843
311.667,0.168749
311.667,0.168749
311.667,0.168749
311.667,0.168749
311.667,0.168749
311.667,0.168749
311.667,0.168749
311.667,0.168749
311.667,0.168749
311.667,0.168749
311.667,0.168749
312.4,0.166456
312.4,0.166456
312.4,0.166456
312.4,0.166456
312.4,0.166456
312.4,0.166456
312.4,0.166456
312.4,0.166456
312.4,0.166456
312.4,0.166456
312.4,0.166456
313.133,0.154583
313.133,0.154583
313.133,0.154583
313.133,0.154583
313.133,0.154583
313.133,0.154583
313.133,0.154583
313.133,0.154583
313.133,0.154583
313.133,0.154583
313.133,0.154583
313.867,0.177394
313.867,0.177394
313.867,0.177394
313.867,0.177394
313.867,0.177394
313.867,0.177394
313.867,0.177394
313.867,0.177394
313.867,0.177394
313.867,0.177394
313.867,0.177394
314.6,0.234686
314.6,0.234686
314.6,0.234686
314.6,0.234686
314.6,0.234686
314.6,0.234686
314.6,0.234686
314.6,0.234686
314.6,0.234686
314.6,0.234686
314.6,0.234686
315.333,0.23737
315.333,0.23737
315.333,0.23737
315.333,0.23737
315.333,0.23737
315.333,0.23737
315.333,0.23737
315.333,0.23737
315.333,0.23737
315.333,0.23737
315.333,0.23737
316.067,0.203806
316.067,0.203806
316.067,0.203806
316.067,0.203806
316.067,0.203806
316.067,0.203806
316.067,0.203806
316.067,0.203806
316.067,0.203806
316.067,0.203806
316.067,0.203806
316.8,0.17052
316.8,0.17052
316.8,0.17052
316.8,0.17052
316.8,0.17052
316.8,0.17052
316.8,0.17052
316.8,0.17052
316.8,0.17052
316.8,0.17052
316.8,0.17052
317.533,0.11875
317.533,0.11875
317.533,0.11875
317.533,0.11875
317.533,0.11875
317.533,0.11875
317.533,0.11875
317.533,0.11875
317.533,0.11875
317.533,0.11875
317.533,0.11875
318.267,0.063946
318.267,0.063946
318.267,0.063946
318.267,0.063946
318.267,0.063946
318.267,0.063946
318.267,0.063946
318.267,0.063946
318.267,0.063946
318.267,0.063946
318.267,0.063946
319,0.0115211
319,0.0115211
319,0.0115211
319,0.0115211
319,0.0115211
319,0.0115211
319,0.0115211
319,0.0115211
319,0.0115211
319,0.0115211
319,0.0115211
319.733,0.00107374
319.733,0.00107374
319.733,0.00107374
319.733,0.00107374
319.733,0.00107374
319.733,0.00107374
319.733,0.00107374
319.733,0.00107374
319.733,0.00107374
319.733,0.00107374
319.733,0.00107374
320.467,0.000693617
320.467,0.000693617
320.467,0.000693617
320.467,0.000693617
320.467,0.000693617
320.467,0.000693617
320.467,0.000693617
320.467,0.000693617
320.467,0.000693617
320.467,0.000693617
320.467,0.000693617
321.2,0.000987523
321.2,0.000987523
321.2,0.000987523
321.2,0.000987523
321.2,0.000987523
321.2,0.000987523
321.2,0.000987523
321.2,0.000987523
321.2,0.000987523
321.2,0.000987523
321.2,0.000987523
321.933,0.00153615
321.933,0.00153615
321.933,0.00153615
321.933,0.00153615
321.933,0.00153615
321.933,0.00153615
321.933,0.00153615
321.933,0.00153615
321.933,0.00153615
321.933,0.00153615
321.933,0.00153615
322.667,0.00216706
322.667,0.00216706
322.667,0.00216706
322.667,0.00216706
322.667,0.00216706
322.667,0.00216706
322.667,0.00216706
322.667,0.00216706
322.667,0.00216706
322.667,0.00216706
322.667,0.00216706
323.4,0.00252759
323.4,0.00252759
323.4,0.00252759
323.4,0.00252759
323.4,0.00252759
323.4,0.00252759
323.4,0.00252759
323.4,0.00252759
323.4,0.00252759
323.4,0.00252759
323.4,0.00252759
324.133,0.00329174
324.133,0.00329174
324.133,0.00329174
324.133,0.00329174
324.133,0.00329174
324.133,0.00329174
324.133,0.00329174
324.133,0.00329174
324.133,0.00329174
324.133,0.00329174
324.133,0.00329174
324.867,0.00291554
324.867,0.00291554
324.867,0.00291554
324.867,0.00291554
324.867,0.00291554
324.867,0.00291554
324.867,0.00291554
324.867,0.00291554
324.867,0.00291554
324.867,0.00291554
324.867,0.00291554
325.6,0.00260204
325.6,0.00260204
325.6,0.00260204
325.6,0.00260204
325.6,0.00260204
325.6,0.00260204
325.6,0.00260204
325.6,0.00260204
325.6,0.00260204
325.6,0.00260204
325.6,0.00260204
326.333,0.00220625
326.333,0.00220625
326.333,0.00220625
326.333,0.00220625
326.333,0.00220625
326.333,0.00220625
326.333,0.00220625
326.333,0.00220625
326.333,0.00220625
326.333,0.00220625
326.333,0.00220625
327.067,0.0018183
327.067,0.0018183
327.067,0.0018183
327.067,0.0018183
327.067,0.0018183
327.067,0.0018183
327.067,0.0018183
327.067,0.0018183
327.067,0.0018183
327.067,0.0018183
327.067,0.0018183
327.8,0.0208595
327.8,0.0208595
327.8,0.0208595
327.8,0.0208595
327.8,0.0208595
327.8,0.0208595
327.8,0.0208595
327.8,0.0208595
327.8,0.0208595
327.8,0.0208595
327.8,0.0208595
328.533,0.0720931
328.533,0.0720931
328.533,0.0720931
328.533,0.0720931
328.533,0.0720931
328.533,0.0720931
328.533,0.0720931
328.533,0.0720931
328.533,0.0720931
328.533,0.0720931
328.533,0.0720931
329.267,0.100128
329.267,0.100128
329.267,0.100128
329.267,0.100128
329.267,0.100128
329.267,0.100128
329.267,0.100128
329.267,0.100128
329.267,0.100128
329.267,0.100128
329.267,0.100128
330,0.0839825
330,0.0839825
330,0.0839825
330,0.0839825
330,0.0839825
330,0.0839825
330,0.0839825
330,0.0839825
330,0.0839825
330,0.0839825
330,0.0839825
330.733,0.0591573
330.733,0.0591573
330.733,0.0591573
330.733,0.0591573
330.733,0.0591573
330.733,0.0591573
330.733,0.0591573
330.733,0.0591573
330.733,0.0591573
330.733,0.0591573
330.733,0.0591573
331.467,0.0592435
331.467,0.0592435
331.467,0.0592435
331.467,0.0592435
331.467,0.0592435
331.467,0.0592435
331.467,0.0592435
331.467,0.0592435
331.467,0.0592435
331.467,0.0592435
331.467,0.0592435
332.2,0.0819291
332.2,0.0819291
332.2,0.0819291
332.2,0.0819291
332.2,0.0819291
332.2,0.0819291
332.2,0.0819291
332.2,0.0819291
332.2,0.0819291
332.2,0.0819291
332.2,0.0819291
332.933,0.0850994
332.933,0.0850994
332.933,0.0850994
332.933,0.0850994
332.933,0.0850994
332.933,0.0850994
332.933,0.0850994
332.933,0.0850994
332.933,0.0850994
332.933,0.0850994
332.933,0.0850994
333.667,0.0658858
333.667,0.0658858
333.667,0.0658858
333.667,0.0658858
333.667,0.0658858
333.667,0.0658858
333.667,0.0658858
333.667,0.0658858
333.667,0.0658858
333.667,0.0658858
333.667,0.0658858
334.4,0.0139586
334.4,0.0139586
334.4,0.0139586
334.4,0.0139586
334.4,0.0139586
334.4,0.0139586
334.4,0.0139586
334.4,0.0139586
334.4,0.0139586
334.4,0.0139586
334.4,0.0139586
335.133,0.00749263
335.133,0.00749263
335.133,0.00749263
335.133,0.00749263
335.133,0.00749263
335.133,0.00749263
335.133,0.00749263
335.133,0.00749263
335.133,0.00749263
335.133,0.00749263
335.133,0.00749263
335.867,0.0093266
335.867,0.0093266
335.867,0.0093266
335.867,0.0093266
335.867,0.0093266
335.867,0.0093266
335.867,0.0093266
335.867,0.0093266
335.867,0.0093266
335.867,0.0093266
335.867,0.0093266
336.6,0.0178342
336.6,0.0178342
336.6,0.0178342
336.6,0.0178342
336.6,0.0178342
336.6,0.0178342
336.6,0.0178342
336.6,0.0178342
336.6,0.0178342
336.6,0.0178342
336.6,0.0178342
337.333,0.0355195
337.333,0.0355195
337.333,0.0355195
337.333,0.0355195
337.333,0.0355195
337.333,0.0355195
337.333,0.0355195
337.333,0.0355195
337.333,0.0355195
337.333,0.0355195
337.333,0.0355195
338.067,0.0943202
338.067,0.0943202
338.067,0.0943202
338.067,0.0943202
338.067,0.0943202
338.067,0.0943202
338.067,0.0943202
338.067,0.0943202
338.067,0.0943202
338.067,0.0943202
338.067,0.0943202
338.8,0.091146
338.8,0.091146
338.8,0.091146
338.8,0.091146
338.8,0.091146
338.8,0.091146
338.8,0.091146
338.8,0.091146
338.8,0.091146
338.8,0.091146
338.8,0.091146
339.533,0.071709
339.533,0.071709
339.533,0.071709
339.533,0.071709
339.533,0.071709
339.533,0.071709
339.533,0.071709
339.533,0.071709
339.533,0.071709
339.533,0.071709
339.533,0.071709
340.267,0.0465194
340.267,0.0465194
340.267,0.0465194
340.267,0.0465194
340.267,0.0465194
340.267,0.0465194
340.267,0.0465194
340.267,0.0465194
340.267,0.0465194
340.267,0.0465194
340.267,0.0465194
341,0.0212396
341,0.0212396
341,0.0212396
341,0.0212396
341,0.0212396
341,0.0212396
341,0.0212396
341,0.0212396
341,0.0212396
341,0.0212396
341,0.0212396
341.733,0.00126967
341.733,0.00126967
341.733,0.00126967
341.733,0.00126967
341.733,0.00126967
341.733,0.00126967
341.733,0.00126967
341.733,0.00126967
341.733,0.00126967
341.733,0.00126967
341.733,0.00126967
342.467,0.00279406
342.467,0.00279406
342.467,0.00279406
342.467,0.00279406
342.467,0.00279406
342.467,0.00279406
342.467,0.00279406
342.467,0.00279406
342.467,0.00279406
342.467,0.00279406
342.467,0.00279406
343.2,0.00270001
343.2,0.00270001
343.2,0.00270001
343.2,0.00270001
343.2,0.00270001
343.2,0.00270001
343.2,0.00270001
343.2,0.00270001
343.2,0.00270001
343.2,0.00270001
343.2,0.00270001
343.933,0.00277447
343.933,0.00277447
343.933,0.00277447
343.933,0.00277447
343.933,0.00277447
343.933,0.00277447
343.933,0.00277447
343.933,0.00277447
343.933,0.00277447
343.933,0.00277447
343.933,0.00277447
344.667,0.00245313
344.667,0.00245313
344.667,0.00245313
344.667,0.00245313
344.667,0.00245313
344.667,0.00245313
344.667,0.00245313
344.667,0.00245313
344.667,0.00245313
344.667,0.00245313
344.667,0.00245313
345.4,0.00252367
345.4,0.00252367
345.4,0.00252367
345.4,0.00252367
345.4,0.00252367
345.4,0.00252367
345.4,0.00252367
345.4,0.00252367
345.4,0.00252367
345.4,0.00252367
345.4,0.00252367
346.133,0.00287636
346.133,0.00287636
346.133,0.00287636
346.133,0.00287636
346.133,0.00287636
346.133,0.00287636
346.133,0.00287636
346.133,0.00287636
346.133,0.00287636
346.133,0.00287636
346.133,0.00287636
346.867,0.00249624
346.867,0.00249624
346.867,0.00249624
346.867,0.00249624
346.867,0.00249624
346.867,0.00249624
346.867,0.00249624
346.867,0.00249624
346.867,0.00249624
346.867,0.00249624
346.867,0.00249624
347.6,0.00244921
347.6,0.00244921
347.6,0.00244921
347.6,0.00244921
347.6,0.00244921
347.6,0.00244921
347.6,0.00244921
347.6,0.00244921
347.6,0.00244921
347.6,0.00244921
347.6,0.00244921
348.333,0.0021749
348.333,0.0021749
348.333,0.0021749
348.333,0.0021749
348.333,0.0021749
348.333,0.0021749
348.333,0.0021749
348.333,0.0021749
348.333,0.0021749
348.333,0.0021749
348.333,0.0021749
349.067,0.00199072
349.067,0.00199072
349.067,0.00199072
349.067,0.00199072
349.067,0.00199072
349.067,0.00199072
349.067,0.00199072
349.067,0.00199072
349.067,0.00199072
349.067,0.00199072
349.067,0.00199072
349.8,0.00229638
349.8,0.00229638
349.8,0.00229638
349.8,0.00229638
349.8,0.00229638
349.8,0.00229638
349.8,0.00229638
349.8,0.00229638
349.8,0.00229638
349.8,0.00229638
349.8,0.00229638
350.533,0.0157612
350.533,0.0157612
350.533,0.0157612
350.533,0.0157612
350.533,0.0157612
350.533,0.0157612
350.533,0.0157612
350.533,0.0157612
350.533,0.0157612
350.533,0.0157612
350.533,0.0157612
351.267,0.0557127
351.267,0.0557127
351.267,0.0557127
351.267,0.0557127
351.267,0.0557127
351.267,0.0557127
351.267,0.0557127
351.267,0.0557127
351.267,0.0557127
351.267,0.0557127
351.267,0.0557127
352,0.0592984
352,0.0592984
352,0.0592984
352,0.0592984
352,0.0592984
352,0.0592984
352,0.0592984
352,0.0592984
352,0.0592984
352,0.0592984
352,0.0592984
352.733,0.0805145
352.733,0.0805145
352.733,0.0805145
352.733,0.0805145
352.733,0.0805145
352.733,0.0805145
352.733,0.0805145
352.733,0.0805145
352.733,0.0805145
352.733,0.0805145
352.733,0.0805145
353.467,0.108059
353.467,0.108059
353.467,0.108059
353.467,0.108059
353.467,0.108059
353.467,0.108059
353.467,0.108059
353.467,0.108059
353.467,0.108059
353.467,0.108059
353.467,0.108059
354.2,0.112503
354.2,0.112503
354.2,0.112503
354.2,0.112503
354.2,0.112503
354.2,0.112503
354.2,0.112503
354.2,0.112503
354.2,0.112503
354.2,0.112503
354.2,0.112503
354.933,0.112515
354.933,0.112515
354.933,0.112515
354.933,0.112515
354.933,0.112515
354.933,0.112515
354.933,0.112515
354.933,0.112515
354.933,0.112515
354.933,0.112515
354.933,0.112515
355.667,0.145679
355.667,0.145679
355.667,0.145679
355.667,0.145679
355.667,0.145679
355.667,0.145679
355.667,0.145679
355.667,0.145679
355.667,0.145679
355.667,0.145679
355.667,0.145679
356.4,0.147901
356.4,0.147901
356.4,0.147901
356.4,0.147901
356.4,0.147901
356.4,0.147901
356.4,0.147901
356.4,0.147901
356.4,0.147901
356.4,0.147901
356.4,0.147901
357.133,0.182433
357.133,0.182433
357.133,0.182433
357.133,0.182433
357.133,0.182433
357.133,0.182433
357.133,0.182433
357.133,0.182433
357.133,0.182433
357.133,0.182433
357.133,0.182433
357.867,0.194871
357.867,0.194871
357.867,0.194871
357.867,0.194871
357.867,0.194871
357.867,0.194871
357.867,0.194871
357.867,0.194871
357.867,0.194871
357.867,0.194871
357.867,0.194871
358.6,0.197301
358.6,0.197301
358.6,0.197301
358.6,0.197301
358.6,0.197301
358.6,0.197301
358.6,0.197301
358.6,0.197301
358.6,0.197301
358.6,0.197301
358.6,0.197301
359.333,0.217431
359.333,0.217431
359.333,0.217431
359.333,0.217431
359.333,0.217431
359.333,0.217431
359.333,0.217431
359.333,0.217431
359.333,0.217431
359.333,0.217431
359.333,0.217431
360.067,0.232334
360.067,0.232334
360.067,0.232334
360.067,0.232334
360.067,0.232334
360.067,0.232334
360.067,0.232334
360.067,0.232334
360.067,0.232334
360.067,0.232334
360.067,0.232334
360.8,0.239255
360.8,0.239255
360.8,0.239255
360.8,0.239255
360.8,0.239255
360.8,0.239255
360.8,0.239255
360.8,0.239255
360.8,0.239255
360.8,0.239255
360.8,0.239255
361.533,0.276393
361.533,0.276393
361.533,0.276393
361.533,0.276393
361.533,0.276393
361.533,0.276393
361.533,0.276393
361.533,0.276393
361.533,0.276393
361.533,0.276393
361.533,0.276393
362.267,0.297193
362.267,0.297193
362.267,0.297193
362.267,0.297193
362.267,0.297193
362.267,0.297193
362.267,0.297193
362.267,0.297193
362.267,0.297193
362.267,0.297193
362.267,0.297193
363,0.316913
363,0.316913
363,0.316913
363,0.316913
363,0.316913
363,0.316913
363,0.316913
363,0.316913
363,0.316913
363,0.316913
363,0.316913
363.733,0.314001
363.733,0.314001
363.733,0.314001
363.733,0.314001
363.733,0.314001
363.733,0.314001
363.733,0.314001
363.733,0.314001
363.733,0.314001
363.733,0.314001
363.733,0.314001
364.467,0.296821
364.467,0.296821
364.467,0.296821
364.467,0.296821
364.467,0.296821
364.467,0.296821
364.467,0.296821
364.467,0.296821
364.467,0.296821
364.467,0.296821
364.467,0.296821
365.2,0.284673
365.2,0.284673
365.2,0.284673
365.2,0.284673
365.2,0.284673
365.2,0.284673
365.2,0.284673
365.2,0.284673
365.2,0.284673
365.2,0.284673
365.2,0.284673
365.933,0.308189
365.933,0.308189
365.933,0.308189
365.933,0.308189
365.933,0.308189
365.933,0.308189
365.933,0.308189
365.933,0.308189
365.933,0.308189
365.933,0.308189
365.933,0.308189
366.667,0.330107
366.667,0.330107
366.667,0.330107
366.667,0.330107
366.667,0.330107
366.667,0.330107
366.667,0.330107
366.667,0.330107
366.667,0.330107
366.667,0.330107
366.667,0.330107
367.4,0.337129
367.4,0.337129
367.4,0.337129
367.4,0.337129
367.4,0.337129
367.4,0.337129
367.4,0.337129
367.4,0.337129
367.4,0.337129
367.4,0.337129
367.4,0.337129
368.133,0.344034
368.133,0.344034
368.133,0.344034
368.133,0.344034
368.133,0.344034
368.133,0.344034
368.133,0.344034
368.133,0.344034
368.133,0.344034
368.133,0.344034
368.133,0.344034
368.867,0.369428
368.867,0.369428
368.867,0.369428
368.867,0.369428
368.867,0.369428
368.867,0.369428
368.867,0.369428
368.867,0.369428
368.867,0.369428
368.867,0.369428
368.867,0.369428
369.6,0.378135
369.6,0.378135
369.6,0.378135
369.6,0.378135
369.6,0.378135
369.6,0.378135
369.6,0.378135
369.6,0.378135
369.6,0.378135
369.6,0.378135
369.6,0.378135
370.333,0.389006
370.333,0.389006
370.333,0.389006
370.333,0.389006
370.333,0.389006
370.333,0.389006
370.333,0.389006
370.333,0.389006
370.333,0.389006
370.333,0.389006
370.333,0.389006
371.067,0.421272
371.067,0.421272
371.067,0.421272
371.067,0.421272
371.067,0.421272
371.067,0.421272
371.067,0.421272
371.067,0.421272
371.067,0.421272
371.067,0.421272
371.067,0.421272
371.8,0.452763
371.8,0.452763
371.8,0.452763
371.8,0.452763
371.8,0.452763
371.8,0.452763
371.8,0.452763
371.8,0.452763
371.8,0.452763
371.8,0.452763
371.8,0.452763
372.533,0.455546
372.533,0.455546
372.533,0.455546
372.533,0.455546
372.533,0.455546
372.533,0.455546
372.533,0.455546
372.533,0.455546
372.533,0.455546
372.533,0.455546
372.533,0.455546
373.267,0.439694
373.267,0.439694
373.267,0.439694
373.267,0.439694
373.267,0.439694
373.267,0.439694
373.267,0.439694
373.267,0.439694
373.267,0.439694
373.267,0.439694
373.267,0.439694
374,0.443433
374,0.443433
374,0.443433
374,0.443433
374,0.443433
374,0.443433
374,0.443433
374,0.443433
374,0.443433
374,0.443433
374,0.443433
374.733,0.453884
374.733,0.453884
374.733,0.453884
374.733,0.453884
374.733,0.453884
374.733,0.453884
374.733,0.453884
374.733,0.453884
374.733,0.453884
374.733,0.453884
374.733,0.453884
375.467,0.462031
375.467,0.462031
375.467,0.462031
375.467,0.462031
375.467,0.462031
375.467,0.462031
375.467,0.462031
375.467,0.462031
375.467,0.462031
375.467,0.462031
375.467,0.462031
376.2,0.460186
376.2,0.460186
376.2,0.460186
376.2,0.460186
376.2,0.460186
376.2,0.460186
376.2,0.460186
376.2,0.460186
376.2,0.460186
376.2,0.460186
376.2,0.460186
376.933,0.462948
376.933,0.462948
376.933,0.462948
376.933,0.462948
376.933,0.462948
376.933,0.462948
376.933,0.462948
376.933,0.462948
376.933,0.462948
376.933,0.462948
376.933,0.462948
377.667,0.464567
377.667,0.464567
377.667,0.464567
377.667,0.464567
377.667,0.464567
377.667,0.464567
377.667,0.464567
377.667,0.464567
377.667,0.464567
377.667,0.464567
377.667,0.464567
378.4,0.461679
378.4,0.461679
378.4,0.461679
378.4,0.461679
378.4,0.461679
378.4,0.461679
378.4,0.461679
378.4,0.461679
378.4,0.461679
378.4,0.461679
378.4,0.461679
379.133,0.470794
379.133,0.470794
379.133,0.470794
379.133,0.470794
379.133,0.470794
379.133,0.470794
379.133,0.470794
379.133,0.470794
379.133,0.470794
379.133,0.470794
379.133,0.470794
379.867,0.466973
379.867,0.466973
379.867,0.466973
379.867,0.466973
379.867,0.466973
379.867,0.466973
379.867,0.466973
379.867,0.466973
379.867,0.466973
379.867,0.466973
379.867,0.466973
380.6,0.473815
380.6,0.473815
380.6,0.473815
380.6,0.473815
380.6,0.473815
380.6,0.473815
380.6,0.473815
380.6,0.473815
380.6,0.473815
380.6,0.473815
380.6,0.473815
381.333,0.482001
381.333,0.482001
381.333,0.482001
381.333,0.482001
381.333,0.482001
381.333,0.482001
381.333,0.482001
381.333,0.482001
381.333,0.482001
381.333,0.482001
381.333,0.482001
382.067,0.483522
382.067,0.483522
382.067,0.483522
382.067,0.483522
382.067,0.483522
382.067,0.483522
47